0 20.0 1000 20.0
0 40.0 1000 40.0
0 60.0 1000 60.0
0 80.0 1000 80.0
0 100.0 1000 100.0
0 120.0 1000 120.0
0 140.0 1000 140.0
0 160.0 1000 160.0
0 180.0 1000 180.0
0 200.0 1000 200.0
0 220.0 1000 220.0
0 240.0 1000 240.0
0 260.0 1000 260.0
0 280.0 1000 280.0
0 300.0 1000 300.0
0 320.0 1000 320.0
0 340.0 1000 340.0
0 360.0 1000 360.0
0 380.0 1000 380.0
0 400.0 1000 400.0
0 420.0 1000 420.0
0 440.0 1000 440.0
0 460.0 1000 460.0
0 480.0 1000 480.0
0 500.0 1000 500.0
0 520.0 1000 520.0
0 540.0 1000 540.0
0 560.0 1000 560.0
0 580.0 1000 580.0
0 600.0 1000 600.0
0 620.0 1000 620.0
0 640.0 1000 640.0
0 660.0 1000 660.0
0 680.0 1000 680.0
0 700.0 1000 700.0
0 720.0 1000 720.0
0 740.0 1000 740.0
0 760.0 1000 760.0
0 780.0 1000 780.0
0 800.0 1000 800.0
0 820.0 1000 820.0
0 840.0 1000 840.0
0 860.0 1000 860.0
0 880.0 1000 880.0
0 900.0 1000 900.0
0 920.0 1000 920.0
0 940.0 1000 940.0
0 960.0 1000 960.0
0 980.0 1000 980.0
0 1000.0 1000 1000.0
