0 5.0 1000 5.0
0 10.0 1000 10.0
0 15.0 1000 15.0
0 20.0 1000 20.0
0 25.0 1000 25.0
0 30.0 1000 30.0
0 35.0 1000 35.0
0 40.0 1000 40.0
0 45.0 1000 45.0
0 50.0 1000 50.0
0 55.0 1000 55.0
0 60.0 1000 60.0
0 65.0 1000 65.0
0 70.0 1000 70.0
0 75.0 1000 75.0
0 80.0 1000 80.0
0 85.0 1000 85.0
0 90.0 1000 90.0
0 95.0 1000 95.0
0 100.0 1000 100.0
0 105.0 1000 105.0
0 110.0 1000 110.0
0 115.0 1000 115.0
0 120.0 1000 120.0
0 125.0 1000 125.0
0 130.0 1000 130.0
0 135.0 1000 135.0
0 140.0 1000 140.0
0 145.0 1000 145.0
0 150.0 1000 150.0
0 155.0 1000 155.0
0 160.0 1000 160.0
0 165.0 1000 165.0
0 170.0 1000 170.0
0 175.0 1000 175.0
0 180.0 1000 180.0
0 185.0 1000 185.0
0 190.0 1000 190.0
0 195.0 1000 195.0
0 200.0 1000 200.0
0 205.0 1000 205.0
0 210.0 1000 210.0
0 215.0 1000 215.0
0 220.0 1000 220.0
0 225.0 1000 225.0
0 230.0 1000 230.0
0 235.0 1000 235.0
0 240.0 1000 240.0
0 245.0 1000 245.0
0 250.0 1000 250.0
0 255.0 1000 255.0
0 260.0 1000 260.0
0 265.0 1000 265.0
0 270.0 1000 270.0
0 275.0 1000 275.0
0 280.0 1000 280.0
0 285.0 1000 285.0
0 290.0 1000 290.0
0 295.0 1000 295.0
0 300.0 1000 300.0
0 305.0 1000 305.0
0 310.0 1000 310.0
0 315.0 1000 315.0
0 320.0 1000 320.0
0 325.0 1000 325.0
0 330.0 1000 330.0
0 335.0 1000 335.0
0 340.0 1000 340.0
0 345.0 1000 345.0
0 350.0 1000 350.0
0 355.0 1000 355.0
0 360.0 1000 360.0
0 365.0 1000 365.0
0 370.0 1000 370.0
0 375.0 1000 375.0
0 380.0 1000 380.0
0 385.0 1000 385.0
0 390.0 1000 390.0
0 395.0 1000 395.0
0 400.0 1000 400.0
0 405.0 1000 405.0
0 410.0 1000 410.0
0 415.0 1000 415.0
0 420.0 1000 420.0
0 425.0 1000 425.0
0 430.0 1000 430.0
0 435.0 1000 435.0
0 440.0 1000 440.0
0 445.0 1000 445.0
0 450.0 1000 450.0
0 455.0 1000 455.0
0 460.0 1000 460.0
0 465.0 1000 465.0
0 470.0 1000 470.0
0 475.0 1000 475.0
0 480.0 1000 480.0
0 485.0 1000 485.0
0 490.0 1000 490.0
0 495.0 1000 495.0
0 500.0 1000 500.0
0 505.0 1000 505.0
0 510.0 1000 510.0
0 515.0 1000 515.0
0 520.0 1000 520.0
0 525.0 1000 525.0
0 530.0 1000 530.0
0 535.0 1000 535.0
0 540.0 1000 540.0
0 545.0 1000 545.0
0 550.0 1000 550.0
0 555.0 1000 555.0
0 560.0 1000 560.0
0 565.0 1000 565.0
0 570.0 1000 570.0
0 575.0 1000 575.0
0 580.0 1000 580.0
0 585.0 1000 585.0
0 590.0 1000 590.0
0 595.0 1000 595.0
0 600.0 1000 600.0
0 605.0 1000 605.0
0 610.0 1000 610.0
0 615.0 1000 615.0
0 620.0 1000 620.0
0 625.0 1000 625.0
0 630.0 1000 630.0
0 635.0 1000 635.0
0 640.0 1000 640.0
0 645.0 1000 645.0
0 650.0 1000 650.0
0 655.0 1000 655.0
0 660.0 1000 660.0
0 665.0 1000 665.0
0 670.0 1000 670.0
0 675.0 1000 675.0
0 680.0 1000 680.0
0 685.0 1000 685.0
0 690.0 1000 690.0
0 695.0 1000 695.0
0 700.0 1000 700.0
0 705.0 1000 705.0
0 710.0 1000 710.0
0 715.0 1000 715.0
0 720.0 1000 720.0
0 725.0 1000 725.0
0 730.0 1000 730.0
0 735.0 1000 735.0
0 740.0 1000 740.0
0 745.0 1000 745.0
0 750.0 1000 750.0
0 755.0 1000 755.0
0 760.0 1000 760.0
0 765.0 1000 765.0
0 770.0 1000 770.0
0 775.0 1000 775.0
0 780.0 1000 780.0
0 785.0 1000 785.0
0 790.0 1000 790.0
0 795.0 1000 795.0
0 800.0 1000 800.0
0 805.0 1000 805.0
0 810.0 1000 810.0
0 815.0 1000 815.0
0 820.0 1000 820.0
0 825.0 1000 825.0
0 830.0 1000 830.0
0 835.0 1000 835.0
0 840.0 1000 840.0
0 845.0 1000 845.0
0 850.0 1000 850.0
0 855.0 1000 855.0
0 860.0 1000 860.0
0 865.0 1000 865.0
0 870.0 1000 870.0
0 875.0 1000 875.0
0 880.0 1000 880.0
0 885.0 1000 885.0
0 890.0 1000 890.0
0 895.0 1000 895.0
0 900.0 1000 900.0
0 905.0 1000 905.0
0 910.0 1000 910.0
0 915.0 1000 915.0
0 920.0 1000 920.0
0 925.0 1000 925.0
0 930.0 1000 930.0
0 935.0 1000 935.0
0 940.0 1000 940.0
0 945.0 1000 945.0
0 950.0 1000 950.0
0 955.0 1000 955.0
0 960.0 1000 960.0
0 965.0 1000 965.0
0 970.0 1000 970.0
0 975.0 1000 975.0
0 980.0 1000 980.0
0 985.0 1000 985.0
0 990.0 1000 990.0
0 995.0 1000 995.0
0 1000.0 1000 1000.0
