6616.99928632 1243.41810342
6183.7788859 -255.658379613
1441.47727368 -4861.74416631
-9213.92046771 3886.34399079
9589.07659616 2837.18346834
9362.4330424 -3513.52352013
4289.93430809 4792.97846446
-253.070052693 -6832.32628118
1255.4636797 -2138.90972613
-2441.62123173 4252.29268396
-3957.45273039 2768.46415918
3005.41682698 -443.79786491
3038.30636912 3155.79010008
494.682694851 4505.11679374
5555.44884267 924.28180617
6660.95876115 381.654610737
1765.42728281 1323.91688997
2049.38969239 -3245.89079443
2596.94807882 -2018.89118837
-9904.65505962 1377.60957819
-1050.230067 -1177.16897062
1316.92231759 -2152.70622093
-2458.42257733 -5924.494518
-3201.24941419 3781.51531265
74.0952487357 3564.49546475
3538.51528913 -3330.94509463
-3961.3966187 1771.40129886
1580.27244015 -6259.54615603
830.635538854 -1322.86770126
2504.20770742 -5915.68952204
-543.876187565 4264.66306261
-4290.9868219 4463.17127317
-125.955259133 4057.30622228
-2064.26668999 5387.26801242
3888.44208993 -4322.97677892
3340.7416699 -999.097503955
3315.85504551 -3705.38965851
6454.37585047 1982.71269077
-4153.64408895 -3989.68671434
1234.5359983 -133.305681782
1568.11962433 -2308.50720152
-1603.26831507 3894.11334519
5367.1547652 -1018.28759798
3926.98920301 1996.16924075
750.276653029 2711.92115651
3879.01694604 -655.011454064
1346.32465596 1662.13337508
3626.06645141 4324.95308812
4883.43311914 -4836.31709845
2375.24700564 5780.65727293
-5533.6696929 3043.71339168
2217.6306446 -4874.81742747
-2507.30917624 -4928.11702756
1154.04602279 -2025.97413251
-5293.28272686 -3823.66749453
-434.712327057 1194.76591609
5269.74242331 -3658.69794152
-6607.15922248 2.04425008229
-6247.14621371 -2064.72244341
-5130.55344881 -2111.6602223
291.82210104 1138.45737851
733.10531424 6853.14162065
5617.33732262 -1097.18916155
9990.71660223 430.79203094
4423.59935621 -4098.68959897
-5546.69463641 1482.02892762
-4143.34842691 -2575.32451203
765.972833078 4291.67078534
859.049953237 1693.65868967
-3270.15830659 4464.10270034
2088.89143482 4208.72519789
-114.032930781 3628.52154554
-8306.96475885 5567.25574185
7212.77249915 -6926.46467366
-6227.8246478 -2932.82346736
-440.824204578 928.821511221
3538.41135762 4152.2586636
2750.72386793 5979.06365235
2255.77667977 -5147.41682486
770.732621981 5094.86178639
1331.67409446 -4158.16579742
781.238199592 -4379.61200139
2765.52546941 5575.23392972
-135.93238244 1047.98916477
-4010.85748645 -3495.8688181
-3352.42844004 -2622.18514116
162.261425858 1108.76396048
-3151.2117439 3708.26393376
-4307.0080015 -3071.50658077
-333.099827203 -3770.64373293
-5041.66446245 632.938579969
2079.64746176 -5859.03670114
-2000.22667304 3647.86563774
-4374.97578461 -1339.12824508
589.358253106 764.865737123
1987.14625754 4405.48518312
3776.98906714 5455.76478399
8425.54991851 -5386.10328258
-5258.26164596 2379.3492387
-6174.09458163 606.150119226
248.916249489 2153.59013645
-510.846750052 -1175.72014202
6231.0545685 -2022.27487884
2577.25358357 -2228.38224527
-773.76106157 3398.44432206
3729.24343982 -4552.92147435
-1249.43336483 -605.478353503
690.334397736 1712.695934
3224.3780894 5271.87584074
3303.18146447 1027.55316732
-4353.32810343 -5338.14220421
-4717.89429167 8817.11253487
3742.34741446 9273.3400579
1369.82990484 -6505.61605238
-1287.04118765 5263.63837414
-3966.50267963 2085.85884759
4013.12683934 92.7547637407
3884.2940397 4244.59324494
1783.82653806 5872.88541237
-4971.35154396 -1772.98760573
-618.20124622 1058.41817137
-70.1101620827 -6996.94076072
2024.1455466 -3355.20560853
-350.746127834 2452.20548949
-1186.62335372 -308.901495325
2676.43387144 -1706.32083814
1255.07606739 718.99874951
624.151594933 -6322.45579795
1758.66031492 -4737.45751697
-3718.66740734 2963.58717175
-5045.81763118 4076.13990781
-1709.76746869 464.534654143
-1825.67749653 2318.51923318
4310.25040422 -4412.18271632
-4900.54151147 -1520.53710296
1689.81973703 -6415.85807705
5807.52884463 3305.64856032
-4889.46864029 -278.990070402
-2367.80415697 -6054.36415027
1584.38999828 5452.52874252
-1759.31547185 -1999.12823733
-2131.10281191 -6176.27802452
5361.53389903 4480.03223472
867.100418007 -3019.63443357
-4677.88115031 2485.20347111
-5204.25150756 1959.84570385
2250.15419522 -324.945224032
2235.69396517 3202.37924226
5742.07494577 3936.30798819
-3753.40236934 -890.627156383
2583.59084783 833.494173734
-8434.95166881 -5371.36764194
-5474.64939221 -3646.95306754
-6179.36484544 2353.48750682
-5534.95856263 -1239.33200233
-9867.60587185 1621.83672353
962.418652102 -6668.11752843
602.240668509 -4141.23432308
804.130212908 -2111.2768808
-2745.11658556 3825.6460664
4482.8866285 954.612919325
-3322.33072179 3100.65729974
20.0133941329 795.222399303
-1564.15756815 -9876.91303505
-251.672475428 -4072.79858671
1991.42160246 -482.826832172
-2367.34293345 4051.8857149
-1958.66343972 4088.85799777
3475.58708167 -4653.51944168
-2192.13778114 -3570.51528587
3249.41585536 -621.687506585
-674.943719352 5093.18861185
3482.42005719 5384.41453449
-2283.74713402 -5438.17033547
4555.30498503 -3943.45050552
-3678.7998183 9298.73281135
1614.59266096 5458.39398081
5614.84947342 1682.08541632
-4594.10434466 -843.414616208
-1095.7693474 -9939.78317356
-3866.18121285 -4805.41831977
4235.70029725 4328.24299824
-980.695292351 751.004481518
4201.4925163 -4293.6417691
-5324.84462975 8464.39777356
2026.43329946 -6615.33269796
3349.38732936 2580.2226546
7989.1614666 6014.42425013
194.551058144 -5315.73952482
3044.53290873 -5761.19891708
4089.13220374 2499.29860106
-1744.86129444 -2229.54886891
4508.36499268 4983.39383106
2230.63968953 449.125174521
-1923.55255207 -785.987658688
-2049.10645635 -4829.90453739
-2956.741959 -5766.07732489
4513.802328 -3900.8707364
-4095.2450853 -2479.05320783
-4802.9445308 -3612.99415729
-3145.55959963 -172.47593851
3243.55595779 -4393.72628066
2196.89897025 -238.470018485
1154.08678075 1051.9846329
-2369.1205049 1324.75843161
1947.57713411 -2557.09634104
-2560.34158375 1894.07083231
-4236.16519043 -4269.21234581
751.578241927 5546.78365308
3235.9507439 -476.082239725
870.184635521 5042.11632422
-1431.09145114 6599.96578589
968.823026908 -3613.94170637
-2481.73860152 964.272157419
2652.64434263 -1321.72779653
1463.5415705 1140.81783546
-3291.72033166 -5725.91487032
-1059.86666242 684.881711638
-6279.69408326 2503.51183853
86.3447838917 1204.57928491
1113.22510896 -4152.50560392
1322.97198549 956.138260256
3248.20989138 6048.30458208
996.20210613 1715.10571247
-2741.25598785 2938.36486686
6577.51959146 730.774092166
5928.50128009 8053.1281234
-1459.72867853 -6421.70012006
-1501.97299473 3483.75799377
2015.98414297 3472.8890287
-4819.96368522 3852.66425197
-2243.30190181 4867.99568004
-5874.21781754 666.995520164
-4431.97461692 -2215.94672661
3681.04139348 83.6270271832
4778.99990083 -1064.28859426
1604.45935645 -2879.0225861
-5323.11382503 2107.67631052
-3788.60352117 2015.36754851
-365.654528028 1179.1965194
4994.80115788 2517.84031282
2923.17173115 -2827.6268351
388.322365727 1594.36316482
-1339.03775464 -1746.80969094
4186.33135095 4087.27686408
4679.15609755 8837.73150841
-1796.96604788 -9837.2207977
4869.43300898 852.110172759
9821.43171803 -1881.35031511
-879.975061498 -4934.03564361
1105.9731085 9938.65300145
-2528.59975108 2259.28136572
3037.91171322 5354.81224611
4449.75211146 -4813.77182254
1655.19821808 -5121.12076007
-1021.11179657 -185.952692776
571.335477965 2941.32004289
3076.29453648 -2348.00551182
-4341.53832391 1841.02195687
-236.795638616 -3150.79439597
-2800.13193564 160.664900803
6401.25237243 -2023.48429321
1532.49558894 -5022.99295031
1545.24523302 -6387.94276565
1638.64336082 2859.02761063
2441.76616604 2021.41769837
-9842.82302006 1766.0223656
-3285.73407975 -3485.71020071
-192.212572752 -16.1929613757
-719.667013394 -2513.50439356
3147.41853032 176.830957036
-1737.00595852 2034.85567187
3511.20727666 4368.5824625
3090.71828493 2097.02769078
-2385.38072478 2648.57910178
3970.97983526 -5387.09546603
-2916.36461259 -2415.60273389
-853.289939454 -1023.37791699
-2681.02015158 -4190.77364675
-276.703791608 -483.91379018
4986.27378019 4521.63476531
-1069.90435275 -4854.17645952
-2893.25369742 1920.19026461
6698.99836876 -1550.23676673
-181.55424121 291.164639177
-9891.6988808 -1467.75108636
3101.32374702 5870.72643892
5420.03367791 -573.457491837
-5099.00997074 -1372.49052632
2930.69890103 -4744.62793932
-9019.05597342 -4319.33204886
2810.50396953 -3569.11593371
4221.33876402 -113.382176409
-5111.08898984 2346.46018169
777.93114085 -3527.002579
389.505096523 5273.27356423
-6859.08833347 -1033.69226206
-4063.41594429 -1432.67211689
5633.34164106 302.929435312
-2737.13784864 3176.1481329
2308.6761148 -4513.35489484
-90.2405509104 -969.045269636
-1501.95718647 540.134958746
-502.962842407 -6517.96755457
-90.6441132287 -1311.81827638
-1801.45948364 -4974.01789378
-6226.68673036 7824.85606014
-2392.87838523 1410.35883069
4345.01735552 -481.021016987
-5230.19896151 2058.60456613
6439.89104297 -1544.87447075
-2949.99176341 4445.78019532
-1948.23099171 1540.14842742
488.044178729 -960.120365728
389.074112762 2217.76434475
4483.65272997 810.271806086
3699.63217458 4673.69201701
-5847.95312686 -550.707655277
1731.50494764 -4274.16392486
-4263.25358959 -5.1289840203
-636.282595762 4808.25945047
-1750.12188528 -4557.24837918
3410.12913568 -5051.58183407
30.9199293419 5707.85172033
6700.98512873 -467.18901657
4046.73416289 4418.68777069
6330.30109151 -1225.4873295
-1005.36134863 -6077.51573431
4728.97701805 -2924.68487773
3368.30232767 2133.77291512
-4232.5131896 -2841.43527788
-3487.77976693 2626.52893682
4714.52181667 -5020.11656223
-974.895549151 5528.35084372
-5067.47140913 629.854064317
5272.09544927 -4191.1962682
4522.4467994 -2462.50245913
-453.286723143 3162.52080481
-826.816186531 -4308.23624158
4040.62734102 4403.3799382
2943.89930211 3693.04143053
1065.71895031 -6495.65295862
5254.58867932 -3071.31726837
3870.90494388 -238.395098111
-4859.66695016 -3019.07009595
3179.72953283 -2883.93257588
17.3750674028 -2769.43123749
500.141772834 2132.81478679
5479.92105531 4296.44904186
-1930.33005512 1039.73764243
-1273.85467263 2901.7915669
-1498.59882552 1957.21152235
4670.63883673 744.758638126
-5233.44210417 -3793.76240688
1687.39682907 -743.605567634
731.650265729 2189.67480328
4781.40585296 8782.83314593
1183.82241494 -650.511293664
3452.62558964 30.8739942298
4918.44728205 4377.87751961
-6371.50605319 -1879.1247937
-2413.20542236 2020.75232539
3454.75035133 -1239.97952231
3847.85953422 -5295.42766477
-4413.6573079 -2382.16610514
-4693.16233882 -4829.35557279
3961.2172231 1941.16871974
236.804632014 1344.7925964
9917.22173107 1284.02224933
-3395.3072777 -6065.61473532
-4610.91533643 -1100.05061125
-3487.96546309 -4534.4740651
2479.0441437 -1642.30091936
-2414.95749001 -5847.97134109
1423.02232467 1394.99676308
-2526.13848645 6287.45476566
-3157.92077046 5477.21701662
106.267161299 6744.34049877
-4399.34614221 757.567190562
5368.8154246 849.984527983
-1410.18281152 6213.09702893
1860.4420527 2326.532145
-1118.79580154 -6845.84821644
6113.93536764 -1890.80902831
-9998.55574295 -169.950154626
-2144.04876154 167.355221301
-802.315191864 5461.55749296
5136.34942131 -84.4391655954
4861.27616568 20.4670490056
-3401.23503034 4200.56132325
-9818.6596426 -1895.76444285
-2722.86753171 3639.32814198
-4093.81964267 9123.63089637
3694.42173931 3588.97624301
5947.876743 -958.319794531
1459.04863234 5349.84207214
605.72821317 -494.223104022
-2614.97651721 -9652.04112167
-760.536620598 -2289.15123902
4391.45298179 4982.88860429
-6682.55007367 646.546936683
4202.90140058 1255.54851045
4140.23174212 -2699.41092677
4004.92776769 -1526.70342061
-1583.09339677 2906.12181419
5179.86308122 -1540.85680411
-6154.47798949 -76.0205735576
-5997.84850997 3056.61105329
1250.04297665 1779.23751823
-674.766899205 -4838.65063306
2812.64797961 3925.84764878
-5581.33702314 3727.48157789
-1059.51993184 270.846272258
3464.79953984 862.942187395
-4479.82004448 2959.25346532
157.337162593 1396.46278905
-2117.46888822 -3719.45357597
-954.304455401 6171.61372361
-2356.1351904 -160.869329034
1785.3234155 6535.09632278
-1677.32255198 -4203.97451652
4334.50120231 -1825.83415561
5046.22012795 3986.27971476
2882.23832643 3547.29657496
-9899.51142413 1414.09814497
3290.04690069 4947.82843952
4931.98495776 -1937.15665467
-678.560683368 -2956.81036994
-5156.44855986 -1546.16064784
-4679.85277383 -1635.30520247
-5009.21156869 3508.00124551
-4870.04865897 -8733.99256121
-1601.25046272 6750.72692085
-4789.0673573 -2628.05575582
-3178.80858905 -905.676655481
1441.53793915 -1331.53747295
-3507.06192471 2774.1741388
1628.73521777 5379.19690048
359.378776789 868.329979941
-4433.42322202 -399.97003673
-4243.77122221 -1080.89334298
349.030086353 2520.01170109
-3916.76177034 9201.03131363
3285.4258797 5107.59931918
4.75159299978 6213.96757893
-9565.00990134 -2917.2907958
1185.89316341 -365.891041347
-1073.17223866 -5841.15771416
1168.69043738 4391.58717918
-5053.78207442 -3996.93928327
-5137.9909726 3406.5950887
850.022880927 -2648.54880123
3957.64372577 4611.40564906
-1203.07547352 129.851393437
-6806.04185542 -33.3333943267
817.354404913 2063.46033056
-5724.71006734 -3911.85288322
-3498.30596671 1369.30634639
-5828.69765023 -3274.03224026
5104.25630802 -8599.21900768
-3669.06533007 875.243661621
-1938.03153674 -1821.81939681
3442.97779165 -2780.89243421
-3777.84825631 -1468.12179958
-4986.04718312 8668.29472778
-1673.45030241 1651.2842825
3048.8166632 -3068.29138591
3803.15730157 1678.22842983
-4065.62575089 -101.395380771
1564.9501223 -710.9495002
-2960.8277019 -6293.23730905
6448.17350561 837.453836509
4596.84468855 -2030.73000251
1484.27446489 9889.23299922
-9642.42197073 -2650.22612969
919.024909152 593.009920972
-4328.6438794 4373.38585784
2604.63680057 -2855.20170377
5205.9444492 -2341.31986262
5717.38413817 -1543.78675419
-3012.98654974 450.287226498
2547.85256657 6448.08856165
-1219.99802157 -1707.32167724
3348.90920287 -2094.45671231
-3840.14764944 5797.17717896
539.247456436 -883.191510229
6293.9677736 2412.63985285
139.555550476 -3013.74585231
68.7503104662 1553.0208482
4235.47937303 3877.02856453
716.540410824 -4365.71614158
-3499.02527547 -4171.72840343
2228.62120681 -4163.76310855
9450.30771046 3269.81408916
6519.58206133 2023.65424821
4611.70485237 -2838.2288843
-372.908744626 3226.83722269
-5128.32094786 4709.1437764
7676.40143422 6408.81120183
-1587.80461002 1897.40535398
3294.78485913 -1481.41491817
708.412259905 -3918.50344606
-559.075925146 366.757333283
-5520.47491031 -3565.91161456
962.74626879 810.793290553
-1064.49778214 -1422.16766365
2527.16936289 -1616.07757906
-5366.37688534 1771.04367979
278.301810988 -1579.62473539
1873.65686637 -6617.38663481
-117.147493034 -4253.46892149
-1769.00218772 -4022.38801231
1846.78033759 2480.20597318
-2490.47491252 -1805.92191471
7884.01999133 6151.60375645
3089.78197326 777.711781972
1028.84810488 -3708.51835989
26.0680223152 -3835.28446909
-6299.74560692 -2285.91995577
-3325.65523099 1334.91976487
955.553898989 -1771.35568091
1798.41828368 -3370.96221971
500.472195328 -2960.59140434
-4539.30286898 -2105.16302084
1695.48882552 6576.58952597
2970.78582426 371.4674214
-643.077342397 4718.94066341
3684.71623722 9296.389958
-2646.42148835 2939.95793228
-1145.45631134 -9934.17987751
-4633.54454831 3308.93583885
-2613.90333408 -774.123953108
-224.102930417 -2654.47454451
-608.834589911 -36.9182165574
-5522.76865687 -622.638168851
-1271.17966941 6693.15977551
-6220.06118314 448.346428111
-2364.2805463 2955.54462451
-4138.13777953 -4809.5022265
1642.04491059 5410.4438372
-6326.13514417 2736.96873231
2425.67675154 3066.30805117
-6910.71813814 -7227.86101244
6535.6094953 -1572.70291162
-2396.54466993 6454.58547507
4543.90302748 -3373.52953244
-4530.12803524 643.082689202
4532.62829222 -3196.29145167
-4931.99597697 3303.52333807
2190.39730642 489.469819794
5630.14755174 -316.657851653
-5735.37970685 -2672.29677111
-4836.90656633 -1931.77480885
-372.638341769 -2533.82554058
3383.76006621 -51.5452504483
4442.90897737 243.327101371
-4997.84661276 -2128.69451727
6313.05108287 795.041823733
-5483.3709808 -2625.09787985
844.719381061 5891.82775082
707.006597393 6021.83330068
-2334.56455889 -3668.4662921
-175.567926086 6193.43532356
-3671.14461773 2242.71966245
4644.7085682 -4799.12901412
-3430.68088215 5381.91071235
-5890.23765958 -2653.29357501
-4504.85786673 -232.439752306
-8652.01096664 -5014.25031616
4230.20966473 -3341.61388954
1798.32078828 1246.45333076
-3784.11233856 -3626.90215825
2381.21844634 -5063.71941639
1028.43168077 3914.47568377
3328.25842608 -2229.22431612
4772.57791748 209.619760276
-1328.41226835 9911.37330774
-1190.30602911 1749.97739776
-5287.25934266 1976.70818556
-3543.70330276 1792.10272871
-2630.6489423 -3270.84446751
89.9854979299 4656.51608522
-2287.22599316 -5209.68084159
1449.89403083 3410.78876735
1468.25015093 5676.67322555
-2294.86265786 1108.87352685
-1689.27686654 -3702.71345461
-5567.26456046 -3525.62131878
-1664.7679902 5050.83847169
-6637.79172385 -853.666845065
2435.19896611 -5121.28594902
5032.96898487 2140.98183233
-3125.85468367 2630.25137782
-4601.46035993 2192.21518783
1498.45456554 6693.10482069
-1951.90552638 921.831449216
-1221.52772183 276.895316824
1762.42958497 -2839.69331892
3870.51041161 -5208.88232759
-166.571998133 5990.15613067
5286.09224388 583.795669105
-4305.21183346 -2618.97204788
122.128702876 -2667.93740125
633.80676407 -383.610766622
2636.3677595 -3464.45884933
2348.55909725 3886.23446682
-760.80166571 685.993901943
659.441733942 -4094.04943388
1460.8649275 -5390.99617565
4040.48671467 2040.75128182
489.785383984 3639.71003257
4174.40841099 1948.68297147
-3995.08086639 -1794.27459982
-4542.69754072 -2727.46859403
-3244.457436 5634.51148879
-2648.37769289 -1563.91480508
3356.36038366 -2169.5825082
-2865.77543855 -4653.0839018
5636.72093107 -1865.60542984
-6229.30793021 -162.998742748
-5669.32628328 -443.567183734
-815.015390042 1641.5559832
-4255.06583878 1358.38506715
1044.69192957 -1206.33026808
7750.04847866 -6319.55287804
5758.23420674 2101.14047767
1360.36195915 -1072.51497791
-968.410962202 -5372.47585108
-5467.54086026 931.788780031
1359.78327763 4600.39343565
-285.234037824 -5141.35413312
1867.7452373 1478.1371751
-4064.16350449 215.312078448
1680.01506173 -5629.11031071
1768.69952061 5363.8041571
-1431.45627554 3466.47681125
-5457.6967435 459.551864852
-2741.55055431 2849.71655378
6691.52017441 493.745444906
-4335.73438037 4289.44677583
-1139.61778114 687.025708261
-1387.30684054 558.46064504
-6276.13759656 2674.8709181
3469.70548449 -233.189414929
3939.82180303 706.856897087
-9397.22242555 3419.38747217
-3475.32292424 2836.3060555
3653.82517802 -4905.33040574
908.685425301 -4853.75487312
3870.67062988 -1259.43198394
4952.28603038 -4604.30441493
-3112.32918949 -703.892125051
-8102.96170118 -5860.20577022
-934.327264814 1223.59314347
-3969.66332462 3595.79095446
-52.5612546019 2676.57715407
4665.25422475 4602.51689725
5661.41983484 8243.07742616
2588.63444338 -6310.65604749
444.476762314 -1361.74554682
3780.68365448 1399.68938409
4129.90561962 -2763.07331588
624.57497194 2094.4784765
4999.57190751 3567.53293789
-1768.39285335 -6049.83250213
3090.84826583 2711.74535202
2202.91338467 -1111.57814303
-2579.19605134 969.74084088
3059.83255792 5241.11847522
-6406.35476926 860.315258453
-6489.80309246 -7608.05203854
3401.56779459 3050.79551428
9971.65957625 752.333234275
-580.949054633 -5265.7931313
3183.67054584 3424.5944757
-9296.23525874 -3685.10651328
4615.13710529 2939.64981585
2080.48868673 -2315.98430202
5972.17182447 -2248.44625474
-3324.83680968 4167.78167593
5472.09559865 -432.549444203
3749.33087255 307.045278518
72.5569219336 6113.10026541
5883.72282496 8085.90166395
-920.018462019 3955.52162892
1039.13964382 4291.66326831
3581.68981171 -3650.67459253
-483.14632701 -4909.96401257
4869.89075202 -3197.08388994
4700.78543003 403.03153868
4738.2245357 -383.184435511
49.1027492129 2054.21649346
-5405.99862214 -4250.22068805
1766.93723868 -5189.24870121
1472.99986724 2293.70197685
-5378.59502719 1866.08237028
-4307.64250221 4836.99372739
-2151.0002711 -6490.18245902
4824.1994341 5030.55495576
3760.17142406 4963.30511564
5806.80769713 1487.72307516
-2214.01416203 -882.275146134
-3005.37062401 2675.76256086
1105.54441763 331.639966849
-3850.49085486 2731.73071466
-4903.48373814 2475.2750336
5643.61095895 -2666.23254628
-3067.00081721 -2963.90676017
2652.34786429 -5110.41793727
-2318.65989195 -1334.50326995
2372.89452237 659.335032607
6559.83834576 1256.82575726
411.068614586 4365.79445648
-4168.25235961 -1333.98865913
654.696518386 1541.04826698
4640.64385342 2043.13538759
4960.47653552 -2558.16140518
1064.18026307 -3118.713333
-2050.36610485 3713.09133733
4077.71841337 -863.353024343
-2904.99398226 -3233.3566967
-8514.56331184 5244.25510523
2006.1057977 -3052.80381363
243.089729239 -3118.36001265
3682.45280837 -280.713382797
-894.78764844 2853.82176947
3573.4578656 3871.44925509
-1802.87623733 -4005.98819063
-4048.45325839 -4830.92677844
1753.23490731 -3494.1551098
559.700337113 5312.27641464
-1552.75116404 1068.92728996
-912.665615581 3443.42920626
3986.51989472 -295.560355032
-3154.75094536 4241.168703
-6859.82598964 -777.165567797
2143.81938717 -58.7430918968
9836.44930299 -1801.18436308
6257.74451063 -361.986246598
3505.92188992 644.704550291
4454.4376354 -819.887541491
-5101.74165718 -4562.40363536
-3763.8693336 3034.61106196
4189.34505554 -5248.19434875
-5879.99816637 -1932.68022611
5515.62969533 -8341.33257124
2303.25342941 -1445.13416774
4862.62481627 -1395.72017252
6551.76290957 484.781661375
-1581.10519499 -9874.21421493
891.16840021 5773.95643202
5860.30338985 3627.34013335
-3702.23120358 589.055847424
-374.539624056 -1577.91873204
4620.86840558 -4160.44827546
1484.03055998 242.20158443
5842.2068253 2669.37299352
490.945927273 -5528.01315856
-4791.28673783 -3056.04462157
-4461.83147584 -3221.56291477
397.36085631 1141.93455514
-2964.41938354 4013.95619962
713.068957109 -3816.50741755
3779.21127588 -4328.08000566
3920.15152812 5672.24607433
3798.47440282 1288.44377329
-206.112015344 2585.3496651
-116.12863989 3532.26864803
5743.52541722 -8186.08061173
-4289.27965148 -5196.28752951
-2531.89303672 1276.4934149
-5616.87220829 1428.70432296
4253.96790683 4444.45462304
-17.7541987884 -2866.54190655
501.453291758 2124.89553261
-1699.26744481 -3010.48581136
-3991.37679057 -3746.36114501
3119.18578033 2529.92209076
-4817.64570633 -4563.14103259
-4602.03756792 3135.30972361
3821.43129074 9241.0314841
-8531.07418903 5217.35308191
-3003.35060745 -4130.49212239
4931.78239948 -2013.30923132
-5689.57383513 4042.50006075
-140.695851402 3152.7920396
-1677.17735489 -1681.37517457
2001.39609024 1556.99038554
5165.82373333 4413.75419512
-1710.0676145 -4947.43208675
-765.68947138 -5497.0903545
-5655.98046472 -8246.81059457
1342.23624921 3276.67397705
6087.738449 -1680.28668783
-5545.9958329 3404.67412837
-4913.26970559 -2793.84050778
1685.2530188 3491.06117236
-3977.46994064 -2506.09828433
3272.87127067 -2495.56875613
-1216.38342653 531.428114682
