2880.83398798 901.51071743
2557.21030461 6008.06614713
-9968.59774963 791.870510896
-3614.99109662 -4001.13774386
-421.868481892 -3016.14959106
2272.42964323 3832.84326353
-3974.54205196 -3317.67896781
-45.8162346942 3163.37184138
-1179.3294712 -6796.14459442
-4475.79693641 -2760.04626853
130.02238364 4999.63844863
551.647035907 -4510.6146701
2219.37239804 5184.86197855
4686.01321494 -844.576458253
-4998.28957715 -2191.24891719
2432.55538662 2144.8583171
822.821140568 6887.43270242
3766.52109601 5093.94423727
-2658.2603445 -3748.33416846
-2857.81788653 1731.67254743
4373.94206671 4531.04292584
1860.14329592 9825.47031539
-1047.13925766 2246.15925033
-3461.44021113 -4122.32219879
-1191.2400362 5877.08396784
2719.68324051 2016.57849347
787.318048291 4444.38743795
2504.00968756 -5208.51944979
643.202515806 4333.13205699
525.609464826 -2095.70217466
-891.244299107 1806.79602448
2630.02382906 4403.53806383
-2392.30509094 5026.92161583
-3475.76297617 -3929.17266558
-4344.81145832 -3845.96724503
414.80208481 4837.34166336
-679.937310158 5955.81202411
2901.87372003 5682.83729411
3365.98563172 -793.705032935
-1194.63166652 -5847.1321659
5278.26266312 -2539.35564216
480.873157615 -2148.50548933
278.416159372 -1477.04762265
-4952.49077141 -912.190666305
5866.9756919 946.588110572
-3261.81273845 -681.977773857
3480.59542371 -4119.64035374
6001.53375086 2394.18397908
6907.1889185 297.356704095
-403.024827288 3597.37625275
1617.67796989 -1873.5080287
-3646.78476096 1257.59421742
-133.5144073 -5489.30420569
2342.18127515 2146.72537546
-939.205496209 -5599.49864074
1115.10616688 -5478.13469101
2528.2659189 645.42681189
6370.40539251 559.28048141
4792.12396874 -80.7225359871
1904.47668845 3824.29919505
2557.05983784 -1023.70271319
4289.79069771 3696.0400915
-4683.64369511 -1080.55128161
-2860.89292124 1081.82294949
-2527.01030287 -1028.30732465
-1119.1854316 -6227.43142928
2159.40691904 -5743.7128485
-3902.81149027 3915.84734685
-3149.35656682 4908.51072317
1463.49254518 6538.2877865
456.310899268 -2552.76099906
-6843.76444265 -114.515802626
6004.70016556 166.571807273
3117.57842274 -1331.57253918
-2784.53602256 -3121.69706066
5323.96744293 2911.5907187
2234.55973162 -1162.45342294
-792.307368339 2914.86001945
-4100.23308578 613.059606505
-2127.27999549 6397.40981747
-5824.04463179 2288.41915523
-2317.77497601 786.114086902
-132.374973133 -6390.15205886
1623.61522725 -3299.63493654
-3493.39822964 -1144.11402876
923.905213431 -3894.62365847
4582.85139795 -4501.045851
6690.52366999 -1762.74332713
-1264.12787781 -6535.88938893
-1667.01384897 -2990.18661507
-3579.23501677 -2100.69390629
-5407.74560558 3764.14435468
1648.76209952 -3922.19191317
3399.93650552 3127.84414094
-5938.17916753 -3264.47590368
-3300.02147376 3683.53575255
-5348.39144883 246.09080517
-3871.781943 -5823.19470578
-4048.76358476 -2552.98239918
9591.18156854 2830.0593844
2318.77418406 -1386.41314945
-4389.72324554 -2307.96447707
-1504.56120863 -172.086810553
-2972.81608051 -5297.5466921
-2499.27677207 240.323384397
3227.1727533 5151.05096577
1993.43030473 6065.39436104
3333.63015568 -4560.04101453
2290.61300516 -1996.18640733
-6712.33084755 -451.802490565
3524.62141638 4740.01001345
-2089.77973727 1545.46739612
2949.03639854 -5689.95505687
318.874678877 -0.246417476778
2549.56845543 2666.67790377
-2106.48730641 -3543.41086026
1860.07020806 -2411.64859813
-809.189122665 3782.96700654
-4779.03928434 984.770716032
-210.11038363 -2838.23754748
2956.32672472 -5331.29498777
-1965.43964057 2419.26416474
4310.90945269 -1371.46502856
2182.92344909 -690.475286147
3851.82287831 -3069.88595897
3817.0683909 1450.02434802
6254.77117673 1668.08102951
1340.23218478 -2016.48963677
1893.89541312 -159.977448111
3671.79278567 -138.919419152
4894.16734557 -4019.1162444
1944.3800991 -1408.33148363
-2006.55899715 -990.981242442
-3876.75811201 -958.348336785
4297.54770083 -3460.53031487
5229.12606436 3660.05560037
-4363.64175552 4741.84374753
445.695736073 -149.89210785
-5036.74591034 -1094.84831576
-2998.28117508 339.416630745
4893.56336312 3122.18172577
-3147.05540702 -5357.74130165
-3900.61822542 -3960.26705954
-4098.35936383 -4949.98686528
-5072.27402824 -1456.24054866
3608.2964716 257.073172558
2287.16784579 -5382.45370838
4322.85212334 853.58622711
-1413.93827461 -2547.73268708
-4283.66310818 4294.38370713
-3027.20345485 -215.100976747
-4086.23615636 -4348.96695482
-723.342416461 787.17165111
-838.389647553 -2358.03909961
4013.86642613 -3241.34374369
-5335.03030243 -2210.21350644
-4837.87853954 -2055.21555883
-2459.35786079 4760.95910913
3516.12893413 1037.76623818
-5945.74371116 640.404210628
-1586.68338187 2881.38301494
928.313429154 -2817.87778337
-1532.9452699 -3490.63030619
3529.69147539 -1162.05803813
3448.72963739 -877.695921115
-2615.75885441 4053.63499048
-5024.90544801 4.74338591958
1290.66799868 1325.45942916
2309.9260269 382.649322854
6772.83283275 -60.3983487888
-1268.15397006 -2836.90961053
4944.06439068 -2715.73721944
-1015.42645885 2694.23263062
-3526.92016471 -5992.28139285
-2954.49192076 4372.85342717
-2022.97584752 -302.072054884
5726.74803145 -857.608689058
6643.38599636 2085.98721473
-5527.52098391 -1274.71273696
-3114.42131194 -2619.22595503
5527.58379375 954.898835088
479.982091367 3086.17770756
524.567872572 -6526.80630037
761.580426661 4474.83006346
2733.80489212 3750.57390235
200.634252678 6642.71160564
1002.46605847 -6082.29123455
6788.94745523 132.938811884
854.391025153 6285.52906511
5461.82609869 -4095.01908953
-6192.81442162 -571.358629936
-4693.80258776 -3833.38531166
4722.50367878 1993.4292771
-4724.06094321 3257.17577686
1642.05197317 -304.049545438
-804.364101816 -1806.20586723
-195.914380894 -2280.11532808
-5390.10701297 4263.20565785
-1329.94591004 -3131.26382132
-2015.00960989 -5314.86478423
4943.97016866 -867.141269776
3333.33823744 -2283.15070827
-2917.17921977 -5733.66430262
-1815.68689998 -6605.6729455
5994.43460496 2985.11136087
-1065.47259558 6346.99214872
6618.32276438 -1652.7526696
-5588.35176919 3974.88670625
6011.79778872 -1195.44796256
6599.35540891 1179.85840876
4660.70036865 1099.95013926
-5555.72198417 -1972.53857209
-3043.29410839 -6116.27901929
-1385.07595379 2480.78645191
6445.57947632 -819.345121541
-1944.7289143 -1169.95978234
-4934.86538663 -767.164836282
-65.7975545356 -6391.81405135
-2049.4523308 -2647.78367525
3167.22779588 -3305.05891072
-905.458391778 2792.96181686
4049.82401506 -679.85197316
-3432.95689781 -2496.28154511
435.525384798 -9990.51138026
-5289.21802155 -2038.72836084
180.375140149 -3247.304859
6934.94629723 -704.847461901
-2395.64170522 -6115.03565344
6975.75970233 -146.109727565
-2289.42658424 -5427.5013763
1644.32196705 321.081879867
-2049.08793687 4157.61522977
-344.716588482 -568.436062467
-2421.02039691 6376.9185613
-4215.42483812 2280.64291592
506.789462504 -1951.4530246
1467.59160163 197.105654875
-876.604976363 4381.78511109
-6458.34734841 27.2367256193
-3324.60945407 -3138.98505605
-3820.16423096 4887.76018909
-3962.23631021 1542.66827511
3957.8255388 -2016.03157841
2924.22278423 5415.80925938
1217.19411045 6253.39558246
-190.673100204 3238.47808777
-4237.72455752 4279.55810217
-4646.24700131 1056.08492383
-1571.24203269 4975.46248617
4994.32804366 -1875.3695835
-2649.41711106 -6388.58105974
-4026.03960677 -4794.41667956
-2953.53267145 5970.24271329
-3922.60824852 2943.53974399
-1518.83328972 -1304.79384931
-2584.91316189 -5844.23184017
82.5836209378 6378.18355662
4725.19206668 1033.52144388
4899.17180433 -4168.27885687
-3204.25226492 -4526.20945149
-1442.42502563 -1496.32678532
-1964.4553346 -5030.82265027
6818.97983827 235.587729782
-3660.7497626 -5572.05176152
2416.42081867 5934.46177173
-349.334322818 5400.4927949
1703.57362416 1982.63251445
1979.31348633 -4858.16108993
-4204.88933919 -3100.71308261
-1144.55453662 2684.76924751
-3697.25135998 3176.49387585
873.413060291 -2320.83892891
-3790.35439215 733.202964908
3073.36585552 687.011724644
3019.51607996 -5563.07874779
-2945.59947095 4045.4433297
-1308.88783589 -5839.41138097
3779.63558674 -3977.8909534
-4758.58130177 645.165850945
-2623.91986077 -5399.22520015
1171.59395871 2035.61934289
2311.02070652 -867.85016963
568.982375683 2735.70545782
755.230253292 940.458215901
-2183.21163445 5344.36829442
-3038.18890918 -4040.17229465
-1217.12764801 -3421.26180877
4239.10436369 -4766.53939365
-1104.8073652 -2832.80174281
9833.76031986 -1815.80780138
-4734.07243944 -3688.92874556
3479.16459187 -77.5931875572
2036.82455693 728.17822671
708.50306649 1027.32519329
-2962.92090137 4020.51717501
3187.55446923 -4703.80465827
1335.3852122 -4906.19158281
2040.06476355 3200.77333738
-1748.65276373 -3812.32509141
4870.85742371 2619.94403809
-4104.37135192 2080.39976469
1371.74889808 -5755.08651345
-1303.34368267 -4425.75085434
-4950.69207013 -728.477746749
-2647.26596225 -1438.01276943
3470.2351855 -4063.41426851
-2901.28467951 -1151.08526997
1297.94836645 4998.86709956
6797.10962997 -1124.15105173
2537.84920487 5277.09310482
-4653.33179597 127.536972976
1902.08588358 -842.334946484
-1977.66960336 3823.03790022
-6540.53386957 -453.844854172
93.7661824907 1503.9587236
4211.51092269 100.585258302
2989.94791144 -6256.46625569
-937.508252764 -783.666797338
5520.55604799 397.58824828
893.447342735 407.010452229
5416.99569738 -2282.16736663
-477.794659549 -6127.343255
-5719.69263975 -1408.62892483
-1934.17835728 9811.16476685
-333.872291525 4730.12124488
-1843.5787171 2850.34836538
51.4267286621 4521.61212777
-3748.78840846 -5256.01197542
2540.44207923 -737.621865253
-4553.95744664 1975.46636384
-3969.00301257 4347.15732927
-1054.90870017 2697.59439267
-993.128819781 2623.97911955
-133.842830313 2153.63394024
-9649.31881621 -2625.00407297
3044.63327406 2351.27894083
275.210116488 -6725.8529859
6090.02286934 1812.66520553
4095.84274541 -1022.68748422
5962.42533802 1080.02214866
-771.033218565 -5704.5640177
2928.81904571 -2502.87639685
-4776.70866492 1520.91452348
-2276.15595059 3743.63433291
4287.51639612 -4531.32127599
-4222.64744918 -1612.73080931
-3961.41736563 5397.52381169
-3146.11353832 4383.33249809
2533.0293791 -2510.82697053
1966.44114716 -976.594612859
4306.3216119 -434.834130635
-6587.64428651 736.221407384
668.204568261 -3221.20573211
-683.745787169 -2541.13552602
-419.286109331 -5286.6067861
2080.09587529 -5884.46266934
2272.01052561 -1479.41253445
-5916.64630306 462.590326237
1703.92167882 182.615142048
1488.86578105 3740.0924
-499.329649417 -1380.12095068
-3113.2010951 5780.98239903
3332.96486004 5715.9993263
-3141.91952542 -5252.63408395
-1464.37726948 -1766.76595977
44.8756901908 -2557.92587812
4871.45062998 -447.606641409
-415.091549384 5764.09602131
-4136.44609221 72.9570072136
-2014.59938504 -1052.39507595
-5340.71461558 2825.46271442
4345.42248758 237.918852195
-851.212306187 -974.952179527
159.619165618 6590.69357306
-192.59268143 246.255896721
2527.46596592 -4060.0536742
-321.616170281 6093.29435548
2966.15933587 -6289.76693229
846.631404331 -4263.10847862
5710.56655723 -3125.60856181
-789.126933173 4095.04234603
-3233.21297397 5317.19797399
2689.38199962 3044.08096663
-5494.35704785 4230.99630744
-977.838878071 -3589.83499046
-846.859970278 -1146.13599431
-885.266148229 -4685.04268808
-1168.95261915 -4826.09724931
4866.65897053 -4817.82330669
-5442.37953522 1541.38077271
-764.9915125 2257.13743491
-5323.99412385 4479.47481145
2568.00644184 -2473.91407689
-3968.77903277 3204.6059966
-577.314063718 6467.09267603
3473.10343156 4562.45150143
-3546.82800024 -864.583479211
-1047.18902808 6902.98587541
-498.811178651 -3902.01178245
350.281387112 3891.18180412
-2767.56327228 -2217.87363658
2017.76205335 -5256.19609507
1885.81634526 4134.32908767
-2255.6268378 -3830.77759593
1944.23460474 1632.08935365
-3767.61087099 5106.94746183
-3327.72583143 2724.04766386
-6350.64128649 507.198965576
-1908.60059756 -4507.15097884
-1635.73329988 679.126863752
-2166.81140157 -5429.36784956
-3004.69783942 4863.25550533
4177.66302491 5197.5774622
-1748.54127107 1057.22997862
-3612.69707858 504.922857164
-4195.90850342 -2098.63150642
5064.02071668 2669.97639093
-6476.63904497 -213.611310964
-1621.45617356 4061.90522629
2209.74318649 6143.08197885
-678.658655515 3396.27394601
5028.72991687 3301.10536059
5077.08208067 3877.50588621
-574.022248334 -3740.84649805
-2229.84471425 -6199.48873748
-3339.07771786 3587.72791911
2320.53996708 -3852.62691146
1297.7963839 6160.86381539
-5267.38286584 2472.92534857
363.760356767 -3170.55100215
-6568.75645271 1990.42283942
3058.94140354 -3713.03037636
-6148.76632621 -1682.83944764
-721.570756785 2125.92858398
3181.53048915 1318.23621101
6566.41979509 1611.90600108
3066.66532947 -3552.79330848
-1817.85348796 -2403.62788748
-7789.46517347 -6270.90362797
-2251.18423596 4796.75361266
3919.73259007 623.057436982
2619.13700901 -857.067389618
447.891745796 -1484.94600826
4037.87226008 -5275.03907998
-1741.60316249 3805.29310635
1533.65762539 828.263814989
2206.52130575 5593.04129352
-3232.32156292 4723.84406639
3299.24207208 2790.87793592
-5038.37545276 1965.41192502
2776.6723976 1270.43659754
1051.91436633 -2761.64408213
6521.8498657 -450.540268304
5332.07598292 886.872720128
-4726.30909276 -4576.82296327
-203.797425535 -4261.29556873
871.359461239 -6271.08768928
4343.37247094 -584.550690992
1276.4985077 -918.648035425
-5205.55273898 1063.43985616
-2374.96201172 -3388.59057197
5048.54409814 3274.47518864
2037.71897507 -2191.19905865
-2415.04997153 451.683056507
-4343.5714381 -3659.60329038
300.888404847 6465.89775681
1250.96972381 -2596.18218881
1026.72276815 -4858.1100659
1560.53511181 4399.8726838
4654.48341701 -3658.09459155
3961.58099483 4197.00401571
-2335.66117864 -5202.14191861
-1615.45129269 1504.97018797
-5601.25270321 -3546.73702528
-2064.31119053 -1663.88454804
-5233.00717209 -808.95815506
-1054.06782802 -6478.40976586
361.847371225 -4088.69392635
-2694.04093249 -1975.2113022
5290.37158642 -2547.19888915
794.634380541 4769.55129478
4127.8770318 3486.09295994
3063.82838915 -4703.22394097
-5329.42689815 611.169632751
6136.97212015 919.287771265
-1470.09113296 2342.27682478
-2038.85816548 6070.27755461
-752.90041704 686.615117047
4871.36078773 -833.435171281
5056.70473688 -4191.54185586
4210.57379819 -3137.12701495
-5028.01174784 952.958609704
730.023258738 -4617.4622095
6173.03456154 2552.46827059
-3706.44852605 20.7760338768
-1539.60763992 -2282.1019364
3645.18021691 5218.66286153
-6723.0076014 1938.93188144
2575.23619762 -5536.17261556
-2427.22927069 -6273.05775732
-1214.3598951 -4283.37852124
3303.47807172 -5351.70679024
2578.56085098 4213.99977868
2408.20414388 1466.05511934
684.671635926 -6358.62030866
-368.205876348 -6778.06053514
4327.1800336 1033.82612624
4939.71157896 -3685.41419712
-6330.40048284 -1712.56656315
2513.77191602 3332.48757822
5280.20914425 -1158.0617327
1797.06417647 6427.68852145
-3650.38669339 3094.3429029
1623.03115655 -3602.78209702
-5663.84739815 2540.88243907
-3028.6784166 -3.83680923499
6874.29400188 -309.044889324
-9.89349507822 -3936.80866409
-1027.5270452 -857.697524554
-3044.39784185 -5523.76422651
2958.2923823 4504.84314332
-261.670914016 4020.04510273
-3363.80789328 -2665.12961822
4723.24030246 239.528039074
-947.829120995 -6252.51789066
6426.11188083 634.498572958
653.943455136 2923.13574501
-3551.79600277 -5681.01781057
2775.69918743 -3498.60228515
3406.04740709 1612.44822098
273.465590631 2919.15617597
1273.13102081 1488.78732956
-444.551287064 -1967.39260964
-2335.96700348 -136.398847134
4758.78771818 2404.98127691
3285.59980019 -3358.54184503
-2312.89050533 5209.28635683
-2593.4219321 -4449.98319877
6588.40730832 -308.750616423
-1186.5927484 -935.018332741
2526.76349266 -1456.28817679
-5822.89071982 -2719.20300613
-3853.42440645 4123.75234035
-5855.9196848 -3638.34627956
5668.76387306 -3352.61563577
1479.01819315 -5017.17824924
1028.63079777 3166.78299867
6484.37333602 1245.19315717
-4305.12703879 254.306727988
-851.29893499 -4224.89688296
5352.23674587 -1906.47899562
-5947.28863878 -1261.57729248
3184.04021452 5535.07288893
3017.46339003 1664.50827469
1272.31112538 456.588762662
-5388.80176465 -2013.65875613
5483.62430621 -3912.93026712
-2957.16049895 3244.3363171
-2755.9498564 4883.16072694
-795.464194476 497.653197354
2240.82369115 1124.90450348
2261.95070021 893.731248855
-34.4716605434 -1044.35008202
-613.772613286 -5933.39553987
-3522.63035716 -468.311600758
-805.310056442 4783.90130091
352.499363929 4102.89242465
6756.10609396 -1407.47054359
-3971.40186588 5402.06682535
2640.0714094 4749.37144807
4731.50258839 493.660428609
-5535.76344909 1624.93096912
-1578.05957217 -4113.9201147
105.268252895 -4497.58416144
-4824.64279312 -2636.0434269
-1249.56360299 249.20133543
-3893.5088017 1060.71836433
-746.236993676 -6587.72766305
2809.8154525 -4438.19540625
1572.61082597 685.39138135
4843.12431071 -3199.95508279
-3011.88899263 -881.910254493
-968.776074606 399.590924514
271.74612324 -2159.58886771
-2733.96859541 3269.19819363
1437.61136946 -5884.18311051
598.863424179 -4316.31708007
1565.49681914 -1087.53385237
-6018.48227574 -823.887166383
-6000.29929797 -1001.66603599
-1205.76429715 -441.98788404
-1608.33564775 5499.9630609
563.69895209 4645.285731
-1632.44001753 1606.75254422
-3435.72105022 -417.010104349
3143.30750042 -3827.07101633
-674.932595278 6760.22423218
-6598.06979976 -1202.41501813
897.391570416 5299.80392871
2721.40601936 -3834.92803749
-4686.97693867 -4331.92041336
2653.5173302 3544.11957509
5398.56954354 3654.02148877
-4853.60796465 3626.15072813
-1926.05895405 4384.02238631
6172.58114736 -1529.84321024
3793.50846266 642.178735603
1754.42465536 -6404.7756096
-906.508703136 3639.93119333
-4712.43292796 938.723336278
-5377.8937407 2136.93004178
-4620.12404483 -2532.06177333
5089.41832387 3269.88643288
-720.891054709 -5346.7255627
4502.89836391 403.058870875
-3715.34255744 -5355.04929213
-3628.44276243 -5080.32075676
-5684.16591621 -2694.89495529
6946.54509275 -76.6307114996
-4311.16948156 3068.27729944
4273.8652702 5482.67436388
-1731.6435784 6033.54717193
1684.70534969 4157.42780612
2774.79407767 2566.04501945
-5769.03890608 -2829.07641882
2736.31635868 -4876.16897166
2364.23195165 -1161.80685753
-632.42932747 -6847.9846249
6807.52736482 974.75599322
5197.71851879 -2972.79401805
4696.99279963 2530.80175713
1749.49353539 6298.13791939
-2714.32620188 -2986.8421417
1137.30945626 2849.76973489
420.368970707 -2952.17325142
712.344587141 -2930.78982406
-5316.93905535 2409.23056563
-6500.76069927 -498.37118619
-6116.776489 1153.41343813
1048.57918965 544.456430041
966.876383521 -3275.78629779
-5055.24891734 -4452.05706224
-5956.49818624 2310.64845226
-1238.0107542 6849.55197507
-4220.74753827 -2784.26492311
1151.99569019 2694.63799435
2736.6620339 -1659.62434246
-1751.77449902 794.519553558
-1301.01554857 683.983835176
-767.5771853 -1590.23216125
6629.64861017 8.50040708879
1609.08885332 3168.69197834
1076.64416865 5286.38673673
-4448.54194659 1781.64492844
4980.51499915 2718.23618641
5586.43685682 555.912686488
-4555.80952559 -5203.6351769
4429.93033075 -1042.45279569
-3810.49763242 218.657663661
390.282236337 -6644.02111123
3265.94959441 2524.11059089
-2133.69202341 5325.89887905
-1915.1617045 2518.62954877
-1501.90035755 -2005.87325603
250.810808757 -6110.32017173
720.16073314 -3523.27203627
-5144.37539361 -4172.98328054
4110.5810677 -2002.05780675
3504.74806376 2655.36823571
-289.120808235 -11.1085272547
-934.54152786 6497.12658157
-4259.46009571 -2726.94760566
234.169814483 -2530.78725206
-4024.52280346 -5047.54464314
4160.47932514 4648.88265433
-5176.06077551 -2601.44480283
5746.01823071 1004.59402621
-170.824803729 299.452442194
5590.53703521 -28.4955059405
-5487.05723 2645.42358747
920.532073962 -6551.49082893
2150.72319829 1861.70781422
-3323.87120175 1459.33987028
-471.436509782 -3949.27840568
3765.68828428 -3796.62167376
-2062.34515309 5834.93739419
682.588938019 5639.87174621
-319.27293156 -1674.45734711
1196.75737165 -2054.53233769
1291.87653128 3694.3898191
4239.59705557 2097.33062159
2986.02413859 1073.45783702
6723.69130637 -1912.01723938
-1046.50087981 -1712.45997212
4726.38129083 -4326.99699053
5576.39617047 -2999.43751819
3160.89421768 -6086.7164484
-2391.09432984 2348.80336777
-2987.98147014 838.463820142
-6517.44461733 142.943455894
-4399.72544445 -1128.19373491
-1672.75412461 1759.83006443
-1720.39641486 1685.87258816
-4215.53861565 -1885.83009057
1037.26242584 -5641.00651361
-5458.94344379 2979.41328381
-3499.9297737 -4050.05390755
4777.75392446 -4413.45638719
562.118142196 1505.61122495
2448.91241529 -4370.92564381
4250.09046106 3419.43221531
-6740.99302707 315.402787082
1230.91285056 -3835.93356776
-1356.14950551 -6507.90028892
-5217.65919185 -200.112326575
-1695.89755292 6441.55594349
1970.7047935 -1928.39085731
2071.68996203 5061.66553206
6101.08190941 1886.9794333
-5876.61338561 -1442.75581703
234.14127623 3483.27289856
2644.80813413 -4309.64861204
-4692.677934 3417.03935271
-5653.71786803 -2357.6251711
2129.27277303 -324.995745914
-5690.16753256 3233.12509234
4472.66524226 1554.00273833
4953.92836088 1332.61372847
-4329.52184705 2980.03197072
5415.52861021 117.752953844
4169.10458178 -2990.33829682
2975.55134629 10.3208751731
1119.33504358 -1143.92496037
6504.07958549 767.924396362
-2314.52388247 3407.9083521
-4411.7642663 2310.83357867
-389.748959374 -4005.84231312
-4891.50856345 4408.78390559
1303.40742083 -1081.74018743
1940.01211639 -305.596304933
-1619.7206266 -1084.95664317
1068.89296678 -3136.97766417
-4618.22653729 2778.57027636
-1774.88441336 -5129.81458124
-2014.54745513 -3168.60824405
-3206.11445213 -2235.32556406
-3319.79204968 2193.3617576
-1765.92949943 1596.42874748
2267.22206736 617.14079288
1793.09548481 3553.31283966
2017.55462416 3780.24282917
-168.870320807 4996.84388444
907.548084186 5541.48892691
3173.60755334 -1392.75478132
-2624.58178157 5715.64593301
3469.13069299 -4705.62414098
-2758.47634414 -1630.03345418
-6410.8026921 -2262.89613369
-1447.13327412 329.86539742
-4437.42132837 850.628001983
-5324.14308904 -1595.89778816
-3079.18777216 -239.177354161
5315.45018993 1826.99355202
1510.94303983 -4380.49024374
997.471154643 5735.08047817
93.3846883596 -6787.98784472
-572.15693181 6788.85184132
3573.82221285 -2983.35905954
-835.13569807 -3308.36784152
-3940.48491147 -4568.39759222
-5230.34377613 -2674.60180079
341.924274203 635.100241355
-5122.91813965 -2430.51340636
-6802.78734987 1275.42099538
5363.95604948 1724.09800459
-2590.29461589 4024.42811767
-5051.56925278 -491.187414533
-4148.88821507 -146.045635911
3747.07933525 57.4474220802
-4718.22185674 2983.93198676
4927.0305598 -2969.89116043
-3632.11845058 -5830.57490884
1858.69689543 -837.350678887
-213.207440833 6936.47204186
-1435.70846609 -269.488101615
2579.68741516 -1638.27592743
-1859.70598068 -3428.55453314
4195.97199007 345.071857295
-1869.57309609 3937.2199939
2022.30378262 -4224.54876868
4338.4989355 3231.07813208
1580.89067523 -4996.00321793
5226.13276286 -1543.73520354
4919.87433689 -2531.14756794
-2647.60577182 -967.811374688
-2622.5292661 -6102.17197503
-3444.84439778 4755.51736731
6963.00371352 -2.62841893596
-5984.16374459 3184.45836892
514.926057109 -2443.62130634
