-1429.64881324 632.416127338
-5718.86183146 457.328701068
2127.04809159 -2570.85382913
-5597.73244871 -1514.33394099
-557.340156975 2013.55221386
-1874.22994406 -5960.3724671
-4812.05901275 -1268.45712501
-2162.53649743 511.123090051
2078.40647056 4139.20697709
-3989.2218578 -3994.066579
-5557.16349879 286.667277157
-1877.59205394 -5228.01011579
-1456.71444274 276.241919956
4131.8972649 -1538.25838076
336.426074127 -6806.15854394
2217.02631581 -5872.67931219
-2229.93923422 -4504.41971621
2487.3456397 5541.8447152
4686.89691136 2278.48321402
4819.51686079 62.2630373602
6849.47759709 -280.632726851
-248.629831436 642.29661219
-2853.33580217 -6251.42905526
2799.64407154 -1054.42972522
-319.771711817 -5824.74232778
1627.57879127 6214.34902436
2587.05222897 6280.9328822
-4953.15555439 -2621.85379448
2210.30783437 -2357.26114435
-6288.64075518 1097.6731214
2713.01875489 -2473.45608215
209.991320798 -2787.61538712
-2369.18556616 5375.75574421
-3474.56543459 -3642.90193254
6689.82299989 -661.048877646
2019.61759958 -2678.87585177
-1677.49682823 -1140.56814468
-3143.41473041 2880.89898846
2838.36997093 -5128.53384882
1201.52703262 4417.65183618
-4740.8452456 4914.29115311
444.555567546 4192.99359449
-4957.48847641 3929.22635737
3943.47202336 3448.08292222
1413.92837078 3124.50797669
2316.34100495 2262.04688392
-3738.6105099 -2475.70461568
4485.48207471 -4772.13469607
4010.36356283 4862.51437588
-4291.1192406 1429.49482251
2568.19565318 -39.2044419942
-2130.69793693 -3209.1291849
-3061.48561038 3634.77009671
-1613.01762749 4618.79118232
-659.135159341 611.036636036
-886.243082064 951.160466244
-392.534747745 -5424.43719052
5744.43928379 -100.099266683
-5416.7377437 1013.22308336
2119.27079758 -199.453920039
877.047458063 -1025.9011338
2779.88205081 2692.08168066
4359.46029147 -1372.55841045
4082.78675244 371.881157648
-1931.58655665 4131.82966477
1055.82044423 -688.631163343
6670.89886495 816.845047785
-858.469109062 3250.54133906
-2295.30509393 -3788.94221895
3545.43476119 -1838.08573653
1928.21432175 6004.75049477
-137.652050384 -4886.02299457
-1193.00900356 -229.108753088
10000.0 0.0
-5302.07525837 2291.5425854
-6034.70172267 -1912.84332076
1515.17994041 3907.40296086
593.446912144 2578.70127792
-3385.62418294 -5614.88492721
-1084.11416359 3875.89421576
-5728.81946691 2912.43256171
2124.95351342 -4179.368328
-1500.81104484 5256.84443915
5478.96433541 2791.91678728
-3329.86267733 -1941.253806
244.175562735 601.259203051
-2076.0061552 3416.15475655
3914.06589611 787.322010585
6341.35253664 60.5336254324
3470.35594353 2978.78562299
1654.04885523 2519.82212742
4230.94754663 848.930949768
-4782.92309914 4206.59194715
2981.41086251 100.315604589
931.884474548 -836.880864991
2593.66423516 -5102.03494523
-2730.4810015 2857.08880486
4609.41347532 5069.69552057
-4047.80201774 2683.62585146
-2191.66161708 3118.17031398
-2573.29303482 5554.63552285
4354.59464543 4083.91589235
3995.22272315 3182.22568909
616.218618078 4118.56605738
1827.18167068 5751.34528351
-347.658048003 935.824856283
-6278.9713401 -1717.5381924
-5062.5122748 3767.79509324
-864.004742594 -6922.69647146
-710.87755751 1575.80753849
-2546.62002217 3995.14148737
-789.468199232 3913.01532576
-3266.46364159 3315.57507327
1290.69363874 4316.9306504
-4372.1409208 -3796.27600006
1201.92453204 -3757.88466049
807.138421771 -4304.92663912
-88.6574824519 -2387.86121602
-4300.32529797 4630.23124255
3774.68479636 4371.5455145
3171.92430618 5007.71439609
-5609.16468985 804.006859823
-786.564595783 -6839.04150834
-6.93281947671 -6624.73979583
-4828.23680071 554.981671786
3090.34984386 3065.87938648
2201.35143736 2043.71450751
3741.73730692 4948.37339352
-2520.94557664 -2502.66932094
-3262.22419938 -376.105500518
-111.227079632 -4863.08147673
-1948.75229118 -5090.05562321
-3309.18717058 4734.75862812
5950.85964969 563.990268086
4683.91537502 -2198.21051111
-2025.52732507 -3558.25856317
-6068.53911924 -198.015881636
3500.23077683 427.915086505
-78.9509216512 6486.94160655
-1036.45396021 4188.56047929
4501.99256683 -2985.47496087
-6110.36912577 -326.870333248
-2724.66755708 5978.77772077
2255.77609573 -2559.30449055
-2742.10908327 -1307.09103588
-251.876440413 -3412.90835861
-3438.48898076 -1412.60516352
-633.421509143 -4577.65037705
-695.37268703 -663.7605449
3874.35653508 4174.45782535
3176.86161284 -4725.69009164
1055.50757968 2542.79293152
-261.94984163 4467.92957887
4605.87717063 -4079.87721973
-1243.34876213 1922.08957156
108.959132322 2346.39787011
2350.35047177 2962.82662851
-5958.00665105 -1054.84981319
3299.69742593 2633.39520546
1667.04541553 2886.35731109
-877.228130176 136.053059809
2267.89002978 -5920.19167192
2719.49666805 1346.06387666
-1198.66937956 -852.621642075
1084.26912801 -6669.45095437
-1174.28340078 -521.68516633
-2080.3661453 5604.20637429
-3634.02747645 5371.43762561
2372.90038671 5211.63218973
-3108.39016655 -2754.53486958
-1718.35118811 590.330074324
5120.37961225 -3799.80695214
-5735.15010027 776.814295634
749.66153234 -196.483725502
2819.78783926 3500.61657269
6095.14218666 1083.12861613
-1675.62348714 2770.18580218
-3127.53533384 -6167.21924388
-4561.73863152 3828.99613665
-826.327640725 5307.41804737
-73.9658397194 4662.23781766
-6784.00158316 -296.973704268
-3317.68299393 450.94087019
-5664.26759382 3654.69746144
-3573.27307459 5921.31895952
-2616.22025852 3676.50029176
-891.693326258 -3276.09775702
1127.33301276 1215.31830757
-2426.51826015 6468.29909583
6510.96416648 622.437070311
-1619.14820265 6452.450405
3888.59433499 -3230.87868931
-2245.01787269 4830.262057
2301.92895114 3877.40236344
-2916.30463695 -956.403864755
3556.50125031 343.995362042
6036.15616712 -1560.45140355
4910.48201211 -1863.72877433
-5913.53106055 1988.73459893
-1955.65192451 -5449.58900553
6452.33771479 1893.92804764
-5478.16809485 -898.61978113
-4539.7072313 -2927.53980978
-1747.66987401 -2936.46218497
-1110.03584104 -5073.46430119
-1577.57117527 2337.57788911
3453.11523849 2894.46212429
-5046.04346235 4621.1853454
-621.036123193 4621.0150498
-1509.41046225 196.984854629
-5306.67212137 181.487276903
-2769.6416034 -678.630884487
-334.873871037 771.180444628
-20.8555075547 4359.67901217
1631.45598736 5176.4088114
-6414.81241787 -2048.83706182
4650.42146565 4193.49884558
644.155359735 6105.431018
-328.703028255 -6508.2304682
3656.37753386 -3208.56870867
3146.70671354 2488.30014447
4023.70426332 -1639.53557382
-524.177643032 1910.04696215
1631.69034514 -2858.8921777
6639.88298541 2088.20271382
2405.96901141 -2561.86806012
5689.00548436 2181.82489937
1788.77854437 1714.77951768
171.999750882 362.10585778
4631.48052597 5145.9868795
-2520.93423534 -4573.82836228
-3596.89587889 -1002.23727618
-3766.75489451 -3270.48260826
3022.4220778 -2519.60010313
1926.11362375 1833.44079173
-389.41116738 -4134.87240654
2211.43677472 -1452.16430307
2771.2626939 -3326.73032073
1610.30914825 -6751.82915123
1509.4611943 -5934.6157831
4681.07922459 156.591074024
337.506403656 1612.39431939
5973.68910592 -221.349338824
-4430.3317537 -3148.16708093
384.23473137 -1171.47384479
905.966405646 4549.30279147
2990.67392951 -2634.66785596
5080.33409138 1830.7003283
-5613.17397177 -3058.84958658
2261.83277994 -1427.35258078
-4152.62100896 4246.94020715
-5707.92217275 1230.92576914
2226.16624917 -842.396806432
-2873.67208507 4250.20479782
-885.444570413 -3996.80387605
-2650.82834262 188.792677134
-1818.94375001 -5544.59878565
1068.83358627 -3239.74723978
846.62536936 -6194.98038296
2069.05583616 2571.90723743
-5786.76469998 3908.79251148
-3633.80044231 -5700.59842477
5189.50772308 -3937.20663126
-1694.45718211 -2578.6388603
-3402.61675949 2795.67321776
-3532.26940389 -990.033753268
-891.211514377 951.705134804
749.395127335 -1719.43554539
-3414.3034996 2885.48179895
-2561.77495679 816.647385531
2035.86438441 1542.62645126
3327.12298728 464.438325981
-5818.10725252 1904.4882936
-2648.77212691 3550.16917962
-5409.90399593 -50.7050643992
-861.987413165 330.196624009
-6605.78023398 -99.7256025413
3454.86083238 -4665.69503778
-1917.71961053 376.972945973
-1495.1909317 2069.96979755
4354.24670107 -1503.95062703
-4265.32714091 -906.862506847
-1501.03156813 4392.80787193
-2896.41832717 1743.75020749
-1031.71914592 -1992.76263244
-38.5268853807 1591.64206924
6339.49547351 -2722.00183858
5135.16745585 -2731.28734379
3600.35146002 -2170.25393899
4383.87674011 574.452164735
-487.170748819 -1156.35930831
1397.50973964 -5496.92970566
2834.90424202 343.006378116
-39.9264980425 1585.16723427
-1137.7582344 -3672.98583563
-1596.54469741 3239.82543487
-4902.13241582 725.683011229
3245.57881866 2918.42581139
-4667.70809605 990.374226627
-3332.5455775 -72.7461241977
198.060056965 -5514.31484653
1737.43030538 -2158.77070709
341.852246225 5021.63799458
2525.26661422 -5201.38871905
2946.73750471 3061.36915046
-2554.13769735 -1038.67287288
-1671.26218274 -1547.50256102
2729.46852442 -6308.16283655
-432.644812443 -4117.19724437
5973.15876164 -570.422619946
-2108.91910578 5231.7398244
-2637.12985047 5080.47027732
396.691459571 -3189.76352193
-1480.56165276 5299.92443829
-220.470553077 -1625.81018026
-4571.13666454 2544.78940395
611.538756759 633.65081141
-2549.96149699 -2978.7171559
-6083.04699964 -714.700089312
-2379.25501064 4479.78567889
-5369.93744916 209.73057018
-2744.47698727 4064.15650159
3217.6063466 2238.57000117
-2258.88086667 4865.85787755
6115.14432771 -367.458684531
-2192.59474348 -3316.47467344
-4215.54341719 707.923359336
-1906.21074313 -550.877740155
-1017.5290451 -4334.32011061
-4223.83339879 -4706.66424493
-2847.89439472 1300.00480162
75.7367770253 -4717.92281487
5203.04434717 -328.753246936
-1987.44785607 -4018.08569259
-28.103030956 1501.57046443
-1235.72738484 -3613.56820031
445.649016352 -6474.68926492
3198.02070058 4748.2402029
-1794.54530527 -3958.19068271
-513.300818043 5869.36769946
-328.368331163 -560.349282465
-6086.92572527 -1249.40108537
932.274243449 3888.28951528
3590.96542968 -5393.72925352
312.871322847 -633.594914504
-2197.11495398 -1166.02875385
1705.20642832 1182.28046341
-4626.31044777 -3099.20132245
5648.75141292 -2757.75232628
5008.89494376 1655.13511317
-1851.48302656 1791.05787647
-6029.74322287 2145.69721627
-4038.38618097 5112.8110474
2772.43352626 4912.60440251
-2435.7458466 4892.91950815
-1461.79938751 -4308.81032221
-4191.94178355 2589.69520166
-26.8938072966 -5874.32467667
-4802.08158449 4552.87498672
-531.699022979 -593.058074954
3388.94710285 2803.40845176
160.464572745 3758.27861336
-2557.00289786 5287.77938718
-2318.95573586 1934.34121927
-1227.63777643 -4891.97032051
-4289.97460038 2675.41274939
1013.44565235 4112.12164927
502.927522929 242.278312632
1652.49844178 -1346.83072535
-1426.72252278 -2159.98345546
-1793.04645134 -250.924452863
1475.16857008 2776.32068969
1139.51520947 -3076.97224518
4801.04796849 -425.312795768
2199.16927908 -278.317686135
-1687.01593921 -5064.54512829
388.334332636 1455.36742869
-280.164939841 -3.55129898746
4242.24352674 -1782.68613677
229.448062958 6576.89099505
1388.63849401 1586.58063336
817.524131741 -2478.87481461
-604.674907653 -2823.71891177
1209.50179405 3422.97828606
-2371.56096909 -1558.42284249
-6226.43414947 -1286.01968231
4097.57920568 92.0059382583
-301.201201257 563.735995225
-2998.11440865 2801.7937958
-3484.17142959 3001.83993098
2987.68824649 2143.27959127
2859.41550718 -4923.22115628
2.04753524389 1028.66801326
4051.84364107 -2358.02148683
-6274.89829989 2149.56228969
-6367.10998489 -519.196977016
-3743.4313443 -2293.50479577
-4130.17332587 883.076402249
2766.85334706 3844.13968643
-2691.82454359 6412.88408016
-4233.90663682 -5233.55214532
-278.536307612 4941.39564371
-3986.52258252 3621.9934198
6.12303176911e-13 10000.0
-1297.38048878 1803.91386543
-1996.01508158 -3080.59509995
3275.23790575 6000.75743757
5241.83420315 3093.04169533
-4420.12239119 -3573.36922043
568.852307738 4676.6275264
-166.956271762 3159.84836837
4154.18163778 -3827.9204514
5215.09663637 -2106.30535769
3912.56946275 3030.0075263
-5593.36027707 -1543.94410368
-2330.93392083 -5938.02841319
-640.24569188 -2444.88333196
242.220401722 -3089.91092092
4088.62498519 5671.92782683
2926.39403123 2032.83940315
6201.4522053 1761.45674719
331.542920294 6796.15655865
-3014.03818922 -4434.36534855
2242.9607635 -140.910329781
868.617667818 4394.52327672
-6440.48600146 2660.82325216
-1103.28669193 -4889.97312129
-191.372288889 3236.53238883
-4682.40839322 3390.5331077
-3659.4856325 -4892.7441085
3913.88163493 2096.21513596
3307.9060968 610.711278978
-4292.54236822 3914.94604637
-2834.31387676 5552.0761651
4118.60810894 5015.2160986
-4282.51764841 -5032.78477656
-964.584872097 -1433.78981666
558.159021966 400.25620793
3724.26231996 4179.06142852
-4972.74714916 -2797.50472512
6357.84764108 -92.6886464202
-4558.32214145 4658.38296213
-1950.57597786 2534.04647221
-4974.04432765 3226.72682413
-1257.94641092 -2320.36461723
-3183.79239955 5776.78633964
1310.198859 5742.90644767
5325.9460169 -566.994860429
-5460.42675035 3181.27472441
-560.4796619 3830.51381258
868.051949379 4145.4542508
-1214.16239053 5974.79549778
-4269.81030804 3278.7944655
-4994.95052726 1315.07454248
-2594.05320782 -2644.70191164
-4202.07445198 2178.95510534
-89.0558370739 -6102.80565769
-1227.13578827 4791.92379962
2905.51859345 -2298.26738413
-2893.77193903 -5161.62056922
-219.478387566 -3439.50746394
-5268.89759843 2981.13998012
1462.12735396 -4956.04115303
4061.29247915 -2294.64789335
-4780.30033848 -1527.65867812
-5830.50810908 1432.20218551
-1595.67085596 4219.86627191
2965.97125563 -2057.78056171
5798.4314941 -734.350303
5646.86622374 -3474.88115353
-1178.27968524 -1581.57564428
247.621999881 280.947456872
4129.36126792 2186.86096833
246.026409302 6749.60598316
5240.94253446 4336.98864362
-1834.29736197 -6594.19372226
3182.93102987 -4980.88515562
6201.32200624 2345.19685014
-2378.35019556 -1056.98070032
3403.38399256 4965.92869266
223.843206938 -3245.46246047
-2935.68397765 -1469.19740406
3734.33323665 3006.78478177
-210.214639128 -2651.32766246
316.688857334 -1092.49619623
457.026606478 721.533884021
-1644.00393672 77.7430598224
-2698.20841875 -3917.69322129
-2254.6958263 -77.4683344924
-1814.35424222 376.466088174
4741.19392572 4082.07811316
-354.414918853 1837.61417859
1519.61891333 -5444.09714247
-4045.73715247 -2877.26739412
-2985.93686022 -2438.04689084
718.401416982 3130.02857373
-1641.8097013 1006.09623298
-1862.7715946 6085.43757966
-2816.60905689 -6016.36455607
-4233.50453801 -1766.48554859
-3059.05359355 -131.04141355
-5357.20035828 -2251.9962547
-3676.66025553 3978.9400446
1578.25114644 6638.85319446
-2158.65669044 2614.5570449
840.492409892 6349.83691005
-6395.80654846 774.763976871
1828.85692186 -5081.81502578
6089.49900289 2393.60348039
2946.62848728 -5893.01853522
-1181.82114426 -2039.95586025
-3474.47773019 -2333.17681368
-4035.44912172 -3902.18855117
-4713.82531214 3497.48513814
-5897.57619568 1045.67451583
1495.59774703 4492.13979004
-6532.46973765 380.102550317
-2054.57700127 3654.29211655
-3964.65737805 1502.45863132
-3421.71465406 -4463.39680942
-1188.28863003 -437.207852122
-3622.2614272 -397.721688136
-982.657308335 -6256.30810432
1602.93161822 1554.13371945
-427.430094151 -6492.47241854
-2061.55645808 -2069.35633607
3544.15122052 -4776.83866996
-154.765736798 -1030.1609914
-273.669791685 532.686755149
3420.37424463 -5755.21129279
860.719957954 -6853.45699539
5789.76584243 121.227226739
942.310667845 -6044.21328097
2568.58408476 57.4961053921
-4345.92791055 3769.84320087
985.219157272 4438.61118995
-2204.00625752 -4478.98819829
6477.95136851 -703.499613986
1421.59685833 -2922.5080397
4355.33001553 -2456.94655312
-4142.06592696 3928.28647296
2492.80540369 3970.24582403
-4826.38209083 -4572.60517431
-4357.92333423 4629.29663733
-1156.37631338 -6125.02574686
-1896.77476294 -6662.58881643
2769.76482409 -3236.86364728
-678.473721611 4788.96536256
194.899642797 1324.43740349
4340.21610027 -1209.3245994
-4761.63878264 2827.60391002
4632.70754928 -1059.02767187
1375.22463483 890.750724248
4821.70738702 3035.82979561
6454.17916048 -2428.860436
-2781.50009638 -4451.89993511
-3370.55497519 -1619.89108692
4319.80258035 -2805.41491754
1211.69179953 -1609.16711401
584.511893067 -3694.56112972
6539.96043963 -177.335630727
3960.43141985 3515.97853633
2601.00923769 5482.82053445
4131.09427067 -3002.07190584
-6851.26837916 -628.265149709
-6042.62346058 -3119.85127952
1504.52540739 -6251.09538896
-1514.70109057 1824.76354425
4257.613455 -2896.85194545
-3936.60562709 -1260.71943583
2316.78303932 4823.80206963
4405.94609396 13.0132992531
1255.25081983 6174.76079238
-700.64503537 -509.531362764
-870.88079101 -818.450658289
-4017.33296619 2300.79180838
3611.31484078 3041.73908366
2828.92172655 -1620.39659528
3023.67399623 -5699.43501772
-2096.58476461 -3521.44282739
-4870.01490667 3600.6385945
-566.315624185 3914.08488914
-4150.90976915 -3859.67257842
-4038.34000768 356.058580383
17.7031402461 4927.53363461
-2985.16295911 178.126410445
-4574.39671442 -2537.28300356
469.715911078 2778.31084494
-1938.60242155 4675.47485271
-5297.26285895 3666.46616407
-3395.09380385 2788.42724212
260.500640628 3461.12241286
5255.82484718 -215.664885493
-584.556285533 2507.39443448
4120.38186276 4729.87705648
4659.00586999 3224.88966686
1463.72595433 -4213.63716966
6021.48741364 -331.777764587
4957.87131886 -4055.86786564
1094.93133873 2220.12054555
6152.33676544 -2686.57093391
-2852.88227918 5626.95476505
-617.777867657 -1640.80975806
-4443.12945416 -3734.21916883
-1796.08167515 -1921.06625073
6239.01185619 -1941.9191212
-3053.95193033 -3153.03551679
1728.05721704 5484.10643023
-5637.31477948 -963.737043868
5373.04551444 -1324.67328316
-537.635557653 2008.48917382
6024.51403998 -28.8317642025
3115.66467334 5519.33511595
3727.31797677 -4973.13921725
3556.64050503 -2266.55585458
1927.68376447 2331.14252807
712.604592178 -1299.09134199
3406.27922311 -5181.04271855
6580.53846853 374.29191568
-1173.67853419 -526.450674491
4474.58896129 3484.95573705
323.59161082 6970.22851353
5392.52705941 1438.13643907
-1428.8880706 -5730.35933224
-1396.21027401 3472.780313
-2329.0511686 318.658016212
-2126.01769171 -6211.77507118
1658.68064259 4632.60755325
2661.08352342 -1096.62296129
3190.47752371 -288.977265311
3021.746219 3201.40257645
-5675.41451276 1400.71502064
2536.58779097 -6001.12130784
-2570.35115172 -5893.23210471
1817.86166615 3530.47692159
-2947.5349741 -3186.49418515
-5399.56956178 280.51122251
193.758587839 -842.520317479
-2459.23371088 -4914.41009937
-1715.09007326 4078.88263184
2820.630437 -5717.067843
2494.21314807 2407.60855091
2594.34319154 -66.3490690398
-4285.36139427 -4165.58180474
-3114.0418119 -865.425444318
2424.45715677 2106.68154428
-1845.11366599 -5313.47271758
2166.61501047 -2877.26881493
693.457033885 5973.19460231
6498.87421443 117.259448694
-5548.64603841 3363.62427585
-1.83690953073e-12 -10000.0
3261.93814318 1608.10063809
-2880.85590009 2600.97205378
-4260.80751901 -3951.47642006
2848.56024877 2859.52168574
3064.9119926 432.452949431
5481.12997342 3856.29108634
-559.773986342 -3686.39879991
-1498.68199413 846.770166863
5129.36044292 -1217.98819702
2301.67802808 -4578.65445494
-6081.35537887 2797.74218118
-4194.82416025 2449.50880095
5120.53305682 -3928.97668384
3519.68497251 -5422.03226377
888.879202026 4744.56199075
4525.64395403 3813.83545103
5887.0640356 -891.18768392
2348.34610349 4339.25412367
2266.07433696 800.940935115
-1610.45135531 769.537638113
1124.31290747 5561.05299687
-3101.06221445 -694.885573866
-3472.98458918 -1071.00531927
-3065.11727199 -5371.04320149
3569.93401116 -2074.89210548
-743.347130312 -200.47264822
1897.47400294 1154.62547178
-4770.90830039 965.088444354
-3258.85904875 -4635.10640049
-2642.76741212 2814.01737822
2763.49724995 -868.62186189
4348.05400214 3664.52469835
-3861.26328503 -856.227745485
-1808.93764048 -2918.92683808
-1338.1431503 5442.97364669
-942.540494069 -3512.72283911
200.17724714 3559.0174701
6173.29183641 -2365.07905548
-4020.95778608 -4925.93865136
1860.57109267 1851.3249807
4686.23984265 -1832.88003858
1993.25306986 -5408.43778348
-836.955185249 6532.25997003
-2874.02550613 -4667.38530485
3198.46777658 778.945295979
-1783.12606247 -6298.61189419
-6160.77717965 325.261805917
5825.89924555 -842.795959291
5058.99683705 2456.04979226
3341.34578227 -3249.12353707
4757.1276568 983.845557506
-3440.67649344 -1514.01003419
505.065007144 -1813.66602697
-1015.33042534 4825.52720371
1472.58413599 -1898.35226309
6433.54469832 -877.861850865
131.943710195 3599.67008816
-4738.35518945 60.9498903863
3068.84040658 -6043.75384218
106.042954774 -2584.13674898
2963.50036909 716.800023658
5388.49435993 -4435.20217898
-1520.07998666 2202.75900842
-3168.26515174 359.803189395
5121.31570456 1715.67147701
-4859.47320696 -67.885598646
-220.0301881 -257.405725339
668.280678312 5140.28530152
-540.101313457 -241.382331089
-794.921902654 4874.85144022
-3905.8603131 3974.44452679
3520.67920195 762.271503988
970.58235716 4601.06686418
-2780.68710171 -2032.14465564
798.444310861 4465.36028377
2134.31320622 -4483.52991993
4493.51226913 3303.13113078
3672.13112252 -3234.31624166
-5993.22231968 1761.77506702
5757.09819182 1068.00853217
3476.99742962 1747.08479204
-2670.70666461 4835.37870041
-992.25275976 -6594.09315893
-1183.98458496 -5288.95471802
5269.06426084 -2928.35527016
477.993289837 613.192764257
-4227.28602092 -502.371018556
-10000.0 1.22460635382e-12
-4714.34345919 3722.8389373
-1240.27251342 -4822.07443246
-2021.15567508 24.2462297877
5614.43796947 176.917508829
-2439.04865778 -6223.04182395
-2351.60498225 -2281.05411396
1592.68090866 -4451.25419075
45.5999950534 6997.3176723
3943.71272846 -3317.20095375
1915.85051317 -2000.2778582
-1419.27855983 -3373.79833038
-3569.76408875 242.526163903
-5648.86407023 305.534873264
-831.98466178 -3643.55136322
-4017.23393263 -1086.05257179
1657.20061261 6064.50900476
2534.56402265 4578.8585239
3304.15418201 -1485.04981166
1550.82983448 6032.38488329
6585.45989946 1149.44826306
-2924.19566932 -5894.97099655
448.48677367 5840.38238773
-4149.30851692 2305.50766873
-625.056721809 -3818.70719291
-5857.7862806 3495.87678223
4640.01096738 -2908.84457401
-65.9256722253 5736.02629846
-3326.72776032 45.7751349814
-4363.37535639 -690.974780812
5223.23688954 2445.12603288
-1504.6709304 5615.54235678
4186.09028452 4786.19259365
5216.72318481 -1834.54162691
897.830093885 5082.08798559
3998.65890806 -4985.15610008
3634.02784669 3132.70299832
-4324.34759014 3949.48871759
-3517.71356021 -2081.0769205
978.164584089 -4182.0958001
2053.97498399 5386.23226186
-4063.38687069 1942.96315922
2537.10181641 -6173.57077226
4535.53018307 -677.047522011
-1863.93015423 4225.43794195
2368.99264715 59.3094941856
-4040.57758217 -2996.0689877
5069.61992585 -2053.29995625
2080.7316235 2074.8129547
1954.56893748 481.398923943
1366.69237069 5411.11544502
-547.476051884 -6674.45637511
-5934.32797103 -1704.56221649
-2995.95531804 1416.8016581
-696.756930669 5185.47685776
-6621.23602418 -268.727539667
-2727.78661058 5418.88631445
-6640.99941504 2130.61653476
-1552.92126214 -4616.89784688
6010.21265341 1987.93101063
5880.54125579 -235.002086387
