-2142.02140286 -4533.0236237
507.898460835 4774.45930493
4497.41925613 -2704.76789462
1410.52028882 -4292.91099695
1393.05537711 -3266.48837493
-3088.13111417 753.05432749
-4291.50455245 -3699.50308912
4986.14088577 -3204.40366734
-1980.5431427 1692.08696118
4274.7407916 807.78159002
-4466.1887685 -3319.84768722
-3209.58591139 3509.99124114
-67.4028460565 -1344.51795901
1793.8534561 -3976.54672747
2688.83095441 -6190.25756762
-3537.91613849 5902.6612109
-3258.77878601 -3979.50799225
2480.29313002 -1912.43539141
4327.59689679 -4587.86478863
375.464530816 -3687.55557734
-1537.68953246 -1950.51253301
-1948.88045221 -2332.90300675
-684.499094829 -4047.26077774
2098.75595018 5594.64307786
-4475.89080607 -3589.16908177
3514.32684813 -5665.1235535
-5965.46112818 -10.6879222955
-4249.4123367 697.073409516
3694.72658791 -99.8722595875
-2041.75011797 -2118.91045463
2439.62281113 5243.04389083
6619.40595064 -1548.92834248
3692.46220692 4985.88255669
-3676.10179089 -5602.5887608
-6510.72353109 380.705839479
182.098768589 1316.57889216
1712.503721 2408.15391403
1169.13455378 -2721.80949488
2800.18663333 911.116654661
6286.03225676 -1574.24301458
-253.927552355 4521.73679265
-4282.3437079 189.373647578
-2390.45826725 2322.82841966
-1453.90177292 -6172.33718567
6572.66438388 230.387284623
-5073.37067635 -2331.59855427
-881.011565526 -542.613184417
4662.33930001 2377.49566379
-6273.58426966 1040.53495515
644.852727624 219.263844915
-1010.91520233 -2394.12563386
-334.653111094 5905.15813734
308.438038248 -6235.70574347
370.063035514 -802.331051935
2799.44804575 -2892.57531192
6135.5824405 2580.51791864
-5928.43507861 -200.203674968
-4650.02619995 -4244.49002162
-5802.99110797 2210.99392755
-5436.90946375 -3816.25146334
-1749.81250619 242.337920438
-3364.76881927 1650.44406829
-400.162736282 5641.9773205
1303.14155157 -1928.88503309
-802.531495315 5657.06490232
-3811.22439585 850.111270332
-142.783704907 -4194.13012501
-1587.38090136 -2400.88335209
2369.17413766 548.431399009
-5319.69873839 1885.85611075
1967.03483587 -9804.63023038
1684.34663805 4911.10477631
-4576.94185764 2788.26009166
-1543.68202813 -6535.43486622
-3162.57666243 4226.18754997
613.285134933 -2569.15085725
-1726.14756937 -3214.86486551
3221.5519869 -278.999599257
4886.19455099 4272.22515557
2702.6734989 -1714.19748748
-145.472464048 -3250.98848459
-295.957292719 -1967.04934538
-673.842791705 -3930.17409966
5953.90832594 3427.71051803
-4276.26471705 -1194.58578274
-1643.30140879 1575.69818769
1682.88140043 -1155.82304416
-8800.97546954 -4747.92910485
-733.183825072 2488.19845413
-1966.93980764 3594.30672989
-503.146236298 353.976767571
4113.56007067 -2105.81514719
-1326.21721132 3281.61071898
-5305.54116106 4108.57898592
2223.50022158 337.253068496
-827.587885999 -2430.85755265
2624.72659666 4803.14269839
-541.525878406 4561.98649085
-3939.79605596 -2260.20603939
-2234.45836516 3533.79264944
-72.4791839203 -3852.66852557
2282.0110451 1085.69782182
-3255.01618569 5983.8484406
-3145.62229719 1296.54050572
-3026.84191489 675.109655911
2968.57679842 -5504.09715302
1.49278416997 2847.53780813
3280.38845004 -6080.12129261
-5983.19739917 -706.727203341
3705.59161563 -2189.26139618
447.192722821 6578.45609537
-2685.11589509 5106.87883474
-5216.84072406 -4464.3605423
-5826.50174044 2572.50336344
-4817.80272039 -1651.93815356
1520.66893592 -2571.86931302
-3022.79083057 1888.78118971
2053.52851945 -2333.67109689
6471.85459799 -2197.92347544
2778.30006942 -564.221687434
5738.78358375 -2320.56944185
8787.42708025 4772.95771083
2017.6671644 6423.56544037
-4505.47742346 5302.94324433
6556.25963507 176.202397631
3566.76675335 -5367.99690318
2409.15667489 5180.90730416
6041.10453661 -586.139825968
8896.26827976 4566.88194445
-4258.23385468 5391.87488248
-1033.25138735 -5612.74042048
3107.88700964 -2661.32480006
-2646.46535589 -2788.83130097
-3158.81865245 2171.73768474
-1458.45647693 1083.54673848
5917.38195341 -1500.15785591
4999.35941344 -2102.39985654
2768.37314691 4975.37918399
1518.64962286 3754.33702187
-2091.49183846 5300.75843505
3219.83212332 2773.91709459
-2151.85786287 -6421.40953696
5586.32002453 117.700667486
1223.72243201 3858.8273435
-4197.56823159 -1314.50305001
-4044.35770087 3870.79101046
818.950460456 -1398.35568493
-834.12708169 -5882.93224767
-5439.35695541 -1261.62215193
-1925.45468682 -6461.72960226
2351.32935764 1314.8511175
3560.8464396 -136.916654622
-5035.04241243 3000.59155313
-1394.88525837 3724.68346892
-939.330902825 -2659.92805277
1456.46769753 -2763.50942434
6068.66788224 993.39655437
4179.20159344 -3593.59185254
5266.3398588 3308.17015812
2612.5013113 -1574.36083433
1046.05688114 2853.22674795
6035.57422715 2999.83244489
4743.39905421 958.511229936
2896.57047379 -1660.70865986
3213.88719962 3823.78714244
2322.23815656 10.7341029649
-1272.15555531 -5245.09999001
-4081.98939843 5061.3135795
-698.484431215 -2236.36196075
3214.2017069 -3628.03860468
-5301.56802612 -2748.45494762
-72.3031781872 -9999.7386091
-2576.77606265 5710.81257909
2903.95765786 5642.59594858
1690.81977977 -5776.76900449
2092.00810313 -543.890253416
3756.24486581 3574.22107523
4111.77938839 -2284.45371451
-2085.49665806 -136.016212692
6223.9543335 822.694440083
5902.66133411 -545.181374657
5447.80977661 -169.8984282
-331.161621535 -4213.9818242
4930.35477708 -726.303638656
-1337.16030303 6676.55757875
-4552.23719836 -4511.50836428
5481.21861356 1483.56782395
-1735.22095774 -5968.97148656
3107.88076867 -1193.05914936
-6090.14594949 -3209.43226319
-664.940229258 -2644.09002953
-2624.31659476 -3843.97961784
-2978.87065522 4965.19935242
5111.60242289 4634.34022777
-2211.82079346 -4518.62347921
4813.59395795 -654.817241762
6066.50465912 -2706.50966345
6591.61714817 2226.49417431
4013.0863595 5504.09380796
1271.19035104 6648.84545762
-402.218244106 -4405.95018608
-4997.80110983 1333.96190878
3134.71666161 4273.79384678
5497.93456593 3022.99718743
2567.02193698 1038.89362994
22.7586644081 268.258485369
750.740594384 2046.48179704
561.356206884 278.628487037
4949.0136841 905.807835051
2700.72886666 -2289.93292468
415.155354684 847.679118912
645.352860821 2042.39173461
-3188.10001287 -149.273139522
-5187.04029029 -1541.94995833
-5853.38371092 -2874.17652934
5258.06873876 -2545.96755353
4595.79932366 -666.337550074
1658.73043369 -5518.38627428
-1352.51860351 -4005.75874252
-2273.22458577 6591.22735756
3710.48416573 1063.45204319
1006.04209833 -2953.13338703
5778.02925233 198.342715748
-318.278115743 5828.1401813
-981.774690511 2593.66121789
1499.67915202 -433.347519555
3786.85681916 1819.2989398
-1199.83069579 -799.743452177
-4587.66354114 -53.7898618069
-1869.54744989 163.747896223
1946.28589024 -94.8065473142
-3712.00248252 1004.36268994
-4573.23614405 -3925.30450504
5168.39412758 -1172.7733068
6308.0352665 -1116.03813913
-3561.99246186 4706.88967866
-551.948923444 -4103.53994596
661.344237783 1836.69340336
1822.99194325 187.998817855
-823.706356082 3864.48527508
4220.45924136 -2490.54270098
1903.71635886 -2686.01027967
529.419650705 -923.659884027
2722.68136271 1529.08903334
549.742110463 -3332.00373585
-2856.36401917 -4958.90431157
-726.116998876 3872.84761258
1045.68142355 2118.11747439
-6672.48405771 1147.05691513
-6003.82134237 -1864.78145286
-6622.94697865 409.879539477
-3722.93968495 2574.88668205
-1173.55627278 2382.25066204
-5549.74146651 -2877.36942044
1181.02767663 -693.195568184
-224.482133551 6893.81355804
-1774.31089895 -2257.5143736
2052.55709401 -1903.1705691
-6023.0006842 3441.47070867
565.735170487 745.17382545
-1279.5599522 892.889487954
3744.82424646 -1761.07826003
-5171.28720228 1947.74280546
-3204.79240668 -5656.51693911
6584.43890656 -1041.14812167
2468.41352836 -359.450702236
-1806.30029817 -6048.59037718
-2064.93854665 -2504.35237782
6212.55045992 1135.75451422
3002.48311535 -5743.26510527
2614.35438923 -2514.53976478
-804.859563201 -1426.82914833
-5361.79159928 -2915.26048744
-4668.26337944 -540.434974306
3511.58465634 3589.79745381
-2254.34789646 2340.61510732
-763.778251528 -2972.63825208
5479.96474139 -1593.48439787
-7.30210282434 -378.301409893
-2303.17688247 -897.556255731
-1052.19696446 -1770.94160322
4756.96630342 -2239.02147054
2474.59530065 -2532.37050371
-6523.47682688 -2188.28843681
-4195.19288031 -4668.42185522
-827.753611666 303.725790308
-6189.10756065 -3230.90314248
5372.05852585 -753.757166798
1348.06444784 1274.85474345
-1934.90220201 -3321.66897865
2411.44199807 -5342.82003094
1479.93393299 -1694.34035304
3514.79860355 -1895.00689632
3320.01920595 -2866.86694671
3261.26577641 5506.59240547
1460.63903325 -4630.89920985
-2649.92332794 5475.53670412
-2062.13128094 3172.13298797
-117.290959099 2115.20641346
-3417.31271524 -855.873284823
6768.47370365 -915.397594117
4759.05597244 -2057.77283766
-628.74792752 -4612.46386339
-3943.156427 -3911.4393449
3074.09133354 -4511.66982395
3402.33729023 5937.5875228
297.261317869 -2.46118357366
-3023.88977289 2315.13924395
2010.9366959 2434.90148079
3451.40331043 4124.54852163
3372.13569649 -438.716034315
2211.43839447 6166.40828178
-5700.76996419 -2778.68823498
-4617.12645884 1069.71656649
-3271.618131 2471.48748799
3084.12189431 -2.6568741991
-4439.67179438 -2843.47152985
-1838.75460689 -719.704507465
2252.76747652 -1131.30547788
1434.25661633 5712.69659198
-543.809134379 1528.61114
-2308.14254763 -4088.27444031
4523.31542499 4199.62995338
-1088.44867886 1553.14901534
-4172.68855055 -1285.11875606
-2600.66350489 1077.96729637
-1275.74713945 2207.37069009
4269.18605698 677.599604487
6826.90020223 1422.11905745
-39.231678657 -6038.49546127
780.783682919 5272.36688648
-2926.75795676 5980.99141876
4343.41696222 -772.070219592
-3930.41483266 800.846266324
-1550.25526546 5742.69018347
3278.68221045 -4898.70955603
-1321.92982314 2978.10885564
4494.45642297 2073.45647639
4346.21328167 -3283.16352748
-1404.98235395 -6755.43202538
-318.23726008 155.885203328
1340.91113706 -1673.16580922
1458.8800957 20.5848127806
2122.30015206 -5469.86753354
-1757.76782033 6072.07552709
-632.162551579 -6672.18681339
-5037.81288351 -1812.63504706
2043.83488628 3135.79087605
-3030.08833471 5591.51956108
-1779.13849667 5846.77213404
3461.38720517 -2829.99286292
-6084.99538214 2366.82222305
-2968.72446667 709.955245236
402.41638507 488.602422198
-1347.13961914 -6585.72445234
710.683835174 5605.90221988
-2321.67132427 -3551.2310117
-4018.70756351 966.136151603
2369.13990236 4692.80940831
-2285.1631857 204.025075476
-4319.76688428 -3021.56870425
-6287.25131707 -1295.9806358
4024.2178176 -3730.78189908
913.587208098 -4534.95606625
-3728.10787194 5197.86583399
7839.36304283 6208.41260571
6141.14647815 -1264.96980642
2941.06220056 -5158.03136747
-468.415272157 -4449.0076989
682.611623898 2945.12007629
596.666115334 1609.34527353
1080.05824809 -5508.65105795
2914.44002749 -9565.87891028
-911.37525559 -4528.34567695
-2916.95209556 -5698.25020401
2519.90230046 -748.85827052
-412.903155133 -960.161895317
-4567.24517766 -2397.03011595
1859.43955392 -4758.21668569
-1768.34268137 758.147708647
3040.18687371 2885.70456781
94.5986787843 1915.56841373
2999.24240038 337.168280669
6562.54652059 -2077.49622978
3546.92957538 -5420.38159435
-80.9613698307 -5709.64876551
-2068.46213138 -5722.04220228
-1847.68727873 5886.7540841
-2767.88345662 461.615228297
-6821.59035622 875.916521662
-4682.35744974 -109.256474914
-2777.06189551 1721.62014235
3212.94721153 2658.80984879
3913.10704301 -4504.58573906
-2103.43478657 127.819816243
804.356513212 -4573.23013073
640.787642115 3953.99636418
-6057.77517152 2298.97885886
2668.83970698 -798.407435228
-2393.86012951 -4643.08949178
-3656.03448499 5592.82343487
-2113.26523071 4116.94438284
-3540.66152455 -5660.62641432
2765.89432686 5408.20436532
-2434.15400517 5307.60637941
-3065.95708059 -2853.85231795
-3497.76531895 2051.2949813
1267.54201495 5779.22084734
2612.06030198 114.671000848
-3572.84362892 -3061.53135322
5303.35003374 3824.00292749
213.143295938 -1843.25434769
-5164.83325147 -1131.08537725
-1260.4830341 -6561.1637925
5852.86784637 -2428.45374518
4028.26164064 2049.62070912
-6278.73179098 2550.71649238
2909.9897767 -5854.03955809
-2510.54428866 2551.27910894
-1367.26168256 -862.504966722
541.301458562 2695.89028433
-2146.93840258 747.296404585
-809.395596553 -2907.43419975
-1986.73409451 4700.68631676
-3351.0535778 -3747.12758727
-1423.43464944 5146.08143742
-1143.57089936 1304.25133888
-6008.22237776 -3251.68100113
-3879.39207148 -2556.57050159
-1560.20312953 -2015.90677946
-2144.10635638 3503.08566178
-6170.76311078 1393.86078902
-648.946144438 6026.78798336
-5615.11027401 -3911.55593076
756.749122623 6880.29938981
4958.011957 3329.6943734
-2387.08418458 -4903.6850117
-670.758504033 3861.20325366
-5510.88445448 1380.85908055
-4851.49962152 3126.45134317
-1062.20779716 -2856.81445694
-3589.88369623 -2976.76230056
-1084.29516638 -555.992154038
-640.90043359 -4282.82315418
-6404.71256021 1619.83786567
2328.8890896 -6302.73177527
1763.89009511 -3313.49644703
-401.826252631 5945.43846584
9545.36098972 2980.95346759
1941.6761176 3581.99255334
-1321.87794289 -4707.25035007
1111.68609091 1773.67651587
848.544377144 -4239.26337764
-4449.05162466 -4365.66241185
1207.80434425 -6345.53330939
-2103.92915609 -1195.71024805
3076.36782598 2558.1033439
-4844.19522131 2580.38846116
-731.800577555 6525.07273477
2303.20825945 2901.6491934
-3414.19190669 -5434.0217426
-484.67394319 6637.04983204
-1157.09808361 -2692.66549459
3433.03176744 4691.37599649
2945.28306661 -6340.96879478
-1488.42525291 -1583.43792689
-1564.34294601 4402.24303403
5563.4299397 390.839660589
-4600.78089754 -4040.01959028
4310.493981 3229.87102639
5777.66379962 -459.227486339
-4789.49360085 -2957.73906576
3582.85680716 -2190.66177258
-281.184585897 2647.12079354
-2730.1679708 -3598.83471732
-4389.8500827 -2960.61886106
-1301.95627525 -4569.4761287
-5854.93511057 3011.06978103
-5843.49228132 -632.988852528
3390.8254861 -1822.40157369
2051.17536645 -3576.68028621
-512.627824686 -2114.02447021
3309.8899938 213.949748442
3827.37265687 1072.07877829
-1365.25879345 -1718.06047912
4105.85666266 -9118.22027951
-2523.10800794 6516.50723747
-3144.9284223 -6018.08677632
5316.19469269 -2629.25691268
3656.0438311 -1976.43355457
-1248.57522888 -6762.51406041
959.369083076 -2580.49115592
2854.25960137 -5020.34214672
2453.47088904 -1954.73690997
-1115.90674445 115.182993783
6002.23516515 -2785.41292088
-1071.85572575 -2139.38802097
-3554.43339062 -2288.54947758
-4636.65046272 -3853.83244924
-2232.1749847 -3964.78072264
-3778.40214193 -4672.22719959
-2987.00629612 -171.603415934
-8713.4987303 -4906.62204342
-4150.03677477 1025.2655285
-2285.02960888 -4549.03069133
5201.83423513 -2674.23243455
-4171.7486724 779.832649
-4042.06094853 1038.79879648
2513.53860342 -5871.3802621
3614.97259572 -3726.04328514
2873.8165316 3692.03749151
170.074419181 -573.163377694
-6495.66823296 -1506.03135577
5104.08170433 -93.788573568
-2515.12058256 3533.00962062
-6695.96320102 -1842.68733121
-3621.94840753 -9321.02407106
4971.60287382 2892.66156685
5636.40829271 3913.48589059
-1057.48749034 1502.25480489
-5988.46036583 1536.62730516
-4193.02795991 -1312.8813868
-3832.47310878 5647.50161378
-3907.73616267 1556.53047952
1880.92652431 5879.88640251
3998.00592725 -2164.31665762
3868.19044372 -3334.7206164
-1018.08719135 4346.601902
-332.917480315 385.192747211
-817.126983494 1304.25141509
-1280.51328123 -2882.57896882
-191.85914112 3172.3503964
5143.20014107 -4187.95854582
5969.81287547 -2561.10482166
-4848.22299912 796.716548995
3429.21722382 -3552.81652792
-5823.47309895 -191.881741478
-5261.06522515 -763.083593948
389.084533639 6173.7865367
-6642.40811098 -1898.34697929
-1640.18627072 -1749.4849034
3561.85930571 849.645759062
4123.83491344 -369.30789719
-3713.95981693 147.953402728
-6699.51716368 -954.122791852
5897.588029 2518.00704865
-3522.30543056 1888.40176295
5226.05787856 4244.03940168
-3074.9410634 -430.153257313
-5177.32692338 3795.56201745
537.074342815 -1056.91649586
5484.71111152 3475.59780458
2094.47120288 -2835.57873396
-2423.74287546 -323.651354224
746.248815914 5094.56042035
-909.632498788 4354.71503844
6401.0212948 -855.46257648
-3302.89366814 2542.49611802
1587.95142186 -5009.03564334
-5982.16385007 -2019.44076578
1512.74808328 -3269.51397842
4162.88289175 3277.33181451
-2195.05334139 -5283.32300194
4842.56457327 -100.809659485
2663.59976651 -165.754394269
-5013.96655827 -3830.04799269
322.300596647 -6535.76523893
-3215.23257653 -1157.05063367
-2312.30961677 -274.63861824
-6007.14242183 3121.85053346
1404.93914119 -37.6320610862
5605.28145826 102.685185262
2461.3451358 -2629.44288687
4559.57674229 307.925054077
-6638.49919707 961.337376423
-5454.37625124 -3092.75858227
-3040.14570984 1683.32126739
-1552.86698706 -2703.87823969
5147.89041634 -1809.10841215
2734.00168084 -1104.50406437
-4311.54538593 -151.79350148
-6176.87444711 1041.62956117
3671.33407329 849.404732432
5712.70405571 -3520.34322336
-785.377774176 788.025780767
-3274.49792345 3314.98656699
-1781.94694714 -5029.87512808
-2789.95900897 -2678.08210969
4666.24743758 3363.01184357
5498.72140176 -1910.50292656
-6443.84101111 -1332.31864403
6111.90211264 -3143.401837
3690.26214148 -4408.75366752
-5197.12078282 -4596.51809862
545.069610619 3793.22146803
4843.705171 2214.69481867
-1324.68547087 6056.62600271
-1271.51371644 -5173.79509509
-5896.648246 2188.97364865
3429.88037979 -3454.23496205
6202.25326952 2534.91432693
-16.7604084163 -832.941987221
6186.15248418 -1401.1918271
4296.94609345 -2488.69653911
-3311.98413439 3054.06172527
3785.63919897 3121.46752679
4433.5416217 5413.01194829
-3449.78118861 -9386.10727356
1281.82961007 -4463.50870131
3969.96348395 570.617034278
-2002.344219 -2257.78165774
1950.20054956 2141.88166919
2515.67176901 -4606.58452301
-3390.19397945 3734.95729755
4346.62331458 550.794805336
-1338.85772378 5460.09775669
2408.26336329 -4995.1257795
-4000.21163836 -3052.51730236
-2389.87168309 5968.5160673
-2153.93745482 -4869.89817561
-2891.47182241 3388.53832605
-4686.34791751 -846.424263658
-2437.41324364 4838.34754605
2658.56069803 3550.80149234
-4671.41169375 -1051.44987807
-6554.97500176 1308.70792328
1757.0716248 1427.07364355
-1151.86915426 5716.33863223
-2014.69355194 3932.46633516
-293.86364012 -4123.3507677
4468.25330056 915.177448905
-3077.23332778 3462.22748266
4414.21120181 -4664.58261418
-2375.72831263 -5666.09532342
-3788.0441787 -2224.12509105
-4335.77436645 -4356.45114709
-6526.3399009 2184.81498417
3633.61698639 3529.33079911
-1134.05376758 -508.615545705
-4317.88971911 -2831.30405061
-249.049511372 3664.59809269
-5462.63916084 2755.74677044
3256.97213915 228.717409179
5978.49330587 1938.45562672
2852.56124045 -2826.5424294
5314.74124849 -3925.39810234
-3288.37877527 1882.38562059
-5555.7769934 -684.616962108
-3678.56971805 -2673.93336914
3264.84672927 -5473.37574662
168.167423064 5579.79339505
3044.753319 734.698228681
-3746.8152188 -5275.20637942
3560.33716954 9344.73109507
-2939.0919131 -4399.15676304
4175.79735706 -1893.8514134
-2486.90186546 3402.57161483
85.6734126356 -912.334580572
-5871.98868486 1879.72558435
-4510.16431054 2627.10499822
-6416.2942517 132.014072819
-6281.76055876 1746.49125105
3390.67491253 -750.052956825
4413.69626943 5150.47052003
4779.26867015 3947.84411399
3615.00535115 -4659.25942854
-2526.00796299 927.286026053
1084.81052641 1573.06259673
441.914202988 6182.72841779
-1368.32617137 1110.58260815
-1896.61267268 470.616513946
-1227.28570902 -1944.21219669
-3223.88078969 773.733669595
-302.23202232 5376.48718999
3461.19443548 -5320.65446984
6091.54181219 -227.21305059
-4408.81359955 4228.77406115
-378.92494787 6636.3925029
-3262.21669934 3345.04557261
-5878.50178895 81.0418114293
1590.8004448 -3954.38876618
5710.02797817 808.414608973
-1093.9311922 3183.19413526
78.9348627478 -4282.21477112
279.147929844 -2428.19291811
4250.90209183 -1601.90379654
6289.3586353 -808.770143922
-1019.88540958 -3770.97386876
-3282.17397714 -5848.56358018
-7909.24192822 -6119.14145292
-1347.72212289 5118.40023348
744.119354031 -3475.79931752
7218.1922233 6920.81650006
-4406.88091348 1538.68805795
2631.77425425 -4398.75156827
3756.94193108 -1891.39099004
1506.35066577 -4809.31655619
757.875396839 -2585.72259623
-4215.63185919 -1888.18810708
-4392.91578158 -2573.37062166
5889.94242206 -2128.34488197
-5003.24614593 3967.80086619
-3374.31415408 1645.49805232
6261.04792202 325.659296795
-3730.94729494 -3577.87060436
356.644728798 5618.29379765
-1744.36644536 -157.607432511
-3198.76638974 -1600.12012087
-1300.16938218 -1637.6016854
3302.05300627 -5589.04428418
885.208734753 6148.17679465
-4862.21703236 460.001330551
-4321.97490872 2875.0953074
2348.19590572 -6144.81662345
-2556.50385064 -1722.13439885
2014.22853422 -125.585653985
-4090.83588347 3994.23218316
4019.81400281 4023.51388264
3455.63792645 2691.40761247
550.716225282 -3064.71098696
971.798962207 5297.69107387
-2067.80603024 -5794.83600404
3465.1495631 -2688.97680097
-4851.0513822 -3934.76160205
335.47698333 6081.67999334
-966.656373555 3600.70938568
-5628.98199374 -2681.23228813
3084.31141701 1062.83693045
-2900.08901884 -1335.70541435
-9135.13122291 4068.09261696
-2117.80583584 -1507.42687468
191.82307604 226.513910087
3879.86916051 -599.846452443
-5799.81286759 3129.08348952
-3050.81325221 3383.66245995
-145.267935374 -4151.77928123
1986.50989155 2065.13003296
-782.615695888 -2801.44801677
-4302.1144939 3394.03715642
4596.36067036 -2485.37182245
460.735756554 -2529.32293782
-1024.1064608 -3927.71115292
6139.88251762 -1395.17111112
-3491.17641217 2752.07140246
2588.48770406 -2830.88531141
-1046.24583262 -6509.52363212
-3402.49350151 2862.2514063
-542.25132 4646.8449115
-2115.19165178 -2623.72537696
-1077.83997803 -4355.66801724
-932.630465226 -3816.73564393
-3339.55148119 3826.92254052
2654.04348992 -2552.69224326
1167.30287184 5077.2196813
5341.85434434 -1997.99323786
1892.72226596 -3792.08363357
-1292.14275267 1523.32976679
-4237.27863203 1267.56779103
3812.92315612 406.788358481
5503.49374057 1086.12128042
3825.92519987 -481.90517381
1180.14610426 4187.41475706
3138.30647995 2094.23893845
971.897020121 3277.132168
1720.95447518 5625.2664671
1223.18135868 4978.32435898
1737.60510009 4001.68149438
3549.75786522 3651.57929685
1372.66920014 4927.31561547
-5529.15007061 -1771.24944478
2434.26809812 -1235.54288427
-3151.48002538 3557.63346662
2986.71512214 5333.40153498
2228.56933486 1482.08689178
1909.90223182 -3798.75333375
1235.51027721 5043.00114199
-5428.30908245 3302.05036911
813.010889033 -5787.2520026
3665.92961509 2632.04410535
-4055.30624085 5072.80153449
192.729719251 -6936.85744435
5104.56216755 4685.35418996
-1749.00818622 -4771.33599325
-4007.77408589 145.233899268
5659.37947943 -1528.6946891
1483.57310622 570.110074893
4954.93505785 -1786.05149225
-2362.42722804 -1060.57922382
51.9594362428 -5351.21279305
1446.01866748 -3016.77808791
1846.89996179 -3926.85068537
-173.061211897 -5990.26923504
2535.2503114 1984.73303773
385.563526948 732.862586285
-3051.51839672 4035.87887971
3270.39795328 2901.19299803
620.099097488 3969.121184
-2228.80922559 -6434.92192452
3033.5821355 5069.79198887
-1860.69421209 -2598.26610229
