2295.99171157 6144.35970151
3779.34165771 2598.52751507
-2272.80629394 1818.99168062
-416.039453818 898.014909829
8958.66606632 4443.23106672
-6689.53403612 865.16953821
-4689.02476307 8832.49946342
-5475.35696596 -1625.38952381
2417.34992065 1695.6127578
6356.80607144 -1715.1787427
-8032.47385497 5956.45563815
180.314728441 -6096.51164885
2116.96753705 3440.79598356
-579.504571472 -2010.65424798
-8104.49933532 5858.07908139
-165.23422759 -5539.78688012
-58.5250273821 -4837.57647535
5852.52917637 -2078.58773931
-8175.97060236 -5757.90801501
-5132.90176693 3127.12682812
1072.049416 9942.3694384
86.7018626704 -6306.02436902
-3971.46324831 3554.10967276
4407.56408952 -401.627913694
-293.20102319 -6811.6450307
877.277871595 -358.672368205
-1017.15669476 6913.492402
-3800.77002758 4826.80710291
-452.849525247 -754.509287037
-2450.67685296 -1487.61613734
-5318.16971254 323.11593689
4178.3466511 4930.519738
2946.19395321 -5108.52554134
292.834973188 4032.9779599
-1293.36045683 234.140989084
5891.24815327 3567.77828533
-4895.21278007 -2621.28199615
-1489.59316392 9888.43325335
4178.69499512 -2933.19889303
-5710.10753373 1989.22965239
2492.56731429 4830.56127171
4962.32870659 913.31361396
9899.29039286 1415.64462979
7731.87655389 6341.77301355
-4193.70087143 1119.05060388
3636.12164824 -1382.97312389
-416.921421612 -5052.19117266
-95.8108519671 -3967.16487137
-2818.50405452 -1364.62448385
-4334.85081931 810.805068433
2879.93187958 -96.2840970099
3316.94213177 -9433.86956103
1988.81419724 4658.36358204
-3131.39912199 2342.99118079
-5884.86428652 8085.07095388
-2565.16385001 5485.89664611
4376.7120837 -2306.69816514
-2276.15940318 52.3317487279
4538.49133371 3768.5350636
-2368.75086582 -9715.40114126
1928.69411856 6185.23787278
5859.14708385 3459.70361878
280.611822799 4202.42423958
-2110.41668145 1786.42415428
-5099.00203754 2000.40199942
-1286.89367832 2225.90589458
-3277.24525556 -176.870329082
1450.82786272 -4815.9597372
2971.16017382 -4645.09829483
1724.50487879 504.43787618
-4086.49041167 67.5046129569
-904.07155532 9959.04888144
7711.79485059 -6366.17783151
-3948.24645147 4503.98695858
4096.91308046 -9122.24222498
-1290.21296029 -286.646689905
3926.17218742 9197.01973221
653.844605923 -6603.07962219
-5530.93597498 2256.52933584
-1559.39628947 2181.81154403
384.768484728 -6406.69311613
1169.58560315 -1252.77599197
-5350.11415051 3789.14430953
4443.25301933 2136.36683382
-1861.63353366 -3368.46510045
-2871.21056137 -9578.94304776
-3535.92015438 -961.869837707
-154.489028289 151.814086476
-3607.13886279 4768.56533762
-4341.2234894 1555.90574033
2638.99155526 -203.384403243
4235.51455779 285.209760487
4530.02290449 4556.22531045
3945.59699045 -2991.33009273
-4726.00565535 1076.86008713
-1346.00606552 1976.21140165
-9865.347276 1635.51922153
-3985.01095858 766.922265349
-948.251095013 9954.93947047
3283.63387364 5710.34436135
-825.434442707 6059.53204614
-4199.96439829 -4973.48731172
-4833.47781223 -4916.38681067
3192.08362209 -5442.04717614
-3433.88740993 -2917.3985267
5263.05453258 28.3400031561
3965.59122077 -125.186516041
255.056544032 -5678.76290639
-5859.68184797 8103.34058525
5766.73559826 -8169.74666313
-2999.74904384 -840.290868254
-1467.09071851 -1692.38962507
-4980.06364582 -2249.49918243
-1483.99694806 1869.63764782
1942.54181786 -2218.66663001
56.7589858652 -2955.89449365
-5986.90969651 -1163.73254087
-5942.56642895 2773.6721687
9944.43470025 1052.71956972
-1207.09752805 9926.87843976
657.209036144 2698.46162416
4894.32038598 -1022.32325021
9920.32764468 -1259.80134239
-9946.82610943 1029.87880292
2187.72548679 466.694698356
-9881.25154126 -1536.51162648
1571.51542589 -2941.91084225
-5298.13416052 1761.49364185
5114.83792581 -4001.36049167
6498.94898128 -2373.87188089
-5289.23473163 -2503.20008293
-5683.44806904 126.189541057
6021.30561309 -1896.14845576
-1270.34092306 6254.97781215
2124.02039999 9771.82364456
2158.61190472 -4262.40567368
6164.70203707 248.854055141
-8571.75928818 -5150.23715041
-2362.03435933 2720.3807982
5151.44503373 -1178.67800531
9302.29126215 -3669.7925383
700.946615429 -9975.40344258
-3728.25776052 1954.55366958
-4377.56082541 3382.63431945
-5706.57579087 4019.88607882
6494.55292343 -2397.80501472
4936.70374091 -4597.10798155
-4990.24448282 -876.99859208
2829.30551777 -5798.00697751
-661.797196285 6579.4134909
3744.62689745 5305.7202589
-3393.40384494 -9406.63650542
-2737.94726125 -1282.18444028
-6439.28086074 1352.19752812
9984.78282062 -551.463530046
-6066.21436014 935.91287001
447.769888718 -5768.89682583
2754.53965161 -201.060666107
-5953.06339978 1254.24481162
1145.21990892 2932.69851419
-345.890569695 -1198.05979464
5958.26479434 -2395.28135335
-1.05867534107 2695.67502017
6308.01610796 2545.08345856
341.744740169 1710.81499254
885.033972831 -5305.16822269
2472.89374679 3152.09874941
-5241.64043739 1643.03357201
-7398.43676236 -6727.7881561
-3090.731823 -4617.80700975
6337.49628068 -860.338123465
-1984.03831902 5882.06743188
-3768.71824367 4192.35937367
-7596.59448416 6503.21091794
-3090.18500952 -824.151124334
-524.643015784 -2664.63020522
-394.038608759 3552.15820987
-872.013028915 1259.43189137
-2933.12745541 -380.964489169
-6304.78807646 -1094.40995738
-632.892630186 5040.08973625
1763.81981493 -1256.83505974
-426.7977185 2794.56312674
-201.625407646 -3501.65891736
5644.07303477 2712.09007933
3888.95420636 -1983.22476015
3896.260539 -2345.8988259
9994.75357624 323.884161802
4447.79039596 4160.19611879
708.025567581 736.509072728
5413.64579372 2537.86217282
-2959.27164823 1063.44261007
-527.862085756 3620.27311968
1888.01809358 -9820.15212094
-1292.52522405 -9916.1171103
-2225.99095707 -4239.38007035
-2183.94329611 -6490.86803314
-2261.46950774 -5847.12828077
606.761575146 4714.70642806
5194.16508235 3507.38585604
-6767.99377589 -731.958103776
4853.43146513 -3675.50759753
4373.36645452 1333.047711
5795.32520727 -230.636685906
3059.27419759 3035.94661587
1027.30010764 406.851261896
-4724.01011314 3011.94069908
-3430.96979876 9392.99985308
3670.60045352 -2954.94575522
-6409.03197138 1973.40394921
-1621.56869891 6115.61227208
-974.055420234 6516.73584828
3630.43990391 5536.12231819
-4874.87888992 4917.56785797
-3569.47887862 9341.24298662
761.047579229 4660.02193635
567.76215707 1614.15914454
-3389.62677097 -1569.94086567
398.741933622 -4044.76863331
-1593.05943274 5098.65909203
-4464.75271105 -837.639330017
4107.40464219 -1290.0840673
-2923.87662322 2856.5064375
3005.18526285 -5133.6039835
-2548.84299953 1338.33072753
-3171.15337979 3417.76239399
1634.0473271 3681.86721947
5965.2988333 -213.668521269
-5237.04528718 -1103.64976167
2259.97837374 2744.40880109
-2999.18389311 2278.36504575
5088.23220367 3182.81899337
-8398.39342424 5428.35038401
-9848.54550461 -1733.825667
-8296.7145351 -5582.51985424
9929.77673076 1183.01905192
-4061.89259441 -3630.67589848
4896.13111124 -4213.66181202
1415.23439315 9899.34904993
-2561.20598357 5558.82980121
901.500106976 4571.77466326
4001.96324414 -2504.09713332
-5677.77249951 -4078.94507472
-751.581073692 3666.25810747
6128.28476982 2796.14374123
1377.45574422 -348.96301171
316.48707056 2971.77686558
263.498618116 -4101.06883444
-748.893761039 -3537.87646553
5124.81011838 -2556.92525983
4293.28154068 5064.83442975
3729.82910243 -649.213855731
-291.95137973 -9995.73731107
-4687.69438016 5041.10508546
6148.96879258 8.41636398148
6114.5166849 2110.37466039
5591.06896443 -1516.97753041
-2363.10116652 2583.62617929
-4228.76825966 -4640.1041169
-9973.61037238 726.013870378
5509.51023697 8345.37578235
8594.67942378 5111.89647806
1667.02567982 9860.07228081
201.552854141 -9997.96861602
7919.93647206 6105.29329995
-2241.55933777 2192.285374
-8520.49393501 -5234.61394025
-724.470157225 4697.76132575
-1821.42558611 2637.84100884
-4033.47485845 -1628.67150142
-2674.2856708 5175.27771633
-5759.62472027 2244.22181396
-371.360112765 -5821.56540994
-4318.6116307 -5015.03820388
1220.59127226 379.078555409
4602.24711554 4701.0823594
1890.26026752 5125.5841442
-4626.56338596 1958.33879806
1958.81799533 6319.58466649
-1299.94389236 4770.20844023
1338.17058639 -5147.64939886
725.323241323 -1993.17739486
-6006.37932737 7995.21152789
-6736.91577003 1887.73670398
866.201729095 -6754.86802907
1227.37922473 -5901.81962374
9866.34637298 -1629.48128198
4226.35628667 -4511.49793986
-2144.90344488 -4792.56662042
-7074.6301873 7067.50364082
3830.68279503 -718.1738529
1684.66796109 -9857.07329083
2863.21658783 5654.21678933
-4994.7326458 2587.55887014
3868.52068899 330.260413948
9089.43981431 4169.18263717
-1011.16058834 219.688210854
3820.15043494 -2535.96214587
5217.47612267 3087.93696638
-745.96863675 5231.18074888
-4902.38697491 -137.116315614
-3665.13676376 127.737932355
-850.6331376 6346.07104867
-542.593041866 -5229.2198031
-2651.75671928 -224.719324112
1886.05987746 -2846.25561698
-2672.98831072 5071.59674378
-9818.12196293 1898.54710791
-4113.88404307 1827.6393118
-5020.97094988 2850.9297147
-1347.48446878 -4678.39967566
469.316372848 -2168.98354352
4320.44325524 -3625.65681992
3491.5349338 -5537.55431742
8392.22723055 -5437.87845679
-1628.44130326 4726.7336922
-6190.46027659 -1011.04357268
7582.42897385 6519.72168551
2863.7773686 -1434.47432636
9980.12306882 630.193249052
4424.57213858 -5031.51987265
-4949.97574447 -987.199636004
4104.06423022 1952.59963849
1341.43487709 -4097.06800609
4817.75022308 8762.9494343
7792.96726107 -6266.55098662
2072.25820958 -1700.48982964
6096.14575756 2143.03612518
-102.107101555 -3376.8705534
-3604.70532533 4833.71370153
3078.40584481 1569.09207864
-7847.58369961 -6198.01823792
-3983.30067298 -9172.42147683
-6219.80988326 1085.63968741
4472.03139731 -1619.52422452
922.001393588 -6908.12746038
-2808.81057346 998.167999826
-6321.02244021 -1495.87108225
2122.92639405 -4083.71116784
-2577.77480193 1059.01177641
-3855.59488889 9226.82979429
-1999.52827111 5208.26674123
1391.49477285 -1488.78317409
967.600125721 5809.24087274
6676.51714116 1673.91110757
4105.22475794 1348.15459747
2300.5164292 -6591.83594361
-3891.85481126 -406.290929145
323.813039371 1795.30222072
-420.895156424 -867.327626296
-1877.84333119 5151.03836699
1644.64141639 12.7105960964
3787.73210354 -954.539218325
1401.07775406 6605.97838182
2423.52096144 1727.90881694
-3162.41325809 4011.64546187
-745.237009355 3354.62832391
-8874.86941226 -4608.32864664
-2219.42380528 330.033061916
2225.57816146 1769.87208034
-2257.43705503 4728.08856487
5064.53324802 818.509283715
4062.01394247 -1810.47822214
-1022.12783364 -5269.55856202
5204.5019559 -4501.86080839
1395.17430456 9902.19615337
2425.04126607 -1178.40865933
3302.11240411 4718.0578097
-9593.73230326 2821.40044896
5507.45342189 2295.5611456
2994.91188289 1626.20069012
515.082350433 5872.83413684
-1725.06338067 -3904.23224572
-4787.15704634 2260.24667455
1026.60801291 -6550.99183138
-1964.57893715 -4459.43072985
4848.12493984 8746.18114194
-7250.49337078 6886.96928121
-5918.870568 -561.103372844
-701.129180377 -579.190577077
-3606.35290002 4582.86952922
-8906.26991256 -4547.34606608
-5567.94275271 8306.50428896
-9946.1065377 -1036.80506403
5093.66454279 -3807.51120371
-2224.98220815 5373.58120498
2906.46839075 1587.23100888
-2534.57032131 -1132.00969038
-1263.30865542 2535.26754877
905.394715128 6808.48174767
-4095.76588709 3858.52428248
1545.54495477 -2048.13746303
1392.00008022 2949.34073589
-2411.33676391 -3009.03974472
-147.407872729 -1276.99954693
-436.285634206 -6565.87012355
2200.05310715 -5956.13290417
9496.19109009 3134.063621
4002.42997363 3885.45938899
-2925.89394307 3311.16824783
1823.00665605 -1212.07552074
-1863.39052936 -3883.33548696
3833.9893666 1986.27138682
-9730.86375006 -2304.40679521
-1505.12247209 -3339.59427838
5599.73447573 2.69936373527
-2891.36418118 142.871185275
-379.136258055 3613.7553947
-4867.22632491 -8735.56568873
-1311.04468427 -5026.8744052
-6511.35019495 1649.35771196
-5084.41625575 -4360.54377383
-2612.51678742 1873.46182312
9608.27906028 2771.45692729
-4716.79545703 616.158880827
6225.17500531 -7826.058788
194.080744958 2951.85052711
-6257.13279915 186.299868775
5796.74543784 -8148.48098291
5357.44651153 3836.19954228
9625.513545 -2710.9940972
3338.06608689 888.590514101
2890.59680722 -37.9970407444
2228.12663955 -543.598992567
-9306.13009988 3660.04679807
-5830.9800042 2724.56975894
200.039295852 -4289.69846178
-8008.39980074 -5988.78390255
-2688.24234753 6046.63447003
-4034.85008641 -3941.70612474
-3910.49495843 4851.94850721
-4887.39215454 -118.456425803
-6107.56566028 1116.41092008
-1234.25308662 -2965.9990291
1613.06704701 -4328.31577164
4884.06833768 4966.63527791
332.013093102 5276.70560215
-1728.02820279 -1299.51573606
-1971.78464051 -3485.65738161
-3089.85978353 2691.23360057
9929.44935736 1185.76366091
2412.2725215 2741.24229812
-3933.73903521 -3270.70370496
121.234522397 213.19929333
-1451.19432349 -564.520271101
3878.50980793 1860.46324474
1884.97221775 -2726.64318571
-957.455696776 5970.01154212
3159.63630583 -5005.6483325
-5324.53908225 -1806.33928643
1649.37615363 -5232.60689998
-4456.6422449 -2351.21954467
1848.01172697 -5630.20418509
-184.600994058 -5623.58082021
-2660.01101801 5792.6196747
-8765.26973361 -4813.52744846
-8524.30017052 -5228.4133925
1987.46310743 -1920.76486536
-5407.58382335 -3416.68528055
-5404.78162329 -1176.34471926
-6492.98078528 2277.89124457
-9082.93146932 -4183.34267346
-1219.32603816 -701.746059566
5059.39569523 -4123.04800948
6172.37372483 -39.8061632154
-2578.63598387 5796.74284612
-9356.18625767 3530.12446122
-5977.41353176 162.583051308
-2027.06843926 -158.249189566
-1748.19489326 -4713.96818084
-2508.00536102 2519.67810384
-9103.42580056 4138.55514565
1283.95984228 3896.39128124
4533.90213828 -2675.3171869
6234.75538187 -2307.04371131
-4002.78992451 -4973.49552917
-2355.43015713 -5190.25941971
-5899.99581881 1935.68074457
5590.61893535 3880.15825291
4232.57517231 -1057.40942963
5020.77630861 -3899.43968599
4811.85258403 -2140.57236928
4012.24655168 2065.43246863
3933.0160023 -830.823555769
4287.43273928 -2693.50050895
-3824.90136778 3305.48484133
600.182555393 -489.954554929
5284.47017935 -1074.98879684
-6224.01825936 -1281.25872414
3981.00959334 -583.290585125
-416.997254675 9991.30188162
3839.22141071 -9233.65469137
-4234.23280702 -1131.734927
4906.96496044 -3150.51527814
4971.05242602 2460.76754985
744.378574141 -5995.82317973
5283.24441701 -1843.0746408
-9755.71514975 -2196.82086591
1760.04355747 842.182886686
-506.118174531 -409.497197129
9695.96648736 2447.08681413
-849.062813859 -4615.59879077
2087.62541555 -5655.57138764
821.383609405 6782.84621179
-472.071863577 -758.976567195
5039.24983747 -4608.67988513
4358.63040186 3165.04453113
-6273.59563067 -2350.67013737
-3310.58140528 1220.3286972
-1829.41135621 2421.95849752
4573.30840895 642.97545934
-1851.10882589 5263.386354
2233.37167348 2301.10544382
3051.37059428 -5370.99831459
-7029.81599308 -7112.08036396
-1951.27377825 -299.164699151
2849.0131235 5389.20575996
-2208.4531627 1360.39239285
9938.19740353 1110.05962381
-6864.40486017 -874.450400194
1690.50690855 -3162.33919347
2213.15474514 672.441614258
5280.26664816 -8492.2779114
-1375.4308556 2812.13331041
-2063.26978923 1971.43774526
-340.124749622 6779.61025
-1053.64312311 4846.2034788
-101.306285001 -6449.2417941
-1205.82205441 5915.21464084
-3921.86527298 2643.74194848
2271.47193742 5986.83403854
7561.04265417 -6544.51174511
-3547.53938094 5401.87019595
5916.97457891 -1481.61140395
-522.828812773 -6318.96861768
-6851.33904719 488.72076402
6505.52326334 1627.07519392
-2221.24035106 2952.31703645
582.471902301 -52.6557037615
-4020.29083791 3114.68081977
-95.970285406 6054.37297767
5618.2841484 8272.53789522
3537.82756395 869.962541124
5242.21501409 -1050.78840977
3885.02631572 2616.53852465
8414.60130407 -5403.19210223
3284.12062996 3700.57655781
-593.790963797 -6281.79894195
1148.36084589 6483.26182036
-1747.77821866 3266.71287025
-1517.24681946 -615.197769507
-478.207066204 5729.6221641
9705.81399862 -2407.73225757
-6880.55916932 7256.57670789
-28.2696094574 -1912.97182964
3197.15964221 5366.90256971
665.538023205 -1257.18646181
471.525848537 -5817.2541443
3643.43312418 4958.71314671
5627.26230187 -2137.34741681
-2760.28335713 1341.95990531
2912.68153955 -4975.27046856
3047.73826089 3590.8225376
-4398.64617763 4648.59038634
3175.37109232 5303.24061635
-809.490022057 -1080.6282873
-5470.03996102 -3621.57251693
-1195.40813036 -6688.76316857
-6699.0652409 -1323.23559052
-964.26275724 5841.72358938
-5564.79713683 -2791.66530145
-547.436190238 -9985.00443754
3890.24818305 -3365.42363342
636.287668343 870.441502234
9317.60215136 3630.74236886
5938.34288862 -2690.83042726
-2167.22234359 5273.01078895
-1531.39658153 3335.18518009
1165.04924934 1012.88747533
-1172.40469446 -6673.638379
2080.39312305 6335.78841213
-2165.44074454 -242.937699764
-838.950931297 9964.74592425
-578.348506143 495.179400785
1034.73754303 304.582534011
1828.55860012 2777.2550713
-9696.98229505 2443.05840485
-6176.37195272 3022.38807875
1487.24935462 -5014.82588486
7273.42943346 6862.74174631
3627.58891116 -3766.22585375
-2989.64269404 -1300.49413418
6840.66224605 1228.0465945
1885.09232179 -1921.71056394
4344.49061587 -4787.28481121
-1710.23591902 -349.318910867
-1285.65595774 1554.35588663
-1573.39008195 5738.85811281
-9905.52179772 1371.36352396
-5669.32424799 8237.6430228
-378.956787641 -2584.59127815
-8036.33983354 5951.2387013
-1232.04546567 2365.0575939
2423.89396118 4169.97943603
-747.818792622 1934.66261241
279.685479178 5397.33635802
-4631.50633784 437.622546445
3785.55314851 -740.899272869
1488.68993426 542.771225993
3525.47271287 4094.9744239
-532.700971661 3646.83940799
-7686.45335758 -6396.75189309
-642.309704487 -4449.26002351
-5110.58524713 -2358.39180244
7930.95486031 -6090.97323945
-616.087683798 789.782586842
-2229.73570987 4940.41342201
-93.8981266219 6824.57798178
-6570.34335951 -171.452586679
4882.82935237 -2406.73387656
5010.56177305 714.109957207
-830.466353322 5930.85841475
1113.70834532 131.564382448
145.735848436 -6233.21689103
2609.34510088 -4297.80116469
-9.20524743387 2456.97235214
-4586.60489134 3732.44348747
-3487.91253175 5849.88375962
-4392.41288528 5435.57225852
-9569.44360274 2902.71409788
-2596.99665417 -1638.69805291
-5299.22985084 -742.194463297
1373.76840479 -4838.49778389
8837.63019199 -4679.34745341
4476.45619828 3269.65528553
2671.87965036 -6387.10534486
-6391.07700024 7691.1725229
658.175533484 -704.101933353
-1755.83532886 -730.721885396
2814.6189445 -568.754294678
-9969.68428857 778.071453144
-3263.93280635 1975.21472781
4581.49149313 3813.81366226
-3990.92056601 -2783.89850764
7595.26920246 -6504.75869976
-2996.26725679 -6119.50836096
-2984.2306204 1752.28832487
-797.874223979 -5670.72709389
-2270.83958176 -3234.69083593
-3170.07041225 3878.01604703
381.375765936 5289.72456129
811.198520775 -1232.68196905
6671.33437933 -1609.09765542
-1396.17019951 -2793.01720932
3663.62614999 5860.23357106
-1959.24372594 -4787.0589802
3360.91322091 -4066.72937847
4351.33137964 -1400.99594027
3707.36325012 4928.41386606
-958.575279027 5913.63656825
-8119.50545294 -5837.26230348
978.934388818 4925.64161121
2372.25251479 -3911.47009474
-1257.37530119 6058.627604
625.495044436 -3230.93032182
-3929.58728255 -530.949522823
2298.50411841 3288.57944432
-6484.37766807 -1476.3266901
-9383.75566556 -3456.1726822
4353.50287614 -4255.00355511
-1030.4972569 -2242.52965943
-5071.3319448 347.276596343
3620.24724383 -1324.12898021
-3472.90487424 9377.57600526
2634.53683794 -5103.74551458
2198.02608317 -6156.53824536
1496.63957335 -612.410935313
4320.64904276 -3971.78763342
-8163.20946449 5775.98573742
-4033.53264807 1647.07753482
3941.9897986 2323.08348781
-5741.80611337 -3760.32297923
1716.19700938 -5046.60778851
1952.79306329 4204.05412413
6108.45219261 1878.48297635
2027.31775579 167.825888037
-2232.60872146 -3459.39388938
4887.0086792 -2322.6310613
-4623.74218647 392.11303062
-2512.53472154 2748.51818759
-2872.22064732 642.302711247
-3039.1830283 2438.17124147
7457.9408294 6661.76542556
4787.40072338 -8779.56686368
5568.21951407 163.493484886
506.916869499 -4125.6333565
-5350.26709874 -1797.30412408
-2370.27433145 430.8787782
-1160.59106452 -997.866405803
4533.61409808 999.023865022
4725.14798091 -8813.22736337
-1513.49995206 -3265.74880367
-9974.43819845 714.550645738
9592.40321628 -2825.91587567
-6051.78898257 1327.31248458
-4392.21434107 2597.4792961
-1326.15088055 -5867.19229131
2511.14590006 -3434.00603435
-1728.14921017 120.752352821
-1025.5976445 2170.97392909
5084.84051808 -4100.8218599
3373.62924344 -842.664642231
-1791.84783968 -9838.1543655
-2249.12559496 -5404.7366614
-4478.60922013 -133.838746719
2470.57571718 -3343.3061721
-6868.73698709 -7267.76803442
2578.16237886 5566.46523293
6665.43824873 7454.65847323
3180.04367384 -4530.58425607
-948.502843716 -6660.91952814
7128.60766314 7013.05588064
2147.20314676 9766.75578923
1529.44020791 1058.82549652
-5775.85155894 -1737.85256192
-813.549552895 4398.20743933
-1685.82598658 6771.70713541
-1295.31808543 -3615.01203452
7768.55954021 6296.78351781
-5083.11617591 2339.81819404
9303.97133632 -3665.53098104
3375.32000554 -638.127554971
4243.04883282 1840.19624392
-1349.98709437 9908.45774301
1121.67225863 687.408743092
4758.05346631 3058.2013747
-4445.57392687 -2523.91610357
-49.433406801 -2165.61689091
-4266.7428598 4620.07484858
-457.538006676 3866.29155427
-5991.62152526 2283.83261329
2059.12154643 -431.053191372
-3866.51622973 -438.940260912
-581.156762785 2906.73382708
-3413.6774741 -1400.444266
5810.48285514 2692.02099136
-3607.89631707 -9326.47222509
-4522.87561757 4074.07178175
-965.806582956 9953.25161163
-2163.17992439 3721.620438
3411.15940174 -9400.21231334
4007.8426418 -9161.7245843
3544.79689267 -3098.88788328
285.269637702 1035.50941332
-3617.00965376 4170.62191214
17.4258503708 -5105.10443014
-1570.53445087 -4397.44029688
-402.668703301 -9991.88960685
2734.56151861 -6287.42087934
9959.08020684 903.72641533
334.733773404 6067.3490136
888.23616503 6454.37771695
-3058.12244495 3150.66104886
-7350.60004148 6780.02057742
3300.17808809 5772.84351621
-3120.64843767 9500.60805046
-2977.83113588 669.985556927
2522.16535628 -343.56796687
-787.854465605 9968.91595616
2236.08628297 3973.90102504
-3795.44936307 5240.7760718
2381.73002101 -6532.09387514
-1807.3459274 3908.11618836
8230.50873506 5679.67657196
-2352.08370895 -4022.26962435
4456.54843362 -869.377174211
2864.64063828 3882.83983058
-2921.23200945 -1730.77867214
9122.28920918 -4096.80846319
5178.17460271 -4474.23325286
1085.53181191 -189.452949661
7336.35488091 -6795.43207319
5414.46304371 1559.01986649
707.789062226 6724.03839265
-870.312006795 822.127514621
-4474.09153649 2362.74073066
2525.53394972 2693.3195697
8511.22559875 -5249.67035224
323.311917245 -1431.96524816
-2047.85934416 9788.06784338
-1168.74210109 4401.19634551
-1215.22368693 -5262.55587925
-6303.78840575 -7762.87651168
6120.6201101 -1227.9341235
-2703.59911079 -4096.5438357
-8363.55366691 -5481.87650907
6593.49879644 -951.537191618
-2478.38425664 62.6548719273
-3963.1835151 -5160.07882871
-8241.18442133 5664.17507972
