9972.97381178 734.706301623
8273.61721472 5616.69459597
-3733.91688224 -9276.7378273
192.510984229 -6771.7601714
-9238.81078782 -3826.79699316
450.996604995 3431.36734428
-2355.062929 -4678.69074108
-3403.31909779 4422.70859013
9715.6322253 -2367.80287667
-791.724882405 2201.63564824
3951.66132622 -3714.69366933
1883.72473308 1239.53719973
-2669.07902078 -5367.55859718
6857.61036252 -7278.26765898
1956.80654154 -594.182166667
1779.11311332 3811.73146411
-4805.49798336 -3926.90232208
-8420.38398993 -5394.17588351
3464.22494015 -5912.97672399
4307.92539064 -390.224055533
-2385.79767887 1502.08571368
4650.56966719 -8852.80756431
440.711891975 -2174.49758392
3710.00353601 450.132589877
783.468946946 5314.0575624
-9097.05446705 4152.54139336
1526.25767807 -5727.40998124
8778.79029814 4788.82458452
1848.29089869 -6673.61837885
675.428560858 -5293.63962493
-1464.31058363 -3316.34401683
-632.784326221 4254.50832703
5749.39848446 8181.95679938
973.194928736 -5236.64218516
-1745.23616234 -5289.25770495
4385.67600098 1055.29038538
-6339.35538067 -925.338270323
2504.45214685 5803.09454284
2401.2132387 -5961.6598221
7786.7424337 -6274.28420389
4288.67412353 -2802.4815544
1817.07088602 647.990036567
-995.670428412 -798.618168945
3618.14267168 -4893.10480778
-827.132380938 -3606.27568679
4343.15771246 -2721.91452163
2533.7284301 -5129.31719982
4019.20657823 -633.046087759
-475.680266918 -3175.32388242
3475.19058079 2073.15718926
-5211.97462964 4204.0767085
-6205.13991495 -7841.95375119
7130.30703401 7011.32809107
4823.81870259 3630.07563079
4852.79054503 132.732853863
-4920.04395241 8705.92714801
195.139896817 -4008.26801004
585.637283085 -3642.99478768
6689.37257149 -2045.18507443
-1764.07568715 -1707.958807
1661.83493406 -1242.97084074
-9383.31530943 -3457.36804575
-2471.93220122 -5654.21168895
-2681.22554599 -3016.12238943
3163.46601833 5544.35443907
1243.53846488 -2120.98062486
6103.69564144 2062.34567282
-3359.37782983 -9418.84178636
5238.14052991 -3148.90029678
2024.49140736 -4911.55415945
736.335371391 2087.75538281
-4885.61523538 4742.19696942
1307.44314216 2999.76623817
-408.655681768 -5782.25470963
-3167.08042554 -470.482332547
-5186.72525888 -747.075128033
-1146.68754375 -5227.56894389
3709.8939905 1411.14169751
-2701.62229874 6091.03123866
2402.38424882 2305.54625656
1079.66482424 -5749.14212953
119.132283465 966.329278748
387.70566061 -6224.15540572
-6045.93966704 3335.33745046
-89.7639237162 -1096.81209396
-3758.8300782 4588.06248032
4225.89238695 3356.93331734
-9094.49321031 -4158.14781455
2479.98425226 4869.27639491
-4380.48785449 5305.97756288
-2994.09565403 3824.37039341
-5867.25402964 1326.55316122
4733.68319139 256.100462851
4959.47985454 4918.80812997
3587.77969414 -4728.99694814
-6624.42447068 -1848.69370615
-4332.02783317 -1524.78798951
3355.73754259 -4878.3330337
4677.57724525 -579.03494484
-2208.96188983 -5390.55425989
-3003.61580245 877.529029333
1296.30782455 2443.74697204
5221.06645494 438.620751261
-1726.61901553 -1550.69101855
6792.26526761 -7339.28692275
5115.10563633 2483.01269598
-3122.74772587 -5616.170278
-6241.5671366 1717.32621935
728.792154295 -3913.53478331
-2573.0041615 -1640.60578158
-1.1659369555 2446.06083447
505.573708865 419.884224955
9940.52604723 -1089.00959787
4986.40576771 4250.45964878
-197.353564661 -4650.43409114
-5212.94346913 -1870.88311458
-3309.51484871 5969.21765559
-1817.28163452 6288.52912544
-521.978906669 4233.74947527
-4676.86106015 -4470.35826789
9029.96220537 4296.48490858
9951.88371662 979.801250703
-597.02128845 2034.0785452
1222.00579443 -6617.19736273
1578.94893324 -9874.55924415
1483.68073436 329.743984288
-5110.09962821 -4571.36362188
-5247.58175546 2239.82886802
-6550.53320729 -7555.82653984
-5215.64504009 -2215.78654263
-2576.97139999 -2036.76292244
4193.66101184 -69.5232686394
-3732.8821206 571.699812517
4908.28073979 -578.707580959
-211.556281092 1299.75363458
2576.71735284 -4749.4895922
4701.92699122 3196.5140979
-2525.3502231 -908.718917309
5083.89608152 2745.6882549
2465.57117732 4893.43367576
3731.15350122 1429.53000943
-6730.54553091 1142.29296141
4715.54453993 8818.36944633
1077.07136989 -6295.01763072
3290.35630058 3294.23925674
2956.27049831 -5515.1732867
-6255.93474085 -1358.70235003
9380.37553689 -3465.33617228
3796.11988823 474.236168139
-197.155346002 4179.61893838
-8368.47788107 -5474.35639632
8240.04413746 -5665.83379678
3574.79931015 4693.36987808
-1683.70458313 -5047.18180544
1520.50999105 -5444.32815502
1179.01098002 -575.357129345
8299.9269934 -5577.74254553
1747.52515589 -2111.04481261
-5290.51738702 1171.09994481
-1595.61515412 5903.30691181
8090.68416091 -5877.14469861
-5541.8079711 -3075.86388225
2583.70748912 -5131.97522825
-4102.29215871 -4803.96757493
-2678.73795367 1850.14314859
-6087.62754487 3357.84376759
2050.58606752 3145.11241552
-549.912809543 3523.26762461
-2664.64023804 -9638.4486512
3337.47720464 3294.3141942
1114.29250425 1108.46552314
-3593.15379952 1054.06380688
4794.81224629 -3261.29135656
-3452.95950191 -52.3290031574
-3184.95505218 4534.02948452
2444.07785959 -4941.15359494
-568.789132795 9983.81084168
-4296.53065123 3712.81987361
-4098.75024771 -3539.73179135
-922.87733917 3879.97624215
2868.89585653 3270.84727644
-3547.96712298 -5979.2241496
4141.04219 -1405.30101308
-4703.19730072 -2280.22428886
5846.55662991 1158.55148786
9740.71872988 2262.38781497
-224.280279417 -2755.97742233
-9959.59226123 -898.065693615
-2049.08437877 2879.75042001
-1298.28089909 -3196.34457324
-4981.02920537 -286.753887884
675.180745275 -1546.92488254
2969.0564348 5924.78486299
-6340.52018476 7732.90396854
-852.148172556 3949.12746629
-6961.10497989 32.3383124146
-2948.16419223 -1124.35160943
192.320490754 -536.071065289
-4677.14330567 -2748.37032695
2364.54148007 6031.44245951
982.824663541 1456.84023587
3467.70653318 1895.17566119
-6467.02616979 -1122.94079289
-1510.08737083 6104.49005374
-4066.58454027 610.228977627
-5385.26037992 547.885773251
2127.67529804 -4259.12717076
-3239.12774792 -1515.41571885
-5075.73086521 -1142.69780117
-161.126607993 -3331.47658754
-5387.02651536 -8424.95966298
6996.05543635 7145.29273939
-1181.82335397 -9929.91911145
972.061168978 -1645.7659733
5515.95948906 -2983.74383389
-2936.62332972 -3893.06214786
1248.14935066 -5926.00740992
-2964.34164213 -6330.17011302
-2780.6170534 3074.47466426
-1567.12833168 -2835.06487216
6163.41979467 1244.47792451
511.21717434 -974.923403673
-2694.68566275 -2114.22268755
-5793.96826598 735.81149172
4214.4175 -9068.55474349
-4671.26164224 -3789.72687305
4918.42087527 8706.8442098
-9923.06871114 -1238.02558694
-4801.72910558 4090.56844215
-4484.37505266 -4043.62555046
4001.19595058 -1036.5454419
-583.435504196 56.8629145394
-1551.34472738 -9878.93362347
568.61180264 -1975.18214273
732.547398632 -5085.92457646
-3268.82405048 -1196.86666425
-8112.2777386 5847.30278777
4565.24098454 1724.25833778
-2828.2765147 4234.02947288
-6343.73174209 617.709067218
-1264.37706953 27.4770016042
-5004.6226534 2852.08932369
-5258.12580745 -28.7174912848
-5737.0681948 3521.01336116
1671.02244303 -5552.44735083
2000.64273274 3865.70237231
2101.04912105 -325.596331806
-4113.90808774 874.368473631
4710.26564959 -8821.19025474
-8400.11972866 5425.67862522
583.211230795 -5045.8041505
4510.06761438 3054.36010029
159.463843194 6192.90820201
2609.56531601 5058.3635955
-1094.06934676 -2204.64268277
1386.52160175 5992.48278716
2972.25245568 2891.82618943
-527.248837644 4233.63570278
4867.45068092 -783.161441481
-4194.89034151 -2019.31597627
-3184.05280477 561.031693805
-278.013181603 3244.84661151
5421.33247276 2675.73576884
-2806.71827488 -5964.06338383
-9105.78124093 4133.37005266
-4166.55446062 220.463760084
7220.98132221 6917.90638448
4039.38429873 2130.36229248
4057.34064428 3098.36391635
-4461.50088207 4765.6637713
-2310.28576885 6438.99158491
-704.890235124 -114.425413161
-6380.9436739 -1011.79472802
6416.75001796 -7669.76656796
3994.21729732 3805.90156711
768.079821795 -1534.99519061
-2950.56354683 -1929.44879994
-9893.09252004 -1458.32794322
-9329.82668763 -3599.21296658
3917.82287572 -1766.52805972
6394.17493344 -835.687613281
-2009.400885 5219.34017774
-7100.88835638 7041.12097256
4752.4432029 -876.809325217
-164.74674261 3847.49743847
-4609.5363128 -2950.03855276
-1927.49095175 2425.72706155
-1049.00764175 6802.15240721
6078.77067308 -7940.31152437
778.346480215 -5219.07074281
-4009.35309401 -493.693315827
1397.46502724 2641.89372812
-8612.7565366 -5081.38021026
9854.30324746 -1700.79613921
-820.406367526 428.640496959
-1635.19856238 9865.40043088
1047.08584872 -6371.72579872
-8581.52272026 5133.95245416
4744.84340862 163.320108024
-2715.23232089 -381.530916732
9989.75164468 -452.61692154
-1665.855467 -5073.24323812
1618.89824422 2936.3225606
4212.76142322 3519.29006016
-1451.4528525 -2868.60940262
2389.24170697 4648.61111123
1372.06642522 -286.542071988
2032.74912059 5793.13909543
9614.18281536 -2750.90690369
3949.20436619 3510.60695241
-2645.20253004 4976.49268621
-3156.32250108 3928.83505111
2022.43508765 2616.79021519
3501.37071255 2589.98296717
4556.13724681 -4342.40859282
-1240.29341119 -1475.16107845
3712.24376329 2503.5474683
9397.70868786 3418.05082146
-2045.63870185 2995.02601751
-515.723612758 -5448.79577654
-9982.05076833 598.884344789
-1077.28056828 4737.7647323
8801.14886187 -4747.60768294
2030.31247317 -5389.9473996
-659.74026194 -3183.93201877
1718.17793668 374.95978624
1829.92256129 -1314.27457407
-4922.69267221 -1208.72891451
4868.01994692 -1128.50348446
-4773.83822514 -807.005742104
3446.90501622 2820.51132421
2077.1815805 5015.35183235
-3738.45284378 -1136.91404544
-1464.23628627 -3108.3935621
4038.18412562 -3137.20739198
5742.13462666 -2322.81905301
4365.27351134 -2443.46165887
-5068.1877433 -785.933669367
-9998.4474412 -176.206599311
-84.9884575645 -6002.45503146
2313.92006094 6253.13442071
5034.83902562 -2798.07080562
9997.86619732 206.5708121
-1622.56341711 2158.11885774
6235.37998078 2503.5900289
-291.141428921 4119.16605037
1003.76784824 3186.79921719
723.066705497 -5656.35540843
4155.6300012 -4717.581931
-4836.66955364 430.05973629
4659.76019697 4829.16871649
4744.56971 1910.39585001
-1606.04391341 1310.97252137
-2309.2078542 3873.91386143
-4562.85579146 2538.83385301
-401.453301256 848.518514681
1012.09483336 3713.2280362
58.9085069335 4741.98846371
2602.97421151 -1094.8552214
1376.24189798 1293.33981361
-1563.88451717 4008.96181521
-730.994712179 9973.24654918
3147.79979931 -1558.84554163
-3250.73425285 -3726.13229156
-1736.64961718 -3282.52446749
-723.904849155 5939.12409554
4568.02700143 3465.7823146
-5131.37025265 -3369.32149286
2079.14365543 3192.30120081
-476.463487692 -705.543762935
6065.559499 930.650350541
1908.12091455 -1463.58710838
1251.01646358 -6609.39853281
1427.69965999 -443.204439342
3724.2394109 1325.78178386
1658.55761126 5123.76646136
-4875.12135979 8731.16210635
-1995.84126597 1111.86170542
-5228.17972439 3279.60072
9606.58109516 -2777.33679306
4531.95670274 661.623553915
5010.00066118 -3198.89521041
1996.49335759 -2428.33467345
-5770.33071383 1635.604562
-5311.90815672 -1755.8103066
4178.42564656 4179.51084578
-2248.43085302 889.220441675
1909.88964831 -1003.93764212
-3368.05387125 5526.54503435
-3837.91448344 1442.68131056
-3007.45808372 5249.30052776
1895.11582504 2046.38044899
1827.0869517 9831.67092975
-1373.47340261 2401.92304857
-9962.99549015 859.488721976
1730.67406685 4960.5273676
-4875.62437214 2473.92846777
-618.992164886 -3684.73711346
4387.13956141 -5018.48386947
-2257.42624892 6220.93083211
-165.082598669 -3707.27889737
-6363.15193048 1793.93669453
-2869.04470742 5599.77082489
1405.60019733 -4191.89960315
-2210.61846031 3571.13862876
-3541.36486157 -5297.58853904
-1854.65603226 -3258.31658311
-4670.83722859 774.600511067
-2354.30026877 -5877.26636256
4546.42942095 -2851.83994086
1283.91035813 -9917.23621743
190.768198422 1535.30010554
1727.05352968 -4904.59609177
-550.170881627 -6132.55593745
-6891.53883835 821.947479942
-411.190379077 268.291164882
-4878.48037392 2688.54687451
1123.64062987 2613.71979627
-4906.0860895 864.824175313
4133.85272577 2745.08184392
4318.09686222 -3135.05500691
-9650.2834074 -2621.45573237
4614.56918767 1214.26936242
-2903.31538272 -6300.92371734
4262.35595774 3351.314755
5465.81369131 8374.05998855
-5329.6429502 1609.22360876
-1987.39382323 5847.03794537
-4875.64223345 1662.83567701
5786.37174403 3813.65638632
5174.83426262 -1044.96220923
-4396.66764913 4095.68067284
-8416.64739514 -5400.00431721
-1129.16265406 -9936.0450734
5.49846963716 -4695.46799091
1701.05584187 -1349.97527952
507.859360657 1071.4808471
590.152273109 -3120.41820174
2677.51421118 -2748.65873494
2198.96161968 -2078.09575324
-2489.05804641 3609.7180267
382.445359393 1767.84584035
827.801774902 5764.09877823
-3565.36604893 -103.241541926
-3538.58652966 88.1816852416
-2738.69976349 -5861.46121491
-3388.65866071 -4457.9909544
-6558.24747862 -206.666163005
-5057.88465078 1363.41978291
592.81453092 9982.41308161
1939.59501647 -2700.49459868
-2778.57296447 -6246.56311872
-5103.95100182 -1818.58052199
-8129.44156639 -5823.4165074
5878.30845333 1801.55099811
-3160.53731695 9487.41291755
-5668.27581247 1.87917495951
9879.00618879 -1550.88256226
-6360.71883446 -102.468128446
-8412.64591441 -5406.23609537
544.02819748 4223.8707949
4591.69013025 548.791173272
-961.755694577 659.345985925
-4220.28324937 -9065.82645406
-4582.42805807 -3135.90309269
9069.51508793 4212.35042106
4850.10798284 -1648.71399158
5272.50315171 8497.10012388
-5781.84534088 2907.23529105
-1212.39703363 2060.89517306
-4138.56196605 529.86300999
3245.71281688 -642.293646655
4238.07547661 2320.3483527
6102.30987947 -1201.54969498
-1399.08149738 -1961.844065
-819.927294827 4454.18596263
2.21266173788 1759.07313635
-5136.93844014 2478.19709645
-3248.38018259 469.064735978
-3228.70145748 -565.850691204
6167.83814756 -2430.50045557
-324.57359553 4037.08152589
-7877.75510809 -6159.62453864
87.2674525906 2265.61610679
5698.41695064 -2333.13160238
-4253.20899815 -312.544213808
-2660.17887225 -1221.8193138
-3591.98718858 910.186784799
7801.07838408 -6256.45075466
-9998.04564408 197.694964384
1668.46634766 -3131.23788748
5905.6815234 -3356.37392603
2767.02611009 5150.65217301
1496.94853069 3918.68966506
-6159.18079017 7878.10205532
6850.64595062 1009.77961419
-3967.64188797 -1674.74733038
3146.71230983 -1058.88861743
4394.60201399 5381.28786904
5977.95489618 -1752.64576827
1220.87706691 4354.42861659
3502.0704787 -3021.48990021
2085.37982466 5892.62388687
-5050.58790989 457.379220092
-1956.51666699 5869.44627695
6417.0421585 -1601.66798
-4040.51989233 -3947.38238677
-155.910572263 -6152.34219832
1982.87514514 -4310.28977098
-1545.66167257 3402.13562791
609.826316619 -1143.53781344
5370.55889988 3193.89231334
-4911.56877795 1904.60443173
2271.09147305 3720.97811755
-2179.4753249 6208.66947821
-4217.42380683 4499.7650777
6408.28656863 58.7496021552
-2064.68948879 847.898061329
9728.96596487 -2312.40594499
-1689.78651202 2025.13507217
-5433.68612201 3978.85949387
1744.86761359 4036.33035044
2108.88979724 -5411.830114
-4625.59725666 -2790.28756512
5697.19792066 -1784.84823179
-3858.13062392 -4199.00132254
5456.67402862 -2613.59308576
1514.11697169 4341.8055753
-2643.36965018 5820.19205005
-4637.55515913 -8859.63216765
2318.13631626 5928.17744399
5537.72999873 8326.67679577
-4653.37743788 2550.45122507
1264.05835152 -4645.40948722
4296.77435549 -3200.44592264
-3038.78548309 -4587.62210905
34.3434360312 6923.32607136
-61.2056565528 937.030564606
9947.26206773 -1025.65947366
-6147.3384032 -2511.61712256
6367.80057889 -667.27679874
9948.94565015 -1009.19792426
1271.87023271 883.977838817
5296.30861031 1805.05218816
-1351.397232 -170.929062916
-6409.85802221 -534.156403944
-6180.92591853 -1369.6268654
2610.59520689 -5392.34946099
6400.46419036 -1241.58368427
2815.36000147 -9595.50666
-2758.11170731 -6168.36816317
-5425.56640795 640.321582347
6470.63459718 -7624.36147555
1856.84588921 4206.68166923
179.007955895 4427.10519832
482.790452503 -5518.14022889
-3184.59925564 -6005.06631858
-3805.02599048 -552.07000067
-794.528055689 -456.838696142
6378.94784876 7701.23524785
-1006.5691799 3398.14042829
-3991.26206736 -975.820714625
2873.12162501 -638.917052351
3572.31000952 -4385.29343588
5848.79036603 -8111.20528986
-992.304018905 3915.37349125
4159.48020018 1336.48655727
-258.854676193 6674.52772583
175.800685555 -2288.41857863
-4208.07292143 -1960.64004611
-2908.86507122 1994.62894829
-6074.30173024 -2194.77405756
4545.60054424 -3762.46560182
1956.68304283 -4728.6433815
-3366.74603743 3722.15996658
2500.57459908 -4964.36286157
-2415.17561523 9703.9644861
-9974.02518818 720.292680487
-641.195587387 1479.1871845
-2151.80658742 4907.20831404
-5896.34450576 2826.55026489
1719.83681707 -6134.20455722
2930.30232454 -2511.64065942
4060.06146166 2173.23362948
-4819.3917097 3105.96661371
-5026.03032743 -1051.24307951
-2719.62002609 5392.22724936
-2869.28446929 -4136.49981954
-5434.02085531 8394.72556693
1974.65863228 -9803.09763728
2763.43199141 -1365.64513027
2047.20478324 -3520.10474569
3294.40348818 -3948.51429185
-1783.26782755 -4308.48789724
2313.17801942 -2148.87529225
-929.158042794 3690.3169426
2514.52596731 -16.8348343115
-3652.35425845 4578.37933436
-2966.4581072 -3956.68833414
110.846479333 -2054.7203289
-1077.18681527 1367.60457551
-6223.6831906 1333.66232287
2157.59291636 2301.01462919
1455.93051458 -6506.20900193
-1459.19088407 -4374.60036265
2132.81738416 -6285.43099658
5286.84865209 -2087.97683727
-4247.41233566 5020.0585818
3071.8757836 -1075.48225708
-2187.9038613 -5179.98515283
1872.39506732 2380.46773127
-6402.71634556 325.720312863
6338.28648938 1121.67445328
-2988.13314783 3305.07995724
4788.93976542 -2504.50687446
2586.96293979 4056.8206027
638.578919645 -4617.66550347
1045.36739511 540.465873424
4451.33829066 8954.64055237
-2000.14480007 1620.18264721
-897.703032035 -1811.95447467
-61.914668653 5293.64252338
3418.10799908 2685.37887293
-3243.19766318 3770.64680838
1855.71831604 -936.62439941
6482.61291076 1642.77682445
-830.457256322 -4336.32164319
-1563.2361328 -3504.36683514
3959.33207142 5234.41580776
-5435.97651003 3102.83813759
-1736.0679305 6671.37421856
-8232.96001197 -5676.12274721
6704.22586291 -1003.31166934
-5103.86699157 1079.32653525
3547.06955969 -4250.32073633
5969.78139333 8022.57503024
-1619.41630341 -3347.66842816
2730.09440094 5238.14413549
-3989.26431073 -9169.82934733
9936.12579338 -1128.45213377
-327.505900147 3998.16640549
9424.52750387 3343.39368438
-3108.99490975 4625.7450338
-4774.90460019 1153.4819622
-6956.57857117 357.05095373
1258.64464794 -1898.73100347
7948.93264357 -6067.49287828
1696.50372577 4996.58170304
1184.81210122 -2518.42262977
857.89130661 6788.21809864
-1503.30941846 -5244.84415098
-5030.16866335 431.889209485
6231.41074614 2583.29856514
-6124.16733222 -1402.85009884
-3197.23106895 -2430.40995064
88.8178741291 -5513.86741628
-4888.07759626 450.405567143
2157.93575914 4989.41087839
4268.04158164 -12.3275724242
3913.68117506 -1135.39049082
-4831.02404841 1175.27967263
5769.7155723 2742.76344499
-6541.97393785 -7563.23852569
-1675.41067101 5986.04835043
3306.25816752 -1062.74761343
-9938.59978618 1106.45121456
-2642.51268132 3554.76221422
-340.774768658 -884.444591277
3686.37745699 1903.20131928
1305.93344167 -6789.96038305
4475.51478298 3815.7197291
-6332.26113855 -7739.66852476
4056.89404065 3416.3462169
2452.96410351 -5568.38667889
3292.04713857 5171.72953852
1164.6339282 6258.31356907
5389.36608667 1750.230866
5410.17921493 3094.46642149
1474.22012199 -9890.73682958
-209.0229101 -1352.24337122
1406.17355201 -2351.09813495
1155.2694426 -5807.88632065
-9106.83921654 -4131.03854788
821.268236613 -4464.89684844
-6235.4818659 2961.80521444
1504.98821551 3031.91821359
3176.65662163 3530.332561
-1207.8446939 2955.91263505
-4094.25216947 -1290.76946016
884.919889085 -6871.1289107
4094.87965627 1162.91566077
-4161.91514061 9092.76978496
5508.06346194 1469.24204702
4914.7379207 -3283.48052883
4925.85177967 -919.683187325
-5566.79942811 -1760.45916204
-4110.56467734 636.985134905
-5256.7959288 1539.54168153
4387.73771115 2105.90031101
3955.69158969 -9184.36192924
-4131.86513297 -4773.33226065
-2967.71730471 -9549.48448867
6233.29944876 7819.58937426
-6106.98509716 2664.13044132
1067.75032223 1858.019574
-5187.47563093 -2606.92726387
4488.04334836 -4584.12596706
3468.8814993 199.643690307
-3296.7180585 3080.30698685
1850.56471735 1099.35754733
1831.90019225 3648.11622013
1028.6803285 -2969.66007492
-2776.76574451 -1333.48755422
-2017.55435565 1175.08822837
-4082.19465973 807.347928921
-6556.80651021 -2226.45303556
-1273.01959625 2956.75923617
2699.50888984 -1815.66980904
835.406320972 -524.135775423
-2557.8413052 -4729.76370975
-3514.71908686 -2930.54016958
-1335.07323855 -744.179988503
349.943946482 -3110.12444586
-3879.48240583 2787.19414419
9933.22643064 1153.69522738
5334.50585414 -2144.86564804
-1306.80650172 1084.47096427
-5771.18466643 1901.34753672
-2614.24757461 -3032.21783507
-187.865215 -9998.23517732
1191.65077922 -2628.52237651
1179.22088797 -5313.63961789
6102.80524678 -1557.86141172
6657.59206866 7461.66655964
6117.41895355 1150.42578665
2739.49565962 1312.77996691
1934.4896082 -2446.11373304
-1718.88267212 -5595.14387784
-1630.73905375 4354.20242486
1795.0560094 -6256.33085559
-3530.51226859 3109.39643245
5902.22257411 -1597.0014379
-4324.20446683 1007.46498559
2268.53567584 -98.2463052501
4269.40601326 -9042.79670754
1316.18178728 -6589.86938181
-1200.46380526 -4793.03688688
-833.903210271 5922.24004693
-1343.91263854 4806.57680364
-6273.08192752 -1041.93910736
-8860.95332022 -4635.03034044
-1886.14424847 -115.208203276
2727.86203495 -6055.18015517
-1703.12659879 1769.28155391
1313.21015256 -3978.89006034
510.20598145 -4224.05018818
-3627.84223375 -2592.49603599
-5283.99434807 1571.64812819
1145.02797995 3066.59831806
-229.288376268 -6755.17489112
-135.436609654 -2228.68892323
-404.893857219 2855.63598398
4616.71062234 -8870.51199366
-5547.6265207 -8320.08653722
7605.69102776 6492.56990645
1244.47337355 5647.73657127
-6324.73659825 -2126.67511315
-4851.43622647 -2660.7624353
-3854.5349267 -2304.79795389
-697.654727516 444.494759886
-324.195956239 9994.74346754
3572.95543973 157.447785424
-3512.06395459 4396.57200234
-2491.52848397 -6068.2534143
6187.01254302 7856.26347525
9979.4132367 641.335677387
5885.18064982 -1836.22436827
-5533.55902195 133.03286208
6112.50011056 -3124.48070938
-2463.90699197 -5910.60078287
6719.19914533 926.289981704
-2298.03948343 -5474.58306205
6052.34701626 -3435.21240124
2099.87524373 9777.04065455
-1281.44621167 -4711.99787294
5058.625461 2366.05259512
1009.84195889 -27.0597075278
-4559.36359624 -1818.85581558
-1604.65517893 -842.469386014
28.3053718186 -6688.31846214
9491.96617436 3146.83621195
4405.79416422 -4141.17906787
6455.02735224 -1952.07459609
-9753.832247 2205.16586619
-3897.61519328 4669.78010868
3445.18090198 -41.4579472247
486.602396017 1497.30714984
-6758.2300219 -831.934464909
627.3292797 1463.77355791
-6444.39618555 27.1559496525
