897.720827023 3190.765005
8120.45218035 5835.94520079
266.709230322 -2752.15953222
-2159.53358345 1042.78429399
3649.65631785 936.355882768
-60.9926951058 -6120.08074678
5257.9054444 1068.35386511
9950.65149075 992.237325276
-185.491611651 4467.23458589
770.679670949 -2736.06156111
992.692792445 4126.75944399
3383.07062308 50.4794057102
-4529.69439012 -8915.26044107
6634.43704753 -7482.26202845
794.179068401 -1424.9159658
-3183.85873275 -5189.65336034
9871.58942338 1597.41111061
-7806.12542375 6250.15246764
295.114573849 9995.64442086
-9826.66533153 -1853.81996484
-5994.82167703 590.980785305
-6879.23634949 7257.8307536
3070.65007818 5954.47136861
3803.77642878 9248.31254229
-1850.83455564 4923.24360732
544.983154481 -5507.55425466
8948.76243717 -4463.14360547
34.626272929 -1515.66003359
5550.97288931 -8317.85428955
5445.28688528 4279.04145549
-6862.65672456 1143.36121374
2482.32146726 66.8612557894
1041.08928653 6864.33456975
6877.96851655 7259.03224165
-4046.90314781 4728.95941263
1719.54172828 -5641.13625914
-182.870313931 -110.043971525
-3206.26098752 1364.98697617
2644.29555878 1252.70415015
6374.85865762 835.189278305
-2965.00794964 754.212346359
-329.291916768 9994.57687116
5393.56495511 -1616.94405158
3215.50400885 996.114861287
3790.779297 4120.94429852
2716.02105168 -5132.48606725
-6617.06262183 -667.357119224
6165.51567407 7873.14527192
8825.52546932 -4702.13783192
-809.175550721 3729.09137072
-9861.97044437 1655.75932862
-2406.01980188 6391.34893673
-3315.95324318 5219.50152589
3222.83379904 5453.1083011
8354.32790925 5495.92623538
-2081.14143497 -5774.35837885
-9492.50739055 -3145.20324309
-1145.50246831 3976.0114037
3743.14210083 749.233419584
-5452.00301831 -1609.79047868
-2048.54622255 4165.95921444
-9357.50876308 -3526.61732386
4321.38237786 9018.0737602
-3318.86754955 9433.19236465
4821.73584384 1472.61258176
-3722.87306188 4080.71289322
9886.53263208 1502.15595559
8864.11463457 -4628.98171796
9952.58955259 -972.605365873
4494.40714942 261.831067196
4018.22432493 647.301758294
9736.28455518 2281.39498129
2462.99200324 -2539.29866148
-368.179764865 -9993.21988454
4929.46881189 2627.21257833
-8132.6280512 5818.96562808
4357.27981694 -5212.69295089
4174.32078131 3793.08359673
9870.73701536 1602.66988915
2081.92600425 -4545.87599485
-1979.69952893 -837.996087281
5141.30167459 8577.12172531
8426.41731481 5384.74616269
2889.79331814 -2217.34860374
-5858.80581659 3795.42299478
-6285.23104932 -7777.90914428
3530.86812906 762.088770241
-357.038285322 -5467.65431542
-96.9339490044 -9999.53017944
876.501699766 9961.51317674
-6191.68373087 -1564.30149295
5113.57465041 -8593.68106778
3466.18825051 -5509.70812957
5642.60980111 -1765.24380695
-5656.08824336 2681.64030457
7532.31786019 6577.55179783
-624.220400994 -6321.41662461
4913.64896188 953.733325032
6122.43861298 2866.15534325
-5190.97558215 -3701.76079758
4949.81408708 -3201.73402077
-305.552790008 -9995.33078455
-2378.28447763 -5056.29864477
6814.41579317 -7318.72512108
5465.00749866 8374.58614139
-1558.4857497 2462.28938584
2689.57921772 -9631.51927951
-4706.42660101 -2615.32927345
-3865.7412354 -2027.39138378
4118.68314615 5013.81800521
4199.23889036 9075.59324461
3378.1763158 1056.89684944
-826.555156635 1440.02017758
-5664.86562597 -3801.78051013
2670.50366263 253.213704087
4410.66093355 8974.74624317
-5468.26135388 -217.960454283
1746.91416497 -6325.30276808
-1518.55419014 -5387.13921278
-466.075113353 -4404.64675197
-2448.8719428 3079.3974979
469.290083914 -1233.26830068
2316.93395046 -982.152387575
-2346.00178731 5193.91783109
5029.3491329 -8643.2428694
-2758.20788941 -315.3135651
3105.32535391 -9505.6275146
6239.28076742 -7814.81768855
-9929.68194882 -1183.81434156
-1455.57233622 3665.62031571
9597.17856517 2809.65542163
4587.81159742 26.1264533213
431.376032675 5950.90385143
4273.03129387 9041.08420277
-1764.13095053 -4505.48894622
-8646.95583099 -5022.96275687
943.376257394 -3630.11734302
3763.23415764 3870.33206097
-4186.98787178 -4511.55463203
3795.59728376 3142.2071518
-4338.29193156 2785.61884545
-4075.58365666 -3439.03706971
1509.5307469 -6275.71052789
3830.40698698 -9237.31467008
3728.77853368 -1744.63738848
2851.20944454 -941.685530916
-7341.79704924 6789.5519799
9947.08537613 -1027.37165617
-4543.56070664 1120.1485566
9903.96908569 1382.53258537
6448.65889689 7642.95744012
-9381.47336034 3462.36300656
-285.586743115 9995.92117877
-4323.8466256 1405.50612449
2367.18299518 -3578.82319328
2814.97156072 2611.69232392
9993.05603434 372.600448925
-1238.63269153 2527.95272139
-5014.43143672 8651.90599616
-4012.41589569 -5547.57843486
7758.44457488 6309.24225074
9777.91831833 2095.78466455
5432.65517875 8395.60943046
-2395.34924111 1076.12434758
-642.987064595 -1189.72272921
-4716.10709572 -4786.60700225
9954.36386604 954.274605384
4370.99476202 1120.46704787
9970.13895687 772.223530308
-2266.5370272 5721.44572741
-139.657775686 -5036.0198359
9932.78687228 -1157.47352014
-2637.9313622 3775.20011906
-1399.19162988 -3155.25969994
3453.52011035 -6053.02408984
3771.04835833 5825.82538891
4979.94373531 -8671.80260345
3648.23082197 -9310.76859715
-3358.22544265 4872.29716735
-3378.780032 -5536.04875356
786.571597877 -6868.58310205
-9254.48800601 -3788.72692954
519.240049498 4336.49982177
-8491.71225101 5281.17629378
-5191.76291021 491.175823598
3564.77376332 3858.74428404
7829.63271232 -6220.67935118
-5101.60958139 -1159.44365753
-5678.82690071 -3370.79353893
1828.02765072 -3352.63414895
6322.19640498 7747.89214024
-120.277533984 4774.43084369
1209.72783087 2103.74138347
-5797.18706016 -1983.95240757
-6208.83053937 1826.05977585
2648.52332274 -9642.88982665
1553.01857831 -3345.89260783
969.449580685 -2523.26214996
-3238.0271039 -9461.2462432
-4966.83141456 -8679.31942604
1003.53572923 3590.173908
1789.04216966 5769.39492432
-2115.22540613 2807.51078241
987.07282807 3551.12333049
341.273007303 -3820.21275274
-7158.29391996 -6982.75219061
-1067.45306847 5035.62749059
-2636.57526617 3117.4723295
8352.62448694 -5498.51472492
4645.39357186 127.498076907
-3664.922841 2267.00853367
-9368.06599598 3498.47673923
-3313.87504573 1620.68066182
457.050960101 4421.65109688
6146.63187095 936.227801466
5146.76181697 3530.77771987
-5339.68906874 566.113104806
-728.840966488 -518.209892135
-1651.65614497 3056.38693896
4582.29835505 4315.08357515
-856.245884758 327.898739011
2741.89534089 9616.75672665
-3811.1153572 -3808.11507611
-3982.08994309 4432.74555909
-1863.11334423 2713.30218136
9954.74342696 -950.306952176
-1493.83951872 5380.74337132
-272.862832061 -773.557752772
9215.23787927 3883.21913217
4012.64920218 -911.720251383
4762.5462272 -982.516276995
-3548.21692584 9349.33990436
-431.781899099 5999.15868517
9075.62438353 -4199.17159082
-2461.79005235 4431.71993841
-6205.12440817 -1216.44532731
-2656.01174847 -2273.91782351
3891.40272583 4040.81268283
5867.62769783 2699.70200201
-2255.92823988 9742.21677938
-4217.28899137 9067.2197262
-9048.17670224 4257.99229273
-3230.64117492 5792.43950327
-4473.9616055 5357.75529209
3955.9027375 3921.10074433
-5326.38978905 -3192.82183251
3735.54981882 -205.659045884
1625.69463588 3584.3192384
8579.35684488 5137.57103388
5707.31033381 3381.67123962
-2838.11982136 -5405.08599881
8347.91586708 5505.66078469
-5929.02854055 1692.87643958
430.175912903 4391.22605892
-627.171527259 -9980.31341569
5865.82455955 1080.4281703
3280.59300916 9446.57130965
5244.74605152 -3876.01043971
-1893.26645749 6351.64449558
8621.98924252 5065.69852062
8569.54114137 -5153.92710721
-805.973026696 1955.85457649
5926.7031354 1367.87331759
5395.84666014 -1400.91303853
-8179.47113306 5752.93420643
-1973.65562759 -9803.29962123
-6986.61890223 7154.51999193
-3776.28744194 -1124.07041603
-9151.97017764 -4030.06722868
-224.743627135 4615.41013566
-1557.47701597 -179.87606858
8164.48467361 5774.18306034
6905.39360488 7232.94816528
-1076.85999833 2005.41206955
-208.095093211 -9997.83458716
4711.91747796 -8820.30802642
-6913.80628109 432.207961072
-8707.49182985 -4917.2742483
5673.17998478 -8234.98809109
-187.122621221 9998.24910295
-430.767208863 4867.3741379
3599.18849086 -3286.99633962
2339.20775088 5839.18941499
-4053.81793553 -946.835674923
3234.22303024 2295.86836854
-7964.58960611 6046.92586413
-1390.2636921 -1107.5732026
-5852.3159491 -3715.04545742
-2879.98169468 3817.29352041
1785.14990335 1041.35012481
-1163.466864 3616.47323962
-491.270814774 -6889.74603939
5997.51084518 2550.25157296
98.0194198882 -2214.59236474
-9296.87219684 3683.49933564
-809.623311514 -9967.17161954
502.853961884 1380.18394601
-4425.49425081 2920.48741771
-1990.45743836 2909.22499559
-6230.82262068 -7821.5631091
142.281134672 987.98683657
-1482.38347299 415.923874538
-4622.34578979 8867.57686178
9899.03710153 -1417.41471087
2963.32568216 -2083.73967756
-3220.89194916 -3192.30546573
70.3400413258 1778.32405138
-2014.50350023 5288.85671301
5469.94881981 8371.35950182
3286.54041485 4399.54897394
-2678.12012926 -9634.7118573
1900.90148497 -3554.88167125
-8865.1116785 -4627.07196052
-9087.99296731 -4172.33553613
3129.923417 2449.70373121
-4152.86445886 1419.72663417
-1638.91498829 -6229.97526695
206.184537949 -5670.0244107
-962.207846013 4976.26327007
-1713.45276224 33.569602821
2902.21816866 2330.64970819
2468.86598835 1710.85843098
1827.08987466 -3825.88661917
-4525.42746584 1150.86390753
4782.65600089 3758.84394303
-4654.58273415 443.862748738
-8680.46542853 -4964.82828948
-3364.53393312 679.985701093
9920.3269359 1259.80692361
-2867.09740367 -5017.85126974
1351.92047818 3558.75680383
3827.19029187 1488.82495048
251.081200255 -9996.8474146
3782.98670843 4705.06463541
-3401.13615274 5191.37834362
3831.6286107 -213.976188492
-3953.12881844 -1728.31371505
-6136.540581 828.771489789
-3193.14798167 -2871.52819277
-1546.26599086 3695.93824368
-9999.04061971 -138.51601115
9455.18583648 -3255.68131081
1865.64271111 -9824.42757999
-2686.22009005 4875.48248825
-5266.87956994 -393.481347092
3710.72157944 -4711.61993662
1251.14670181 -1229.48941478
-447.226286931 -9989.99442684
4479.42940457 939.898615416
-1124.70328117 -9936.55083665
2644.44959269 4954.43124066
556.961009555 -9984.47767456
3338.93373882 2717.20727271
1643.36169205 -4137.73742657
-264.558293133 1531.54082212
-9119.5589604 -4102.88244627
4633.61957022 428.319470866
-4887.739943 -1282.89919664
1475.14748755 2902.81031716
5237.31689117 -2227.50757151
8669.37270451 4984.1726405
3478.88567493 1948.39306599
9002.8302767 -4353.05031087
4938.68092104 122.315273153
638.048374321 -5988.00780958
-849.677179806 -5907.70244249
-5706.48779136 -3680.21244142
-4416.99450605 708.126036625
-2596.3050782 -5140.51866062
7914.73902072 -6112.02963294
-1211.34536391 3030.17616096
9996.68331236 257.532041416
-5084.9151618 2473.98830961
5874.05250227 -1515.18619423
-1588.31881257 2370.85596046
2235.25418418 6054.38116095
2224.41658638 4185.20836722
72.2639840899 -5954.607384
1911.31492902 3169.39602553
1349.34957472 -3996.01313204
-2547.23077839 1214.55649911
-2509.56435387 -2915.5528391
-593.109312265 2482.43515963
-4753.95217022 -1385.247138
-4150.96132379 -9097.77555716
-674.790204278 -9977.20693281
1906.42618013 153.558912477
-2363.84608119 -2921.88741941
6668.80451341 7451.64722473
879.277591553 9961.26853955
-5975.37118423 -1636.47695675
-4256.11255699 -154.29650888
-2768.90365043 -526.759364416
4021.40374933 -2978.95637401
9113.3193138 -4116.72334324
5596.96873154 1469.78993772
-2597.09920421 2122.57185767
2728.13542995 2505.24258815
522.77740776 4292.85043485
-5413.31233299 -1187.00853155
5700.6199128 -903.508380248
4027.19505643 3074.6068658
1206.73395227 -5280.28176307
2435.63690283 -9698.84904912
3206.02867741 9472.1370408
5154.1506804 -2779.45399632
-5065.28915307 -627.784752841
-5948.05598923 8038.69578657
-815.262458553 -6799.37806764
-6117.15184561 -7910.78082731
666.946031685 -5032.8864168
-1460.24063192 3742.93086999
-9974.7629779 710.002489272
4056.21525729 9140.41124822
3503.56250655 2912.53870616
1076.75711189 4831.14926987
-5568.20962627 -3187.55897818
-9057.29224515 4238.5678225
2190.3328721 -1865.72989618
-6682.46569936 852.997353312
8877.1551576 4603.92401196
-2482.7808498 -9686.88800657
-4722.84211181 -703.423255879
-3888.17982779 -5219.99608521
2833.8101316 9590.07404237
-298.004936273 -1740.07665164
-2068.90495936 -4181.15679682
618.825048834 -1972.83441433
-9996.99843215 244.994586963
-1574.68230728 -9875.24053536
-1782.84807052 4351.17401724
-5625.09914469 2553.71769235
2169.48667773 -6101.87365301
-3145.8847848 -2700.85943389
-3470.52836673 604.483087396
2638.16029916 -2528.00110231
-3998.66604074 676.038070489
-3145.50895484 4971.21635444
-1125.76240893 -134.788732341
-1941.3301573 5764.38691522
-8489.34850353 5284.97511685
-5048.07130575 2837.90143796
-4173.7683732 -9087.33500906
3099.03539178 -1750.23128064
-4166.38750186 -3367.59643621
-208.595478565 9997.8241596
9928.93768353 -1190.04053571
4935.00733124 -4249.58094039
1205.71497508 9927.04645899
6689.16420477 -349.149834583
-3220.83852466 -2656.11784291
-404.413974507 -9991.81912052
-9411.93269701 3378.68656537
35.2997467497 -3316.84492006
2264.31347297 933.345991629
-5333.19199102 694.51427713
-5045.54963716 1571.7123001
2058.50888576 -9785.83369812
1600.50511473 4865.19770811
-4529.11320359 -4092.11281411
9410.52004932 -3382.61916291
2850.20281101 4044.38281164
-1072.75126694 -1981.21262268
2350.50982289 9719.8304292
-6282.92108212 -7779.77523299
35.301791064 72.3549851772
2152.52914948 -9765.58335486
6355.41190363 639.913525581
-1346.72456666 -3647.18278807
2747.22042301 2067.07506547
-9951.68153951 -981.852604091
-5005.029241 -613.102838493
-3375.22055864 5434.79511141
-1430.08535652 -9897.21455123
-6987.40075931 7153.75639987
1595.98072131 -6098.5495161
-5974.01430146 1008.05186822
-5759.73485903 -1360.08821296
-1746.19411552 897.912583279
1557.21406282 -3012.24886657
-4110.94188718 757.824361678
4093.51666943 -3775.93243524
-4452.62805749 -5366.5393273
3312.8840589 4078.13495443
2282.80619333 -3963.36451554
9575.80800158 -2881.64902736
1168.95733063 9931.44192749
1236.28100604 -4704.65308559
-3496.52146013 540.795653537
696.799574553 9975.69397851
6950.77253529 -7189.35053831
4648.20145552 1455.94089309
9997.90132399 -204.863651621
-3090.42775225 -3045.37123769
-1378.20951974 5664.42384876
-8019.18365484 -5974.33624011
-1616.97254709 2211.68135048
-9294.08435881 -3690.52786623
-8340.87300996 5516.32463073
-2288.15090598 5568.98302284
-6343.02073794 814.179030639
-5899.9179304 896.132336306
-3425.2019598 9395.10465799
7770.99358669 6293.77936344
-2910.57947933 -2836.24410781
-1756.2577912 1040.38312523
5064.23357477 -3063.77788258
-2149.05875373 9766.34765268
7391.5995129 -6735.29929854
745.412279491 -1391.90297442
-1632.80181374 -2771.82315895
-237.839876439 5199.83218372
-6303.23682563 -274.286855485
-5570.94655442 -2410.19265241
5041.95593751 3483.94436736
-2639.35850109 -1714.58879643
-543.315745149 -6763.61767543
4054.50871159 -1520.37427928
3227.18103935 -4109.65559734
52.0138423812 -2736.01121131
-9848.71436841 -1732.86620647
-9297.21430568 -3682.63576183
-9569.07560579 2903.92700506
-4504.78995108 8927.87026657
-3351.997748 -3464.21888256
392.203458412 4173.95285421
-9456.17235909 -3252.81482953
1290.01057119 5301.39411956
-4475.95830913 -8942.35971178
5545.62793199 -8321.41879969
8931.9836608 -4496.62850179
751.974239568 5495.06877977
-1277.95639605 474.533642781
9452.57389735 3263.25707156
7988.46353354 -6015.3512261
-6299.78772335 2824.39123718
367.624783407 3974.26015399
-917.598657775 -3598.80937223
311.243638802 -943.416807952
-4503.71300938 -1147.27519578
4309.99079796 4397.32085607
-3876.1726791 -5655.40315471
3101.41016021 2591.77238443
-1432.52088823 -9896.86232625
4784.69463087 1933.23506141
8545.05021934 -5194.43132104
4368.16089043 2997.32172872
-3496.07381426 -9368.96301013
-4068.65638739 -3823.01879004
-2157.88568111 4887.15653971
8323.19265423 5542.96527506
-4641.66963872 458.656880751
1993.81583599 -1419.32391611
-9324.2961011 3613.51660008
-6168.15762573 -2683.93987325
-2440.49881824 9697.62679825
-3389.48448814 4000.35760831
4426.41647888 -985.73552973
-4112.17324111 -1436.32490114
-862.188397503 -1997.32229418
-610.587006185 4684.23730372
9999.29031765 119.134979845
430.257447043 488.520915716
-1855.4324542 145.504389042
-930.774467629 -896.969540978
1928.86494536 2311.70282959
2805.06373041 2076.68843848
9996.49636303 264.689372546
9980.70046692 -620.98163382
-1106.22781795 -1079.37120794
-3975.42422146 5231.77706632
-2985.23955234 5180.67614014
-1473.36838895 2228.08662121
-1581.86739361 -1895.94874434
4091.58451833 5280.17269483
4479.52360614 4536.51588935
-2168.64155698 2895.00454979
-2989.61089565 4022.75353973
193.397215229 4762.6243875
-5568.90644833 -3975.35140414
-6294.41309177 -1767.15250137
2221.5611771 -2170.43617072
9319.25219239 -3626.50500821
600.934732639 -9981.92754167
-6713.97574776 259.885471078
-8207.85200999 5712.36950679
-768.641578544 1844.98106187
-1761.44789302 -6095.099853
9901.15612828 1402.53603282
-266.785364022 9996.44064503
-5814.36198 2841.96804326
-3492.4310507 -305.495309056
6035.42224731 -2557.39161388
2590.90930579 -6281.00433519
-5560.31558277 1820.0695922
600.329401239 -50.2128560643
3004.15611025 -1062.32330614
-4015.32271369 -1082.78428554
-231.582859672 -3253.96871524
-9786.83412966 2053.7472382
-4111.11232242 -2352.73080217
-3027.67949525 268.264089453
-203.27837333 3507.25920974
-6988.7225184 7152.46513873
-5915.93202348 -3126.58418357
-6251.29856897 -7805.20763347
1916.63689251 5600.99316576
1745.42916992 5471.53691702
-1719.58974492 9851.04111803
52.4667864883 6350.8025535
2049.02158413 -9787.82460753
-1612.73565414 -3210.8957574
3388.14248342 3709.36319185
-9758.76273084 -2183.24299224
1801.50638604 4235.24448068
-1577.00423073 9874.87000706
5979.14166973 3060.06698779
-4671.04029366 -2157.38458953
2055.5004116 2959.41220873
-6345.83342509 2161.36337986
6797.97979829 -7333.99418203
351.811923251 -594.852025331
-828.473752896 -1221.66741117
-2410.38916599 2715.33080073
-6407.00924597 -2000.64421052
7518.24196786 6593.63615258
8753.26302085 -4835.32692668
-9905.40656644 -1372.19559595
344.708995935 -4845.82600186
-8980.92559037 -4398.06497681
4389.68252409 -1309.7569356
-988.226640159 4608.67137305
-2088.74769231 4528.83150275
-2686.99002898 -3973.30577942
2695.37549896 55.5928846389
6153.84854721 2314.48972493
-7799.10862542 -6258.90602653
-2734.07861016 5892.38362117
4691.47957978 -2165.08858094
5072.637735 8617.90847071
-5470.33057973 -191.342656025
-1116.13460951 3533.29544201
63.4734329681 -1216.9964748
2243.47755801 410.791720492
4540.9948892 -8909.5098303
771.187010689 -873.825535907
1298.96560181 -4703.91357727
432.449755808 3768.4749011
1704.03034047 -9853.74449632
514.737042469 1068.57277796
1821.50357903 -9832.70688628
5208.05409305 8536.75421714
1975.01267008 9803.02631604
5894.17794346 8078.28362778
-4336.47597254 4498.48728083
-635.867663609 -547.002538199
-6518.25695541 -2394.59797261
-5412.86377998 1037.98195327
-792.709921732 -9968.53103421
-344.406936129 -5384.26537898
4551.77425669 -4624.31035955
4221.39087955 4749.38866375
-1191.25381658 3529.09711902
-5709.02361275 3721.47939534
-6378.17964937 2237.12618542
3251.16238008 3773.76684209
3181.94895 255.565636345
1440.84802174 -9895.65343867
2264.32144694 2213.66960909
6691.86994215 -299.326474212
853.118121237 2780.46667106
-3162.68249354 -1568.39463329
-9.74559956387 -5638.87869306
3129.20981718 -1231.86134797
-8511.62062224 5249.02985161
-2250.32162785 -9743.5133587
-6887.01180839 7250.45297558
2221.29968009 -996.483853112
-3949.43558389 -9187.05385685
-4372.34300966 4034.25412118
5367.48171754 2108.53355407
9904.59755373 -1378.02296737
-9761.52612239 2170.85415493
-5727.79278774 8197.09642378
-1326.36572803 -3166.80671917
-5617.70629769 -498.512209916
-681.529302833 4917.87591043
9997.96077389 201.941486068
-3066.70051775 2699.42121945
6912.18460349 -632.095045005
3707.89132791 -9287.17082326
-9983.30054882 577.676511411
5598.99106705 -4092.45374818
-5028.06842376 8643.98796424
9758.25190614 2185.5250482
5372.59119725 107.034621082
2342.60175339 -5733.0998933
-9992.72237608 381.443986062
-2949.28838873 5042.42651504
2880.95814089 1648.63496846
8897.31507832 4564.84220943
5807.85988257 2030.06658279
-1205.71198572 6422.23533236
-7905.478785 -6124.00238243
1279.0369453 186.031789771
4753.11382024 -3085.96892127
3061.05041302 -4774.79656986
-3038.14015317 -4454.74133266
4231.75966839 -4749.67372086
-1138.85006251 -4583.10284995
1997.18403765 1001.86578259
-718.032163621 4073.14514763
2176.41198266 -9760.28846304
193.573384181 -2195.64679299
9530.18105153 -3029.13339506
3195.19724979 5776.99042905
44.2160235754 -5843.28341632
4381.4081144 -169.962367426
4484.16914995 -2436.20319792
-3912.04269523 9203.03873461
-1045.44621634 -423.285014953
557.241029846 -1005.4235358
8669.99044494 -4983.09800071
3216.52883656 -959.801816711
6335.36506778 2928.16765896
6040.30420285 2145.16341213
-1513.23173967 947.36510496
-5919.28716948 1956.31719362
-1168.68735183 5925.36632438
-5499.96147006 -3156.58104938
6481.69838859 7614.95804318
-9922.90696674 1239.32131809
-4342.60608013 9007.87280288
9300.37440615 3674.64772536
-8184.0982386 5746.34979974
5213.783266 1591.72843462
-365.235502329 -4435.79221769
2063.16118473 5077.34724408
9094.43727095 -4158.27016013
-2016.53790104 -1947.69576097
-2219.90915774 1208.95712679
4750.79114964 3847.79508212
1275.823209 -1974.35791658
-6384.83303853 7696.35674005
-1665.66634056 -1998.79535352
-2395.4242956 -254.364453562
6343.31748522 -1080.97460215
-5328.57719995 -698.599091136
-4603.72268054 4251.19148583
3288.84545416 -4261.69389673
9423.00570145 3347.68032382
359.287301489 3531.55447107
-9430.32296806 -3327.01198046
6901.45227547 -251.18734877
554.007954856 2012.75225403
3010.48796066 1170.70380281
-2171.50771837 -543.680088664
4874.37157206 -1471.98584861
3134.54197979 -4450.00244078
-4511.22916066 -1175.8199508
-3534.6247008 4950.4888776
-1834.48025072 -4186.92513451
-4508.06361464 4260.53404611
-9763.97703965 -2159.80378027
-5322.15567725 2493.73143012
-6724.82422233 -99.2287661039
-6250.75048954 7805.64656627
2330.8757877 887.64807631
-1992.23753095 3289.10487938
-4569.73228006 -2227.29483737
1549.04608068 -2451.61802395
5647.69872849 -4015.99124697
-4061.2222873 5351.41371162
9999.97740483 -21.2580082757
-4261.36278739 -4984.20021169
-2725.39802539 -1926.7209353
8111.10862453 5848.92442087
2.54975653717 9999.99967494
2120.86249111 -4988.01898322
1622.41947925 5490.57589277
1653.11961034 -2897.87605574
-6298.78550728 2105.70597886
2308.19746093 -1891.7384376
6542.76793252 -1116.73149977
-1672.32481623 -1785.64177798
-2913.0207876 -9566.3111956
-662.064460906 -6853.69153789
1761.6538025 3310.8278061
-2273.72664838 9738.07820509
-4104.88938776 4399.836285
9994.61623274 -328.095047712
5461.01351775 1508.15193081
7216.05164038 6923.04836927
-8942.9647053 4474.74940972
9814.56774495 1916.8359293
2865.56490917 -4062.06574229
-6295.05532243 7769.96000553
4446.17218139 -3387.60943986
1295.39635272 9915.74244771
4367.28343875 1595.43903094
