-4939.37207716 -2265.01056234
-3443.03949552 339.296632113
-938.928106289 -4779.10449663
-42.2303567083 -6027.70344323
5243.59524325 -8514.96969607
-8996.07697425 4366.98970384
-4042.49069278 5481.89333943
3553.9667487 -4945.35381163
6267.77206469 -2177.671012
3828.56518878 4051.4713484
-3596.70211543 1148.89852903
-9736.39573041 -2280.92046789
4809.16908989 -274.274210378
-2248.6840476 1157.32008027
4022.59531291 -1928.56003815
-2807.79077915 4858.2541323
3656.2577576 9307.61941691
3537.05362599 1633.57092325
-114.43621594 -5706.47001059
-319.177286813 6248.20209019
-6639.70521289 1299.31310015
4864.3637046 -23.7256004694
6492.25538154 -1266.28677465
-3131.75144773 1792.43751492
6038.44634636 -1570.47196702
-1863.13937027 -1207.3418228
5929.04907867 2156.13156006
6908.77257292 1060.24792659
-1230.31055671 -1006.26266646
2537.77261286 -5365.98777038
-9993.46302492 361.520081846
6500.72432038 365.647191988
1088.50938987 1479.77166121
-8544.88470336 5194.70359177
5255.9867184 1803.35103979
-167.92239044 -6832.06422429
9724.86353226 -2329.59852314
4048.03964145 -1606.05280826
1668.50384168 688.83144547
-3458.23223819 2899.73030661
2528.93458514 2373.36692054
-6683.00465184 356.494669784
5338.29587283 8455.92083537
5181.84689777 -4010.6654674
9911.5902226 -1326.79284717
-2475.46161697 -2947.80792792
8794.92080957 -4759.13521066
5416.08506639 1452.19656824
2547.24449846 3349.95052279
-2513.34978999 3579.32887648
-7686.40951546 -6396.80457421
-2164.22760572 -5467.17258249
394.036349256 -567.049782128
-5057.44352067 -4331.98727415
-4863.98317754 3841.06432434
535.018107934 350.612068842
549.384928943 -2344.89745898
-5291.70219311 -2606.59890893
1211.58209795 4213.62517686
4474.22541222 -4646.21803116
1511.74932114 1339.11846743
-347.753887025 -1699.52016997
-1955.10378854 4215.34148176
6486.25504578 7611.07715643
-8563.61676677 -5163.76489317
3848.88760254 -5654.56417977
-2011.95504228 -1993.13261494
-3824.19174921 -5028.33846124
-4896.3798214 2534.40466914
-4993.81438202 -1954.4775372
5944.04292882 2379.15063712
1198.98545843 2730.33779987
-9978.05916387 662.068971013
1413.86793918 -6707.55474114
283.788855653 -5166.53307611
-2040.43588709 -5084.79451989
-6651.99540153 1441.99721414
24.5800941818 -70.577135911
768.908192627 23.5473561025
9513.17432133 -3082.12821473
-8068.18674997 5907.99141566
6144.52659631 -1645.6684954
9470.55631122 3210.69512036
427.233777849 145.391491768
4851.65679388 737.223090169
-1023.71385708 -5760.74352043
-3557.52616741 -565.043780659
1168.03647599 4924.93519382
-911.986109422 -1138.71390077
1112.69664546 -2163.03604752
-4154.74787604 -9096.04694835
4183.57418508 2847.77781547
-283.387366053 3700.34145866
194.800413271 -2626.04985032
-5201.6549371 -4049.94983226
-843.681062136 -4779.49742681
3282.63162081 -819.377972138
-9417.82128831 -3362.23767475
-8473.35747663 -5310.57558775
1446.00369713 -1537.67835296
-9997.87478538 206.154737809
-9012.7703854 4332.43233992
5279.96100694 372.946364699
1288.84143696 -4316.91283933
391.833252759 -2900.08051008
-1857.6365933 9825.94454937
9771.11672164 -2127.27008442
-3674.98417325 -889.45180962
4175.33366012 1049.36325752
-970.958011891 1305.07035243
-5687.76164513 -1831.39386575
3104.17819473 1116.55764978
-2433.92089326 9699.27982303
4914.9503461 340.448728212
-9959.55423843 898.487268609
-6775.4401248 -1183.88836191
1213.2308811 6209.9237582
-9300.97252213 3673.13355904
-1375.61952032 2485.14221045
1779.77569251 -4733.90875897
3448.48358786 -4970.91442614
-5128.26927785 3979.8153154
4199.54229789 3985.51794729
-7017.70831693 7124.02765144
1695.58395933 5349.28652189
3516.37140001 1851.88330472
3958.47442159 1165.38786594
-1056.27129575 -1252.99532467
-1787.55317146 6326.25566419
-2768.32119381 3284.887301
2484.08685531 3326.32577119
-1528.07431721 -9882.55983443
-5552.5353604 -2817.12538089
4779.18843172 -37.1526493579
1034.8831459 -2024.27706347
4088.89067574 4718.7408479
1963.83139963 9805.27236918
-4162.93649857 -4096.55801389
2759.8548695 -3891.48948942
-2471.48435048 9689.77631864
630.974743502 822.885690838
3166.148324 -1770.33153449
2593.07141103 4624.35868323
-3752.83623386 4828.25015799
-5185.47913485 8550.4857255
9994.76139134 -323.642905381
-5043.14893103 -8635.19825247
4804.62129846 -652.53648655
-9967.1492776 809.898313406
-1905.97137812 5726.00560113
1447.11141407 1322.25649412
-184.908887714 642.322353929
-8690.54321544 4947.16672658
-6486.05938264 -2620.45294861
9515.52380562 3074.86694096
2429.40851721 5221.3809494
-7165.52055983 6975.33620026
3419.39963736 -2926.18493912
-6086.54547379 -7934.35342013
-7886.85941235 6147.96296425
-1651.36841307 2957.93017025
-4290.04007866 -4480.36558377
3006.97163574 2166.84871812
984.870674606 -9951.38330858
-981.045108426 5149.78996447
3772.16571418 -9261.25077
5568.3832681 -2495.0708459
-5291.52351802 -3330.91878701
1050.91156294 -6530.41716761
1464.30651353 -3271.51260469
-531.310189988 -3991.11561505
-128.781328162 -1468.1204171
5416.23976575 -890.206758188
5655.09749052 3454.1890445
-4595.26856882 4155.6568059
1794.87986012 4704.17582288
5074.14148244 -843.428613763
3805.06324946 9247.78317585
-8552.06354026 5182.87653754
-1920.8323658 3831.52510537
2488.94841638 5611.79030393
-1592.25710711 -3934.17869114
-3901.53272434 -4097.3577171
4991.91872353 -8664.91474036
9806.97325635 1955.31980742
4869.36643572 -554.243604394
2179.02925485 9759.70447844
5529.63691049 3642.3125932
-4772.88135148 -4535.48004736
-1622.07930815 -4837.69435767
-333.303546208 -3966.886909
-6594.92050271 1546.54934562
-2477.98655373 6146.03249953
4213.7789254 -2257.52676782
4180.70054659 2211.41671811
2028.60604256 1439.7461492
-136.934926635 -1314.22377934
9608.0394787 -2772.28739054
2498.93769554 -1212.9378581
-4161.55840846 3394.63888366
-2864.09240064 2839.62100689
-758.892880478 2785.17682089
4787.94894566 -2392.78240719
1082.46718082 3938.48345625
-9950.03266839 998.423706593
1399.22727673 2650.44223484
4973.32863481 -4851.76614174
5346.68737896 4430.298392
-630.206753836 -9980.12221606
39.4941681533 -6679.34612613
-8460.82892485 5330.51347474
-2238.76411777 1280.15214526
-7526.616634 -6584.07488147
-2611.79638882 -2593.06383318
-2936.5380298 -2739.84254651
2454.34314156 -1123.69485949
1913.10917422 279.916109929
5713.97087944 -320.850067193
9962.47205563 -865.53482935
-3512.21498469 -325.804972707
1867.76509414 540.251980118
3155.65008603 -9489.03960022
-3141.07538105 -2752.22932178
-1155.11728779 6426.66208802
-7752.67827158 6316.32643372
3423.07613919 3665.72701052
-9879.37710687 -1548.51799483
-7003.9291652 7137.57495575
2460.62666545 -5308.93946372
1251.47365563 -4001.98795458
-3279.49258295 2352.28860106
-1458.85196469 -5687.61846382
5376.83893805 -3750.14706998
3884.60947654 1629.94736695
2657.75221687 -1915.36837998
-2509.70411023 -29.9853871546
-2817.73306607 4116.89627045
-3783.95103528 3559.66442816
-3771.2637634 -4739.99879977
-3198.03345962 4529.76614513
4166.36879371 3672.0954592
81.8503402987 -9999.66502048
4739.9684151 460.607130402
-5719.39638793 -3078.89161448
-889.317030998 3374.89402749
2325.12685739 9725.93363627
-3654.32376485 -1886.91164091
2751.9494025 -5610.73871082
-6521.78368122 -1222.0204437
-1456.6110285 -4061.75409149
-9997.90781919 -204.546422357
5570.0612747 2940.80405144
1506.98347978 3928.47619866
-1483.64801733 1898.96971037
-1597.32256764 -9871.60375091
-415.508063545 -2021.66266673
-4011.42969189 3114.56003621
4440.32913961 2660.77596106
-7590.40021523 -6510.43966047
3125.51177305 3713.53982984
4696.38146312 664.116652608
3533.79020794 -4359.25179734
1081.10412514 -4301.1778085
3865.01819136 -3664.35970624
-3315.86797169 -516.050267183
4626.86223244 -4249.76684244
1447.1903757 5962.34568399
8102.9720664 5860.1914381
-4287.58111097 -9034.1932798
211.921894916 -2419.09105226
-3728.04228953 3948.17965736
4766.85530755 -3200.61806734
-3574.37181871 -5480.78604944
3399.38861857 -1087.35223668
-1015.22396425 2370.80904844
-4685.51909078 -3111.97643347
6192.54581169 -1129.50385075
319.008043014 1603.44061269
-2605.00886514 -3432.20128294
8912.74054478 4534.65059088
4629.53760268 2628.46278951
-6723.79534165 1145.79976344
-3367.33619422 -5671.9870236
-9277.10933155 -3732.99376514
-2060.24125852 -2042.56731293
6752.94574831 -7375.48125347
4241.17522211 -2179.40771356
4880.4735741 -2875.8130028
-8248.30177081 5653.80561195
2176.54345107 -3855.45697452
5178.94554147 1447.00480111
-2494.27699489 -2861.06763619
-715.840913993 2055.69789551
5592.1348146 1840.15622488
422.96246099 1038.8865308
5488.94080451 -8358.9191194
-610.058817668 -2034.33493766
2030.59666472 -345.810257914
4801.6568417 -402.447075123
-5243.22492155 -4327.26775473
4597.00391118 945.068593846
2269.91565708 5206.51476368
2330.67115158 5711.42048871
-9809.81492083 1941.01293637
1526.63417499 -6613.1005227
4716.39588128 1388.09505854
4834.55763574 2131.75629023
1108.56407343 -9938.36433701
2964.27697069 -738.236731887
-4026.23208614 -296.087739392
-326.282400102 9994.67557229
-3149.19236144 -1045.37637764
3696.34630819 -3974.43871248
3020.91062169 -2102.66625856
-9465.34742227 -3226.01893605
4359.02426273 1081.70616435
3431.95481094 -4095.95790086
3630.44247452 2283.98216045
-5290.63546265 -8485.82208165
3956.48960683 -2412.27602596
-5444.84610783 1510.5646036
-5562.89510682 -8309.88556061
-4855.09368636 -717.292841695
3693.89277032 5935.43644161
-5376.25216765 -2252.20709757
-4810.05205133 5011.09503764
-9362.07005658 -3514.49061113
5436.03321835 -2858.66499858
-1238.23455009 9923.04263817
8612.62782743 5081.59836137
1674.19161252 3191.50185428
-3095.12177307 -4678.79827859
-4110.59085218 -4096.790052
-6671.9919145 7448.79345216
9814.97765464 -1914.73591884
-2769.71683097 398.36912616
-2024.544633 -4355.12517774
4970.31141469 716.348873084
-2542.69918635 -5369.0417048
3603.58668761 -3722.2092929
-3552.30974884 5299.83304077
-1778.2775618 9840.61628726
1717.94895979 2644.33768662
-5418.27374436 8404.89795483
-4709.63274608 8821.5281781
6249.15476842 7806.92414977
513.314731763 -2059.86180866
5311.99071379 -948.80968944
-9798.49485159 1997.37293545
4792.03705258 2760.50231148
8440.83137512 -5362.1232452
400.338346519 -5757.78202397
538.587240974 -23.3195149138
-3294.17277896 -1539.78658015
2391.12356794 -9709.91905645
3363.72570886 3403.09425277
-802.593373688 -3982.16026117
2578.16367191 5007.50541362
-6750.80681603 7377.43907685
-352.844819482 -6106.69077818
-4782.32150243 -2324.58154509
5106.05181681 -997.440546843
-5048.48016179 4812.7021929
-3063.59125496 5177.7126733
1936.56266789 3528.75629352
1618.10192975 5315.01078891
4242.8226188 2268.06471083
-5614.75395582 887.826934464
1059.51598273 480.386927577
2186.3480888 1278.33012049
533.737653547 1918.19118625
-3034.97135624 5687.23877734
-4612.58942142 4160.21920506
-178.363832271 4288.72117482
6210.63344629 -3128.98454975
-466.072657411 5118.31790505
-1183.47185029 2843.06868249
-827.216596878 9965.72690283
651.783100255 -6925.08265903
5926.32471507 8054.72999992
1387.60670063 -4244.15697158
6528.55854301 -7574.8216712
6569.41121002 -1827.3987235
-2791.33430016 -4894.18498975
-242.023944407 -5371.56216154
1276.90461674 683.482844673
-4694.61127515 811.224117393
1799.39207287 -590.093932913
-2770.60802708 3781.91397457
-9630.15248955 2694.46896957
3586.22064313 -597.386083414
1168.87614832 2296.51214392
3220.52328017 -2285.81646265
8586.52247409 -5125.58599596
3858.74032747 -1534.00640371
-1670.05708052 1337.19158727
-1537.17000815 -3779.56767087
-3555.73859299 1714.61249151
8329.49281424 5533.49342256
-1828.54071768 6253.29094804
4333.65799823 -9012.18110972
2950.3589826 4146.13117078
-974.626832933 9952.39179979
-5689.52483121 -4045.93116604
3316.43027323 2449.94991336
4323.76926191 -3840.30091017
7186.59142407 6953.62522023
4075.07110106 -4063.81566155
-505.193982289 6928.1039187
-8828.21766416 -4697.08131441
2384.24729382 1264.0506308
-1602.74408935 -2604.91783769
4319.53780245 -9018.95743272
9903.83619435 -1383.48423756
-9936.932196 -1121.32891347
1459.3536418 -3771.56844116
-4041.65670454 648.836817493
335.538826355 -5930.85758794
-484.806996339 5947.29631483
2137.72846406 4744.28409682
8023.94191973 -5967.94404035
4740.00480248 173.8886046
384.120959506 6183.94947139
4192.08592082 -9078.89947254
4812.97555065 4971.0731777
-8769.37601757 -4806.04247405
4034.285488 1893.76099878
9853.5121296 1705.3734816
5889.12543261 8081.96768361
-2127.01562747 -2320.05613687
6058.48286303 7955.80199593
4807.92066152 -8768.34641837
4389.26628566 1020.30469626
3572.8301074 -48.1392852603
-1576.06165336 -1104.50691278
-226.092111231 3701.7086483
6175.71032969 1932.76412645
-2716.6109491 -2709.24197646
1668.06109242 5652.07848408
-8106.94447326 -5854.69480908
-74.8874024841 -2503.41081889
3870.69374325 4598.60394467
-2923.72169514 -5962.82460596
3747.15348822 -3611.10446201
9363.97323458 3509.41665551
-6193.15361423 2717.82839748
3345.35336167 -6134.67831485
-547.167633332 2354.37005592
4905.83852804 8713.939886
-5549.45861086 -8318.86465369
-9750.07048007 -2221.73932623
-1462.02778706 412.400908528
3527.9743617 3095.18260758
-4073.32283282 -4442.11482827
-9009.23418283 4339.78103583
6026.7962215 793.219811462
5656.14989246 8246.69439194
-5384.66944544 -2059.88853392
-2093.88269704 -9778.32578978
-3514.38107459 -741.038684663
4058.13726262 -1556.6946923
5303.60848982 -199.476023431
1033.8749727 -1008.24329914
2987.19537679 3001.41959488
4493.91208858 4146.09205831
-2448.42813332 5385.85172308
4097.56322057 -5319.42693093
2373.24628789 -5477.00468834
229.758663869 -4176.31569766
-2363.67868457 -5610.52398589
4738.70275457 -8805.94663871
2283.6627261 -3659.50270262
4501.16265775 2704.19496928
-3267.99099606 1475.43707332
982.221557342 4332.32783416
-2979.0268601 -2224.28386346
-1937.78910044 -387.952505351
-3297.42967784 2468.46583455
-64.0682513843 -168.294923593
-142.334302467 -4013.78475305
4412.71246972 -8973.73771956
8571.82518559 5150.12747295
-9996.42822992 267.25015274
-6677.46833636 -146.427706502
4209.37012504 -3133.39854197
-1513.93615633 -947.061868299
-6140.51744142 1806.33922408
-5205.94372182 -3556.32528351
2942.96060354 4223.2482151
-929.788072318 4976.92233631
3672.94485462 9301.04704294
8475.33114548 -5307.42517371
-3569.61836095 -2071.96585107
-6227.73204473 -2505.45698063
9913.47582921 1312.62979691
1630.37433645 6500.86453297
1300.66944203 -5429.73941906
1515.33891703 9884.52062401
9599.35551191 -2802.20872811
-1843.66237304 -9828.57614582
-9982.34185564 594.012691069
2615.47415158 1727.36438264
1740.22003226 -6084.99091036
-2975.62116614 5923.24799943
-4615.93969265 -3559.53120653
-1904.42046609 3743.36366439
-1947.07614091 3208.51604975
-385.053682693 -1511.19529372
643.474594199 2462.1125087
-2310.152165 -3098.67401271
5818.99830613 -3338.9393598
-4677.29046238 -3989.85795741
-1792.0165901 2853.68836564
1400.9997149 2550.03422544
-2706.15124507 1766.07854745
-1267.55659625 -5926.931549
512.252685635 -9986.87124109
2320.96416163 -2000.73973096
-1856.65862499 -4554.11006846
-4115.77482245 -5014.32668409
-592.663897798 -6606.48165996
6119.14663519 7909.23791885
5177.70278974 3236.8398918
-4054.31724936 -9141.25328615
3663.97263229 3866.96914447
680.793079023 9976.79912515
7600.66384574 6498.45436269
6582.60902271 2020.95845467
2690.4199056 2920.59691431
-2808.01155652 4964.35806047
6086.6885688 1080.34999957
4047.65552018 -1527.89693375
42.0567230266 -2106.14110059
-2264.90003548 -1587.1394365
-5084.76561823 -2843.41399658
-3050.95202114 -5447.44540096
-2391.17081671 -265.956585428
-3100.56286861 -4147.51278849
1547.27114737 937.49727422
4989.68090771 1644.77425001
464.560673539 -5932.48476092
4990.28409021 192.360849194
-6614.08853367 -1326.30160984
9782.6030583 2073.80746546
-559.728459933 721.709632945
-1640.75027221 1753.42924985
-4971.88331344 4159.55964248
-2459.60520397 -1593.38599786
-7503.67176414 6610.21255756
-5032.36763632 -2944.7482508
1974.46497183 -4535.14203421
3371.99591916 2516.88162985
-5848.28778836 -1361.88385813
673.30013226 4843.72128329
-4521.59490608 8919.37102633
4339.14983541 -1807.09421751
5205.62486151 -105.373178701
-9092.81584422 4161.8145109
1016.08195682 -2600.46897781
5149.27211393 8572.33904467
3940.82985417 -1434.24894713
6585.31409302 -1549.75271667
2769.56822623 4743.52104476
-2878.97040782 5302.95446034
-9343.87581467 -3562.58119346
-4572.44047967 -1036.1167521
-3324.82339147 130.333892636
679.665220804 1602.39664182
-3893.53761706 -415.065833106
-4533.14506667 -798.74258638
-4263.11182083 -2290.74179901
-3712.45486167 -4819.83605604
2370.55409933 4449.76283425
-3298.5917935 4337.28936618
55.8523283739 29.0803899854
-1616.88396932 4810.35607881
2275.59791686 3254.07497191
904.812455055 5485.25343535
-9915.55527418 -1296.82828652
3014.5987755 -5422.66381386
-3206.37604749 4843.94026883
1146.76519935 -2641.62432785
-1447.16100606 -4252.31317359
-7449.74487583 6670.92956678
4320.96675595 4344.71490269
343.829208527 -1478.85100082
-3225.97794181 9465.361394
2607.91959336 3349.95268698
4081.84120621 -1548.61351407
4418.068403 -2338.91770222
-4222.33350508 4749.25892497
6151.8831709 2648.1428489
-3793.38991077 -9252.57764004
1116.0753025 3867.72951794
3071.04574789 2168.60288153
-4728.68465237 4111.61356296
-1952.1433874 -6377.84107083
2208.50776844 -9753.07610125
-7127.01949051 -7014.66985551
3020.68445403 -3820.66573707
3011.15045135 -5800.40171142
-5948.07202892 3463.40804319
-5545.65428091 3315.67861415
-6511.18986372 7589.75668639
605.737751649 -6399.25026471
3361.76699621 2112.61426662
7370.33214759 -6758.56523489
-937.983847631 3777.64775153
-412.097763063 6567.26547125
-5230.59740154 -2894.70939635
-6416.69810692 7669.80999795
-7839.19550849 -6208.62414547
4517.30812684 -2781.03120134
181.588891394 4313.10038118
-2042.918012 4974.54699616
-3869.67444342 -3561.17488127
-3792.55916447 -1786.97099827
6721.38116013 7404.25791692
2868.10935889 9579.87206102
-5840.71502579 3297.05565192
6273.94579243 -2664.98889757
7272.64229763 6863.57589094
-43.8156984537 2500.78270452
-1681.92096913 2189.21676495
-2563.05523258 5003.8793708
-4507.95395781 8926.27308087
829.581206641 2215.32915962
-8799.86257316 -4749.99144142
4834.8235387 3310.99044285
8190.80587738 5736.78473354
5269.05522707 -578.84065629
-4683.23742898 3915.62981138
-246.93314721 5272.17217497
-3526.64235823 5298.94831021
1342.36445558 -5355.47352489
2405.39465675 528.601991351
-4736.88308477 8806.92560666
9762.84485343 -2164.91578773
-8758.14598552 4826.47686168
2675.50788455 -2837.8549084
-9927.48546688 1202.094965
5679.81735317 8230.41158355
-1207.42794479 5196.0961147
9999.45166801 -104.720290372
-2610.03606947 -4065.26780637
5022.70711322 -4831.30792289
153.265519092 4851.95245207
-2011.67971731 -669.565095564
-1183.5793151 -1006.62224802
-2683.86113308 5688.62685705
3373.69698191 -9413.72236016
813.454242058 -6027.10732327
2785.78121022 -9604.13572628
-4557.51546001 1746.96288927
4704.51056354 -8824.26089582
-46.6634870976 5706.93364219
-4889.01083778 -3905.59159845
-1325.19922028 4468.04387332
-5780.07338971 1807.41090247
4361.99878539 -1828.90118616
-5284.88501178 2513.55036772
5374.83437418 -1956.54898306
3080.26531127 -9513.77767305
-9856.60389459 1687.4121207
-3447.65048542 6054.66463779
-3128.23381896 1228.04138388
2202.60144501 -1841.57536034
8473.38964284 -5310.5242642
-3737.57804992 5561.07869321
3756.36889593 2837.49692244
-3757.25284883 -4247.24237504
-821.372239009 -5829.86807097
-2009.32098723 -2857.24558962
132.179840524 3364.68047133
-1776.56061671 -5793.8113286
3875.9651734 -2075.40113871
3732.61507213 -782.922238772
3162.3121591 -326.760089379
4968.16218646 2635.39362915
-3608.21585529 9326.34860713
9996.41850328 -267.613727922
1153.92267439 -5031.20721028
-3467.01149692 4246.60731542
-2027.33011839 9792.34050629
-1985.32218232 9800.94361949
285.858724553 9995.91340447
3538.63974949 9352.96897907
3413.77181627 1193.11006717
1735.60434978 2416.0471387
3185.35345604 3467.71230672
-4096.24017544 2401.59966905
1361.13224568 -795.573547243
-6631.59191732 7484.7838073
-3367.66195602 -904.803946952
6150.21850493 7885.10065513
-3279.4020134 -4966.58461574
-4383.27197381 2435.10838939
5661.83520172 1803.7943706
4704.82788584 1233.33911956
-3937.13832844 1297.50985557
-2721.88792062 9622.43867986
3632.20757619 -9317.03107881
153.945834923 5038.70149479
711.382006127 -1998.17151662
-603.693087923 9981.76109991
-2131.50486422 -3419.01508182
4489.09437718 3963.06149731
2408.95887627 155.37705324
211.165181049 -6283.54841663
-6084.45914951 -7935.95343094
8689.87117898 4948.34708693
3488.65749661 -924.307883095
-2241.64803611 -9745.51250998
1078.97857122 9941.61985005
-2604.59139846 -9654.84871176
-1488.42610771 -9888.60898822
3738.44156437 -392.892921405
-6575.53228091 -1255.38578966
-2290.1739339 180.329331873
1344.21907174 9909.24190275
-984.608664788 -3495.7971278
-3411.71933998 635.842837938
1429.80774116 963.378892889
-1788.52501696 -3867.92998728
4851.38890429 3759.1713655
5554.03038569 -805.14715333
-2499.17734629 -6227.67842451
438.314554124 2953.58238479
2328.53817565 4158.63894417
9863.36962801 -1647.40389133
3344.82734271 -3196.91527669
-2746.43960342 -2199.63330531
3638.57305237 -437.789396929
2985.04686033 -5538.9781522
664.101387261 -1873.23459534
-3347.06899531 -1131.76438239
-9999.99561292 9.36704328719
158.902327031 5815.50612283
-1857.46589233 5204.73290242
1835.3151102 4864.28145078
-2250.76529614 3210.29857862
7812.96965855 6241.59475732
-80.0214440247 -9999.6798233
2699.59391921 1693.93171192
4247.68783541 -3446.32622216
-5257.59899889 -8506.33015858
2894.33496021 5437.87871753
5354.61083209 1675.9785723
-3987.48938995 2928.13822801
-8825.26946352 4702.61830221
-546.383628476 -400.739425827
1003.21434482 1668.36068879
-1417.17196868 6169.75786854
4027.77123911 9152.98087212
-2538.05511008 4588.42688948
4052.26929479 1162.77799511
9999.94810427 -32.216639721
2268.95819737 -4210.12756693
-1343.10557481 9909.39288831
4176.58207575 94.9873290382
-1367.40430566 -1333.54987685
-6485.80183447 1792.10141234
-2138.54987527 4070.89635089
1063.80346966 9943.25510977
4877.76914185 3374.80109377
4225.47728604 340.528194043
-5116.47566941 3360.4903945
-2655.03866005 4567.26973479
-3178.1026854 2952.52194299
4487.73275455 4173.67471536
9968.78017866 789.570610906
3381.98735524 -2369.13227438
-4883.99198377 -627.774905367
-5342.8729634 1290.86008899
2167.7407863 5307.02895691
5930.17038172 -1655.79030691
-2783.60614799 236.880933412
-712.73219879 9974.56830208
5069.18114353 -2435.640901
5728.54993231 -2895.38584491
568.665037233 6263.83706033
9740.88157295 -2261.68657905
4319.88601683 5039.70094221
6956.80891721 359.835624011
5976.04952993 -410.999456183
-1176.22220839 -3742.63692674
1615.74964361 4397.86099851
-206.697375262 -2529.1508213
-3617.53744262 -5454.39382851
1409.09449596 5644.64950359
-3437.41365269 -2390.48064644
-912.167656084 3682.49037768
-572.875156529 -3204.92304281
2230.96955192 -6139.86414318
6851.29244101 1352.10006384
-2573.34030942 100.562066783
-2807.80639714 9597.71968939
5407.37836241 8411.91174738
1849.15572888 -372.612702787
-6664.56235282 -7455.44154597
