-369.836251121 4619.90721491
-4439.90233468 -8960.31624768
9433.18300095 3318.89416381
3109.09737316 1699.72902847
-2115.65755133 5582.21932604
-109.793891807 4483.27700188
2153.84834077 5011.840929
-5778.49942097 1582.90608059
3644.57667661 -5396.69086733
5160.22933015 -8565.74767667
7084.38453363 7057.72596377
4817.59669086 -4252.34568419
5557.36728713 -120.331070497
2077.64310742 1531.20517018
-9526.4544939 -3040.83290821
4924.5078579 -2281.99382491
9868.42770694 1616.82856017
-5620.74977665 3233.99200735
-2478.54933946 5943.09585454
-5155.33908699 -8568.69178452
8264.94017029 -5629.45503415
-1118.23568579 5431.58516827
8725.80785262 -4884.69828333
6263.75937936 2170.36635815
-9404.85967717 3398.32524235
-305.374216038 3616.0935108
-5839.35077061 -1154.39373665
221.910852666 -6236.1394187
9876.40904581 1567.33670915
59.0553502633 -3206.57448829
3236.14394459 -2486.9445921
1063.38943065 4804.82939181
194.693344712 -4331.29142737
8554.77285613 -5178.40336205
5768.53156068 -1023.88039581
376.834874973 -6964.31646681
-752.7167645 2670.34492517
176.920466575 -9998.43483494
-3757.14507796 -1851.70260373
3464.19105011 -4098.64359247
9741.4896051 2259.06623935
2317.63598608 -990.377183974
4985.85594201 2218.790359
6921.73724381 7217.30929971
3570.43488222 4264.60599029
2712.23279908 9625.16458268
-966.993081327 -648.141617797
-2336.65728149 6244.79402702
-3350.28156213 9422.08116365
-830.625099253 -5570.73234867
-9491.01244241 -3149.71154519
2871.50637719 -2278.53397647
-218.220444417 -8.96748588527
9621.10996856 2726.58082089
-4583.75589805 -8887.58582896
6050.21809026 7962.08898847
2143.04350356 -6050.19902682
-145.952152019 -1292.60212069
7119.28659629 7022.51795013
7611.09763347 6486.23101761
1077.11845361 -9941.82155527
5198.65503317 -1659.97051099
2081.0321545 2162.00362078
948.708874939 9954.89585433
5051.9643146 1029.37335946
9481.17294625 -3179.20737974
2932.51991128 -2167.14431116
647.759191709 -4289.77333861
-317.257033466 -987.353426413
-7331.56336474 -6800.60134317
3426.66960208 4550.35767122
-2703.17242687 5574.14425402
-3208.78976254 5003.44429032
4305.40387448 5372.42127645
-3269.00447468 -1011.26992956
-839.953357935 -9964.66147727
-2047.04775592 2024.85348245
8092.18238242 -5875.08164111
-6598.88307957 7513.63707549
9198.66449333 3922.31711353
9538.83370643 -3001.77472857
-5302.1070936 -3779.36403551
654.494278711 6959.59421714
-533.89248237 -5639.90449657
-6329.68192935 2982.15852849
-473.912877189 5724.88866818
886.757988871 -2531.58093358
-3667.68276869 -9303.12329856
-7305.23691964 6828.87351969
8812.92454815 4725.7127408
9999.70209017 -77.1887810609
199.27146511 3038.19226304
8972.14940943 4415.94100672
1731.34233857 9848.98236909
190.151597788 9998.19195504
1242.7023457 -559.352491235
-310.976089072 311.217655686
6100.68069979 3320.96087207
4716.03153313 3922.14819534
4795.30558137 -8775.25181299
-5631.04324253 -1505.31494573
-9664.12860911 -2569.94517967
852.377344912 4727.25650541
-843.350510908 -9964.37453711
-8459.04677594 -5333.34113314
-345.888607428 6211.67027633
-2256.25856501 5011.6308934
3335.20503722 919.825351343
-2378.66494347 9712.97858984
1036.61320057 -3044.55690216
-674.494689634 -6133.60640005
5409.83511063 -1074.67857982
-5725.85272969 3121.70018379
9205.8742478 3905.36545457
7483.69601313 -6632.81945955
4892.98906472 1428.49485627
-6499.26646667 1564.29581325
-228.261156053 -1857.71763585
-1878.88098908 -2204.52865502
2864.56307323 -71.8881089446
2860.54677158 6032.63087336
-722.966062815 -9973.83176477
-296.949581363 -4779.52375026
-5725.89241774 -8198.42399614
-6418.21269914 963.956275327
3793.20531685 -9252.65331806
-436.420038335 2070.28351755
8253.66404261 5645.97466091
7630.69799152 -6463.16084917
-3367.67757675 3671.15218531
-1151.76017049 -9933.45098693
2755.815334 -5595.27384048
-5913.44296361 -8064.1919816
-6517.99570132 7583.91271295
-6147.04146949 -1188.91790705
-4498.7705975 8930.90494357
-2156.86479545 6133.8391419
9126.43538026 -4087.56373039
7878.52844737 -6158.63536053
210.499730545 5863.21641354
-3115.00652206 -1690.60088664
3154.2221107 -1115.27730261
-410.902826287 892.333265472
5840.84837189 461.88295267
1984.03636374 -1418.59137892
9866.30039783 -1629.75963249
1745.58755203 -3318.84919551
922.270930423 -3838.538028
-4604.9249815 -1965.25094938
579.911076333 -130.51360227
-1350.63197156 4957.0465784
2144.03218233 -1804.77326218
5134.48311625 -8581.20522589
-5404.89987671 1127.18134751
5348.61374905 8449.39826044
-6406.50038035 -1413.4312123
1721.95050953 3661.38689965
-1147.76100469 4108.66482973
6650.47344105 2000.49052109
2464.18766726 324.467795964
616.929421571 6665.9303471
-9996.172425 -276.652940883
226.230029759 6792.49585671
-9269.34320233 3752.2362129
2372.98739949 1808.1339092
-4867.15946237 3219.60242629
3882.53148449 -9215.52761766
-1524.11883633 859.198485166
-2292.15279227 2987.98737714
-5397.79117227 3688.68200462
-9013.53115562 -4330.84935164
-4997.22967015 -4723.11483785
-5621.69763511 1682.52586891
2669.06897677 -479.755375565
1156.74858371 4598.11181044
5750.27356644 -3466.91804292
1970.46722325 -2582.21958387
-7821.92253597 -6230.37140476
-286.312736273 -763.854259381
2177.72942984 2550.08207003
-7918.86971604 6106.67687211
-1704.19303493 -4815.53799387
1230.8681981 3200.01396653
-2180.01888343 -5992.65005204
-1773.63350551 -6035.58297758
8565.0681587 5161.35713129
-8155.50615731 -5786.85746481
-3390.28021362 -274.589897156
4718.35347074 -8816.8668202
2380.19787448 9712.60305368
-3713.24760921 3731.66477875
-1376.12313762 -2694.92461497
1537.04256638 -9881.16896673
-5155.96429085 2796.02413735
-1298.3537881 9915.35563865
-580.72339674 -541.529510008
1857.74408179 6720.24379526
-4793.98166159 -148.099273931
2480.01941976 -9687.59535063
-2804.33226902 -5699.11449945
1797.95684728 -776.408498224
9493.56204839 3142.01840117
-8885.34068619 -4588.10646022
-7711.41495878 6366.63799297
-1708.01789351 6237.90473878
-9817.62055228 1901.13826207
-4921.80048714 8704.93423093
406.00893955 -4015.76062283
-3591.97230425 -9332.61672659
-8895.80786535 -4567.77871867
-5755.01260031 1126.24277684
3567.46220609 2656.54778828
-929.091684448 -1465.5830662
-4546.21620437 871.5335597
4756.28505634 -98.2008668115
820.945179876 4001.66967979
-1600.63035453 9871.06794973
-2651.01219132 811.762088305
-3476.95913125 -71.288744674
2050.39317766 -2669.55916629
-4092.41068312 2175.01789313
7961.1045327 -6051.51341562
2957.93335328 4713.78680292
-8337.29746431 5521.72717468
-4154.82961082 -1107.59471624
-3084.60231478 -3870.73730412
-6752.43582944 589.45002447
6881.87886549 7255.32516712
725.669222253 -876.377641794
-7321.65913813 -6811.26327968
9305.0448957 3662.80486636
6985.5525462 7155.56116767
-9839.54584771 -1784.19099616
385.419515029 1686.91105773
-1653.41511395 476.307128309
9112.91757043 4117.61257945
2368.2643169 -2186.34780354
-2685.81322526 9632.5701305
-2560.38123003 -9666.66684835
-7811.63306701 6243.26747997
-7828.16665241 -6222.52415521
3036.45693497 -9527.85019205
3542.74986586 -533.396288526
9558.96318368 -2937.04321606
-2014.96411776 6087.10924342
4570.27224128 -4141.2504288
4184.33197959 -4771.51913789
-4392.93125425 4646.10191066
-8141.62538806 5806.37029826
4088.32130541 -1523.0785887
833.313562119 -4282.45567624
-3692.84306976 -479.340809145
283.332820571 -1231.17668584
1838.06946422 -1240.09156507
-6968.062247 7172.5942672
-2122.70169255 1597.09213886
3029.03724524 -5723.45366993
-6083.12495999 1933.49931411
3711.39532922 1614.21480682
8957.79595242 4444.98500277
2272.83512742 574.417560852
1167.23244282 383.555851891
395.494249423 9992.17615431
-5394.68429698 8420.05827391
-5296.71141182 -2700.1626019
-3289.76854017 699.19758238
-5438.19575369 8392.02162441
1503.95975751 1434.65060026
2921.0088544 779.818412409
-995.073052056 -3178.48166708
2335.57847236 3651.07460944
-3951.49595102 1300.20523707
5175.84790431 -125.741862841
4356.55241253 -4054.18862381
6051.998954 -2971.23160745
-2183.8267636 -4990.76758703
-8628.24073829 -5055.04320082
-2757.55646107 -4272.55162272
-5195.29861494 2751.85631145
-9945.74696079 1040.24871636
86.7536957015 712.792518049
3734.54851915 -3738.78030295
5184.0867934 8551.32996197
1516.38368363 -9884.36040035
-5096.15436192 8604.02293811
-5107.95968819 -8597.01970591
5554.94967245 -672.981951797
1707.58777578 -9853.12863957
-820.207944847 -2858.38339575
-3336.34983944 -1421.72434805
-963.35334488 4498.65580105
-9176.21733249 3974.54846077
-1995.31551285 -2439.64740838
1414.90083299 -465.388465178
3861.01061048 -4722.27672266
-473.844699132 -9988.76725132
4063.91866142 4232.68622143
-1025.30378896 -1172.74167554
-6638.11174749 668.407877184
3157.65623625 -4104.6283827
-2130.85400957 2451.55542708
-5459.29412638 3070.80000526
3996.35549868 -9166.7411182
110.5060026 5523.66468472
5135.9386148 191.786309604
-1397.91694075 3466.83627566
-6433.19351082 -2500.64395783
9953.58686747 962.345297601
-4600.19528905 5172.27494088
-3999.52297016 -1076.46413183
-9611.85014035 2759.0463714
9353.12634261 3538.22379439
1735.13090085 -377.998205187
326.418513703 -1632.90198961
-1481.99976498 5793.85094508
-3019.19348895 -5692.75862161
-4640.88571078 -4655.61028875
-6768.01751697 7361.65327151
-9635.45062024 2675.46095933
2330.96318867 -1051.46187549
3317.04581821 -2488.51988217
4756.04590961 -8796.59180056
-4877.64664288 8729.75161314
-4356.20637935 -1901.5425602
8584.01782633 -5129.77952326
2416.61200539 9703.60687659
2817.6323514 -1317.00838383
3022.00068229 1113.14339978
-9682.89868579 -2498.29402608
6927.40302263 7211.8712802
9125.83340753 4088.9075091
-390.207422441 -422.930925975
-1137.97603597 9935.03953397
3195.48125874 1859.55013602
3382.48423444 5778.97333711
-2028.82823503 94.8070796423
-3431.30757212 -1028.50761854
1609.63124281 5541.51661225
1614.51152399 3198.49045983
-1962.42185536 840.732231928
1665.92381472 -9860.25850795
-8848.99562827 4657.81884263
4658.37498054 -4141.26782958
7928.34632789 6094.36826135
9602.64042491 -2790.9311833
-9694.19701325 2454.08725767
-4337.57159898 -9010.29814289
-4336.1291154 9010.99241452
-1520.47234932 -3192.06487266
2012.36338741 -3802.28525233
-3324.61060974 9431.16982636
-7849.05599425 -6196.15364554
9993.21134304 368.411527156
-4720.54791907 3947.25642654
326.927467874 4242.5920558
-2153.74513844 -6144.04633337
-1308.16601501 4311.25472154
-9597.65708964 2808.02036845
-497.225424227 -5547.85088091
-5136.1240288 -1318.10387811
-2953.01670901 5217.38154776
3033.42426097 -1534.8120912
3686.43723308 -9295.70763991
-2325.60685592 3896.65908061
-5940.90070586 -52.9099528779
-1944.77475197 -6023.52040623
8739.12830412 4860.82672846
6292.66737775 -714.381903573
6418.05921442 -2785.25617207
-9479.99646622 3182.71377921
-2288.74262835 9734.55993773
948.781415515 -3769.31719695
350.462295569 -5541.54277397
251.794800652 -9996.8294663
-2095.4907152 -1233.87530705
-5420.87668871 -8403.21937866
6033.46713191 -2182.78300654
-1226.25925039 3140.50270175
2402.93177899 2573.16521236
-2028.23730318 1260.80856193
9825.74637104 1858.68454884
-1825.25199885 4657.57386929
5565.63439714 8308.05114075
6352.03546875 7723.44776662
4830.11781485 -812.723497876
-9250.45744728 3798.55722822
-8014.94096812 5980.02686261
8057.4535591 -5922.62122231
5268.71684729 848.120354077
-663.026194022 -4695.08556655
4862.84185995 -2929.05768184
-5573.18910946 -1757.889576
-1256.0047204 4284.61530456
9968.95270947 787.389278821
3450.23605434 -3821.01016101
4355.83941506 -1993.0203294
9881.678484 -1533.76345595
-5357.90664669 4146.09158224
8589.98470862 5119.78150956
-1197.1897902 9928.078193
-1580.80288734 -28.2953862228
-5551.9723488 -2796.44919547
4428.40979497 2430.0624306
7873.83945209 -6164.62912775
-7086.33269804 -7055.76990077
-7932.96811748 6088.35091359
6205.44203684 7841.71468031
3183.2949792 4408.00337028
-5561.38237429 -3441.59703795
1016.66585519 9948.18528873
2257.75755146 9741.79299918
-9480.58725727 -3180.95351384
-5561.98129176 4231.27148722
2459.14156289 -4934.17296221
6749.00270995 764.761527833
-8336.54539297 5522.86256491
9996.78853569 253.414626007
9467.93836207 -3218.40693078
-9778.89038271 -2091.24433843
6104.62563805 -7920.45111211
1827.38477179 -2087.18126182
-3589.12353401 4733.74645781
1509.4684209 -6250.78890694
-3007.99553392 -3590.45405219
-355.393107032 4760.27299944
-3915.5029114 -9201.56709212
8397.24014821 5430.13424266
-2904.81534876 4973.51191987
9778.00658014 2095.37283527
-6199.15201136 -7846.68811283
-2212.05742596 5030.1914943
-1628.00903329 1283.71456263
-1437.74281664 -6509.20664615
-8404.22147113 5419.32297102
5201.2244119 -2587.32885053
9060.61285157 4231.46484731
-9966.02733462 -823.589197083
5495.93748896 -8354.32050603
-3721.01893718 1840.141916
-3242.14167498 -2764.12919755
4078.85836425 -3372.19136957
-1932.47343067 -3158.86686356
-7837.31023777 -6211.00380268
-5452.45256471 -8382.76571482
-9917.28424933 1283.53929354
3367.95204474 -9415.77925741
-3707.75793091 5280.37738382
-703.358693177 -4961.45511713
-3481.94799497 -3422.92009691
-3144.57223464 11.539379671
9999.05940187 137.153482653
-1970.57058035 -9803.9202153
8672.67323673 4978.42735498
-4281.68888326 -9036.98734684
581.575443914 -951.26810192
-3685.31103637 -9296.15418145
-2840.90709488 2291.77994661
-4304.96111613 -2025.00755015
-5514.36101074 -362.880304867
9990.15657787 443.58939302
5899.85356959 2175.13657536
5925.14276092 3092.83400027
-3726.57431982 -806.547650833
3030.58418993 5092.58763288
-1410.27626952 2340.39530505
-5946.06467667 8040.16883285
4926.86178075 8702.07061529
1016.77574025 -5469.20648283
6461.43870637 -7632.15630368
-6310.60001484 2417.91425374
-8957.65899849 4445.26098972
1855.60182491 -746.584035837
-7145.44645386 -6995.89843945
9143.73340979 4048.72070298
-660.780553469 724.59443436
2315.30916157 -1311.62361525
-5068.86711374 -8620.12680784
3391.80032027 3468.01448395
1766.59936517 5043.18012369
-5627.53970287 1360.7472305
-5962.87357675 -8027.71067663
-3750.17739023 -156.327655968
-5139.31965798 -2030.40364918
3457.9519753 3030.26869399
4209.07839838 -3292.17704945
-4693.15851211 1289.06160217
2576.1156185 -5967.35671622
-3533.29308095 -273.24019708
5483.09069092 -1480.23020994
486.388300821 3431.68716608
-1200.16180267 -1872.96557703
2407.03884808 -2972.86486157
3311.31874819 67.7412148211
-2017.01149411 2495.80661112
5541.18042073 -16.2677565965
-4974.02887214 3314.02675726
9342.27908357 3566.76625597
1057.39950056 -2610.35100618
5755.63713781 8177.56939059
3890.64214855 -104.489067982
-7191.05733056 6949.00672533
-9377.70106079 -3472.56717926
-9670.80624369 -2544.70167151
1998.29607028 -5698.78373284
5280.89717407 8491.88583513
-9484.08214478 -3170.51823384
-730.946846187 -1309.40240402
-3886.75943879 2690.39232817
-4686.24541487 -2077.36468928
5488.88285001 4083.90902432
1144.17404042 -2323.77809082
9533.91419877 -3017.36309556
335.627947713 2576.84812275
6147.4440714 -7887.26387216
-9983.67764438 571.122310067
-5222.34894941 -2423.13306221
-4267.94230854 -2732.76421156
-8723.2833793 -4889.20515875
8454.24414905 -5340.95083934
-6810.71696377 1273.21123223
5384.43899839 3997.76723391
5622.30252469 -2985.43904654
5050.65464727 318.596926985
6970.8971512 -7169.83911307
1146.51527265 -1402.03763021
-6266.43499832 -102.27334905
-9.18617705581 9999.99578071
9646.10281925 2636.79737571
6055.22560282 -2020.74543319
5463.3311359 1186.45799349
-9879.05137022 -1550.59473256
-4148.73380524 3603.61750386
438.518013995 9990.3804708
5772.13390991 8165.93351222
-8192.11065337 5734.92136328
6709.14581886 -7415.34641007
-903.402060523 -767.771177528
-5225.1722427 -2651.32878348
-7071.40743582 -7070.7281716
3519.93028097 125.708507896
-1065.68373096 -1541.00605739
-5936.96017423 -8046.89405234
-3803.42557258 1582.74910506
2811.0500314 5632.36563061
1110.28895092 -4625.75489012
1245.6954734 -4452.89568951
4801.83077021 8771.6829203
4938.24827148 -4217.27970353
4063.12136044 -4745.3640428
-893.695667973 358.59715631
-5606.55059783 -8280.49457424
-6173.34887103 2563.67770922
9848.43480091 1734.45437304
4209.79240737 -602.326433719
-6102.34196194 3217.1798823
-4864.71014066 -1993.67848487
-698.090114347 3556.65971665
-3833.43807458 -1920.43742922
9779.02686846 2090.60601406
2565.92942202 6331.14369295
-5582.73647734 491.159294277
-4496.00044002 8932.29981826
2983.15928549 3166.00089312
2947.15234956 -2653.10408371
-1292.57546881 -5141.5348487
-4841.00556682 1317.10055903
-4400.04028749 2119.69638701
5140.17231636 1335.69428592
-3900.11453818 -3280.63188128
4897.98667137 2957.87105276
-2651.55429759 9642.0568245
3183.5232792 4167.62282753
6808.16563387 1240.25829182
-9999.62870063 -86.1733694828
-6404.35674356 7680.1181437
2575.95697894 170.524880856
4510.89645727 -8924.78644853
3343.04941582 4687.45534257
6250.1045306 -52.3333948926
-6405.58096229 2729.89466506
1218.54596407 5111.98232825
-752.294594121 -1589.12846682
-583.463261762 553.356266273
3930.64330363 -3098.14478637
-5901.68109101 538.882956443
-1429.5762204 -1821.70519526
2260.44195239 867.559371668
2773.70589611 9607.63007208
-2271.7501027 -2858.48504093
-9987.06010847 -508.55716474
2865.93353845 9580.52320874
240.233550868 9997.1139756
-2830.17206647 1561.09635589
-3435.83836296 -3092.05813219
6225.3934177 -958.888664845
-6528.41219211 -7574.94780509
-4468.60481959 -5337.90200956
2985.67271473 -2890.92801633
-2397.05228368 -9708.45715597
-3320.44917509 1087.96873051
6836.89216009 -7297.73290765
-80.7896403389 6133.75845053
-9818.20911191 -1898.09637133
-1366.35887135 -2699.57086015
-4054.55017955 3449.30867076
4558.73303161 1856.02664046
-14.1188863938 5054.18318773
8278.06473073 5610.1376377
2338.45809934 -5604.67658281
-6269.89864613 -430.216496179
-4417.1333685 -3617.77996418
5917.08404193 -1922.79483264
680.731731653 -2391.67958601
453.183780046 6890.2721561
519.567226305 1184.13885563
-9838.23854944 -1791.38556553
9444.19996296 3287.41342999
-1540.49151156 5466.88774982
8793.26371907 4762.19625455
-6531.25792612 402.276759197
9852.18374758 1713.03105751
-4108.25793194 9117.13862814
1122.36650683 6191.1096213
9022.43760124 4312.26387548
-6430.85879439 -7657.94066094
2122.83741366 -3777.60726854
464.859964992 -9989.18941721
4888.51838199 -2549.41764669
-873.098602747 9961.81202542
969.352560898 976.987397458
-982.841131649 4963.21276811
-9643.11745721 -2647.69441334
-5473.80099968 -3715.63747349
692.65265795 -147.991778926
9997.55458831 221.138539927
-2175.87996755 -9760.40707997
-2622.52504545 3309.38015342
-1602.20051872 6145.96668879
-6539.07293408 -7565.74683444
5558.45256848 3261.51777104
-1141.97591978 6817.77929506
-2702.85942536 -4233.23021208
-5305.31867269 8476.64991498
-9836.74338843 -1799.57759215
1522.85563926 546.520707445
-9963.91629687 -848.747329335
1950.14852863 5395.68034464
691.91809122 -364.157808845
2715.19996921 797.017076614
-1645.99256803 -1685.73154206
-5591.53249686 8290.6431799
1062.69474805 -1399.53377137
-3091.84715685 -5219.09506181
-6768.0570797 -7361.61689888
1823.87457959 9832.26736404
1428.79873066 1676.11698609
7764.03734367 -6302.35861612
821.117737662 9966.23126668
-9345.51325734 3558.28356892
-1595.77535253 2623.80598194
6060.07165998 7954.59184848
-4717.5661994 8817.28808389
-1840.14982688 6318.25094471
-1245.42183088 1908.58641296
1195.91534511 -3915.07696148
-346.36238822 6173.15842172
6594.45690506 -72.5244840197
860.561637039 5547.55026227
4399.05336237 4510.93841399
-5527.89488892 -2176.07277278
-2378.86851114 -9712.92873477
798.300039641 9968.08492373
4706.81020754 -3131.47062981
-6575.95033318 -7533.71602966
-6281.40920699 -1401.58564996
3664.53614433 -4624.96958737
-4342.40471629 -4436.04446336
-2373.47603187 4604.75660594
-6918.72551881 227.536896353
-5973.8722803 917.098871308
-4127.08141344 9108.63321288
4116.05903312 396.6266332
-2135.47066494 -5369.67327924
-1881.17056435 9821.46614859
-8939.44234654 -4481.7820711
-2540.50838981 2440.20981136
3326.55231695 2466.93570896
-2058.67983021 5886.16797825
-9998.0552962 197.206222167
795.04151631 9968.34534852
5280.76978366 -50.1623334081
-6807.05500843 -7325.57179422
-3428.98552194 2952.62276236
-6688.26407838 535.801677054
-1016.25868763 4575.42334725
-1225.2827054 -691.358779814
2259.29577021 9741.43637369
-2576.20516991 -4094.23451337
3470.37685729 2081.28171983
-8227.13341786 5684.56469088
3870.75326131 3247.88184983
4155.61561909 -1829.6822291
-2856.21596964 -9583.42477065
4067.14590111 -1145.09238893
-911.901887835 9958.33494852
1655.65781776 -9861.98748683
-6639.27554565 1532.26331552
-4876.17809802 -8730.57198334
645.337343142 4026.76468556
5135.33228723 -8580.6970754
-2828.47051416 -2095.96983937
1953.74323855 -2965.72720363
-2969.12093897 3026.63052589
-9546.93366834 -2975.91289058
1025.00087626 -4951.63182883
4920.12025486 -3466.6193799
1398.89453647 649.083384211
-2953.73052827 -2071.86365762
2071.90106562 -5208.20143415
4603.08600479 -3070.53379185
-4282.96407133 626.909077247
3662.91254402 2989.9542914
-603.526646353 6577.65798361
854.083165056 2984.26584933
-1473.12513439 5948.48760682
4494.46817224 -5258.36860254
4851.52045351 -4488.00945831
-5926.39892377 -1862.85683236
-0.302753022526 -4674.24390011
-5186.94244716 -3659.30454947
1691.39987677 5278.09436218
-9911.37326738 -1328.41256948
916.154043477 -1382.22363803
-7772.01412083 6292.5190906
6716.16017665 -7408.99402628
856.009169992 3975.91261014
-3601.4156734 3317.37403632
-892.160087145 2515.60796493
-9809.03302965 1944.9604169
4002.51913741 1262.55132804
190.207871044 2305.26576577
-8358.31358456 5489.86284183
281.02165241 6673.04621164
8347.521068 -5506.25934907
1477.98374663 5558.81496343
3810.20256247 -4862.9851023
4870.90326418 786.227903295
305.661353932 -3447.51884968
-1465.62474078 -2253.54541141
5657.83730381 8245.53679536
-9928.55026741 -1193.26844737
-6466.48533382 1157.9095932
-5187.28911399 8549.38779375
-3421.65498187 5921.66318569
8436.56945953 -5368.82629208
-1551.21997644 -4260.04194204
-5007.67641719 -8655.81751776
3660.52132015 -197.437013116
9131.14104934 4077.0409781
-2415.07820047 1336.66225704
-9580.98171562 2864.40034997
-3406.83188619 -9401.78155985
-3757.76148533 1413.08053711
9126.96488606 4086.38128039
4330.01134723 -160.460955825
-4942.42572312 -1047.57863737
-9742.25223891 -2255.77510257
9948.00137937 -1018.46382164
-9920.81708104 1255.94125839
9982.44788105 592.228251637
3518.37654739 -2655.51265372
3885.90952629 1298.65406944
-2198.64987749 1794.40714744
-5301.70844811 -2683.20174498
-7660.42702522 -6427.89684043
4525.45382681 4545.77363642
-6494.70032293 -7603.87188973
2340.65423933 5710.88288642
301.275634868 -9995.46061929
2276.12482152 -2292.76251138
195.179187309 -9998.0950728
8593.83197999 5113.32102451
-4580.29250081 -298.786846845
-396.967393589 -9992.11773792
1284.4532708 -3021.14688253
8801.14372391 4747.61720772
5146.94495383 1797.0771563
-3860.87703618 9224.62077874
3624.07481135 -3711.46679474
-1136.1471895 9935.24884257
-2851.85250762 776.813172091
-4901.91726441 -3151.59974794
-4546.26882607 1504.01484766
9563.34231957 2922.75275703
-1070.02503947 6275.53350129
6222.87274983 68.2288220444
-3143.71165834 2089.84557721
6537.03754011 7567.50554669
1897.8275126 -6380.00534746
1242.54988005 -3341.51505601
