-5805.42459933 -8142.29975016
7427.37440383 -6695.82776551
3746.73997753 -4756.06712512
4571.84541246 1766.0743389
1373.20197872 5511.0391608
-3365.81730174 9416.54256568
6124.87824225 -7904.80021997
558.713436103 -9984.37976523
1238.96934065 3781.25016129
5568.68445134 3883.54601675
6871.40029908 -1211.18749302
15.3586166287 -9999.98820564
2341.9544025 -9721.89536956
-1126.13298025 -1129.06076127
4414.38970808 8972.91276594
-1955.747918 -6316.25286243
-9348.82350747 -3549.57730248
-5669.40508704 8237.58738703
1966.95343053 -9804.64656182
6106.52926657 -733.060866141
-1315.53092874 1607.93572042
6011.81204362 -7991.12732674
9829.06340716 -1841.06288271
3064.16180366 1715.41312789
-7876.09914011 6161.7418264
-9570.12751519 -2900.45847117
700.09777253 -3820.87530438
-5209.58218232 -2023.51283353
4066.84939453 -5613.10755273
775.336001142 -5005.05429584
3650.32200835 1950.71814764
-9953.46959986 -963.557431972
8996.91040601 -4365.2724023
2880.99647839 -9576.00434897
-2083.3178193 -5100.27113891
216.451062251 -4401.04674903
2511.51543329 1554.36844648
1221.95884837 9925.06002868
3495.30106202 9369.25133006
9885.90905211 -1506.25436545
-2672.74362255 -4109.53170065
1175.7468632 9930.64042817
-4774.71395936 -3882.26719611
-3313.73496864 1122.40750359
-9550.34153187 -2964.95811514
-936.643997112 -412.765180203
5294.09838804 -3103.34741122
-4017.60777459 3137.79824119
-9919.92675062 -1262.95418061
9997.71265715 -213.872918121
949.727447933 9954.798731
-2145.70535793 -5268.28600576
1426.72154121 -4170.78437457
5963.14604858 8027.50828111
2364.67077344 9716.39501735
-9213.04522006 3888.41841539
1612.07918268 9869.20466445
6870.39825008 -7266.19762223
1624.06607452 -9867.23919775
-4368.88287806 8995.15771945
6780.77108957 -7349.90771581
-1346.35943433 -1906.54809516
8255.60122041 -5643.14172156
-1349.27265344 -3174.22685093
1026.13331639 -1231.66201593
-3174.1192079 9482.87758299
-6445.75663036 -7645.40525166
4834.11936608 -4216.22475545
-4233.59066748 4843.18131037
5949.92059998 8037.31577418
-5567.35092314 2252.02423194
-394.109947905 -5097.10260428
9812.9257611 -1925.22414463
2425.99579739 3902.90853855
1738.52931993 -3685.72948293
-2072.86822961 9782.80211916
7368.34659179 6760.72987947
567.1795863 -6465.04779232
6409.34677732 780.049133569
-1676.36044883 -9858.4895215
5188.84810254 8548.44169242
-9642.7017936 -2649.20782873
-9997.8946073 205.191182477
1081.44203301 -2909.52917993
-1696.08890149 -517.271162584
9875.58847113 1572.49875957
9834.45830205 1812.02370438
-9475.92259471 -3194.82252699
-584.342261016 -9982.91260715
-327.560144528 -9994.63377777
-7644.85425999 -6446.41011288
-32.9218726231 5771.38870758
8955.28544794 4450.04073531
7000.91827039 7140.52822775
9557.46248032 -2941.92299988
1043.63579514 9945.3921153
1094.92603324 -3616.4966827
1852.46825245 6092.63189341
7530.52931742 -6579.59939506
2619.40004629 -9650.84159012
1086.00791354 -9940.85443067
747.337765688 -2592.31944931
-212.700381362 -9997.73767148
-5116.24927578 -8592.08899791
467.329144499 -4794.48161932
1499.8751908 -6181.10194623
-2231.78428368 -4177.07692633
6227.6881075 2033.74700205
9091.38074788 -4164.94851073
-2250.46245915 9743.48083182
1292.1225179 -9916.16959308
4838.9186044 -8751.2780061
902.66162699 -2394.02936392
2440.64818895 5013.67106192
2211.86832149 -9752.31452161
-9866.82183986 -1626.59976039
2622.56549233 4852.31536653
-4824.06950029 -1946.58295529
-4261.54535724 3154.70728413
2530.35714594 -9674.56938132
5285.82995562 3655.56042565
6862.67975427 -7273.48792467
-7203.78987259 -6935.80647593
9570.8232895 2898.16175551
4791.41971503 -200.491771814
-891.236562601 -1974.9198595
6540.68470097 7564.35348477
9995.54399768 -298.496549993
2925.41812646 5086.91214995
915.375188772 -9958.01628156
1615.0854764 513.903337688
-9998.87609257 -149.922931398
-2571.67377062 -1018.41446425
4605.99452266 -8876.08103034
29.4262558842 -873.32697775
-4826.72076006 8758.01157252
6919.61342681 -7219.34553983
9793.71890955 2020.66076337
7941.05402302 6077.80067159
-849.111931594 5645.6739638
5304.13462915 -121.198640865
7462.51459317 -6656.64149152
2745.12162347 2933.85179542
2539.25885516 9672.23678714
3551.78019777 9347.98681143
4302.89944788 3448.33255408
-210.360559649 -9997.78717692
-9999.69880338 -77.6134112546
367.92590118 4030.38173588
4035.38062087 9149.62858507
223.289843007 -5358.98704426
9985.66389861 535.272364277
208.001079538 2067.49794665
910.362716302 9958.47577317
-7478.89534256 -6638.23202781
-9448.67113566 -3274.54023797
-6145.32475419 -7888.91524011
-4818.66582254 -4790.52594246
-3348.25957798 -1761.28466793
-913.197364496 6603.8855401
-2525.48046747 4874.2772485
-6096.64896703 -7926.59267106
-3303.66657183 -2765.9630883
2226.87391607 5919.81462266
7276.62537587 6859.35296797
8089.99161102 5878.09796904
4683.12063868 -2214.8385745
-5490.78542706 -8357.70754418
-5668.75033963 -2724.94951163
-3041.47477724 -1443.48230027
9547.37711441 2974.48991177
-8250.70915943 -5650.2918833
-4462.65131525 -8949.00794717
-1013.86102721 -6190.34841389
-11.6787001122 9999.9931804
-4667.85540006 1172.84854124
-785.928278774 9969.06799759
2551.20059957 -5585.37898827
-999.083274579 -2841.86692425
9985.19514621 543.946589316
-2407.42353783 9705.89057787
-4612.58863553 -8872.65608932
-6193.01749032 2848.82798676
-5976.83612742 -8017.32061888
4019.03626313 -3909.46685787
-5991.72113869 -8006.20245786
-8337.56289742 -5521.3263743
6695.12524071 -7428.00767441
-5144.62246575 456.037894891
-9957.28231637 923.324900635
-783.270579586 -9969.27716533
2904.1954723 9568.99412993
2114.75987637 3513.84182826
-3082.54967885 -9513.03776285
5335.05323487 3643.08879849
-3262.61185822 1742.95755079
-2534.40135963 3224.73647811
-4976.14052632 -1405.4899375
-7428.98267566 6694.04335247
3631.09293824 -3235.63475531
9884.23983647 1517.16935613
6784.53115154 7346.43703123
1741.73514375 22.2298723746
3190.60359807 -3170.113246
9672.76188686 -2537.25786631
3847.26343615 -1786.74345482
-9348.82007529 3549.58634207
6341.35185319 -7732.22197522
-4939.39136168 3322.12102089
1603.27976325 9870.63797334
5188.93862903 8548.38674278
4189.13998481 -4023.66719608
2088.17245707 4534.60605897
-353.964129509 -9993.7335063
-3895.48559248 2594.18577241
-7626.69459836 6467.88446893
-6104.25840235 -7920.73414257
3815.31095802 -4743.27969741
303.525333756 6590.75641155
3716.28405729 -1361.47862785
-5160.55260843 3986.91300327
6144.23994884 7889.76016436
4184.87547033 -1690.07041979
7337.31571285 -6794.394611
-5946.8111081 -8039.61675981
927.525740948 -5551.77001279
-5171.47690228 1975.81093275
-9996.64156451 259.147507783
4588.43140147 -8885.17288937
2698.21369229 5767.47286228
8884.5751969 -4589.58860582
8788.67487749 4770.6596921
-9275.66847047 3736.57255062
-7591.28189289 6509.41158806
-6652.38752037 -1189.44245995
5643.08473618 -510.733859496
1154.82679587 2796.52580431
3017.0097554 9534.02601925
237.3055865 9997.18390641
-1901.32387347 3203.68817233
-2381.46933835 -9712.29137694
-2848.20679197 9585.80815947
-183.410705391 -4938.69929019
7416.95055628 6707.37239503
-8534.64704564 5211.50648147
-714.145172418 1071.79747723
-1219.09325968 -9925.41241582
1367.57468886 -6689.25659881
-2953.16150097 3810.25913226
4098.00278096 4078.12515655
9773.72565107 -2115.25102475
6754.19192753 -1011.92656674
8031.68312854 -5957.52181051
-9947.63832596 -1022.00378468
3461.75843453 2798.42386958
5153.93082925 1666.27472706
4378.73482062 8990.36603096
5707.17633894 8211.46383029
5470.60422549 3078.06808982
5242.34987358 -3235.98200699
9966.06649723 823.115163737
-4984.21801424 -8669.3466182
-9042.63920094 -4269.7396035
633.593004678 -1808.60254064
3734.14360753 2043.23989249
-2628.24177174 254.318676578
-231.397525747 -1275.1356289
1731.30198192 -9848.98946326
-2271.48679083 -2219.91071431
-349.612882787 3397.75562709
2792.89898394 -379.305856805
7387.21020755 -6740.11315554
-6865.75292373 7270.5871008
9969.56155296 779.642508951
-4413.87198464 -8973.16745097
2259.80127899 3233.36597195
-5834.04618018 8121.81661745
-8240.07040267 -5665.79559806
3345.54105404 -2229.25674658
-8810.31623026 4730.5737414
1911.22358643 2388.69770338
4926.2678845 -8702.40683547
7396.23668167 6730.20675379
-3097.07912656 2059.54351102
-5518.51722881 -8339.42249771
4103.92490021 -9119.08988954
5514.00776522 2031.33402159
1266.88434865 -2859.18923344
6582.75803825 7527.7683685
-4769.84189931 909.050168114
-2156.90715027 -9764.61732712
1019.2594582 -1325.3741707
-4528.23394273 1255.45038499
4875.52557576 3040.12670417
-9183.74044159 -3957.13425366
-8120.37133041 -5836.05769816
3168.95093148 9484.60594827
4523.43098722 -4760.23323034
270.960977678 1006.5655598
6072.67580748 -278.98897746
-4253.54569227 2173.42342898
4174.92881547 -426.868021822
2300.13798443 2092.28996359
1281.76655816 -1888.21773152
9665.16028634 -2566.06247769
-1871.51076341 -9823.3114306
2888.04099699 2340.46115479
-869.343205111 6108.18799067
-3773.1789757 2380.09476654
4498.27570285 634.852443755
9984.47463619 557.015474973
-8629.96215735 5052.1038353
3820.85853649 4173.70740121
912.532514654 -1469.29097315
6971.77420828 7168.98628739
-2159.75300811 9763.98827037
-2135.24538127 -2681.37419856
2221.00570069 9750.23762159
1429.34908645 -6177.91742046
4862.13767709 2222.02351934
-6783.7572337 -7347.151679
-2866.15860197 -4636.23208977
-4581.29931805 -384.278139538
9482.65695891 -3174.77825992
-1961.88762611 -304.802316103
-382.093046403 4319.44019215
2056.83218325 3931.23655107
-2236.09535236 1884.2505584
1095.33151988 -5835.96600554
-9159.53965203 4012.83358276
827.588664898 9965.69601191
-727.690523364 6718.8663431
267.416965202 9996.42376886
4695.85752984 4800.51078648
9786.33633144 -2056.11799464
-661.448777803 -4071.11282161
1809.15563871 5705.81994083
9466.33889049 3223.10843914
7831.5997195 6218.20278164
-1729.20397628 -9849.35803027
-2298.06952529 -9732.36232664
3532.36561098 -1089.3311491
-827.289881536 -5659.18165262
-6150.81381192 2875.85377672
4494.83597554 1045.24071823
-5730.33900222 8195.31664548
-9950.49039489 -993.851548854
-9983.66442798 -571.353296491
-4242.62368916 -1129.06686476
-2942.2203158 2091.43350083
-7507.97865897 6605.32031445
-2731.07810462 -5667.79204792
4270.13659975 -3315.20444257
3899.78248551 9208.24068787
-3876.97655818 -5755.1604567
3878.9644064 4853.72701627
-7636.3194433 -6456.51805232
9196.74669955 3926.81170217
9463.46433278 -3231.53877002
6019.69474069 -3003.89950878
-1317.31118447 9912.85484829
3815.38006275 4746.5448178
2596.50790293 -2041.05161718
-3237.11121699 3255.80594263
-1549.75728405 2064.702188
3283.58014642 2387.92926927
450.626532982 -9989.84162676
-4287.46644584 -5459.945651
-8958.65509109 4443.25319545
3560.28599501 -4314.06572564
3123.91685694 -9499.53385545
-6088.30417247 -7933.00398988
-3319.1345507 -4986.81911397
-1110.00084992 -9938.20396818
9102.44069358 -4140.72136467
6840.72376262 -7294.14137535
5756.62268025 524.115993432
5024.30867407 2262.56685324
3441.47869151 -4363.84573684
-6016.97446997 7987.24096468
6233.6287896 -7819.3268325
-9445.30629094 3284.23340681
1736.29659605 9848.11018067
8335.0204239 5525.16375623
-857.22740773 9963.19031091
-549.633180978 6625.28328622
-9036.86817433 4281.94040123
-5690.13114844 1000.66483323
-1880.02643051 2612.85779882
-6281.52773469 6.06387482773
-1183.98865046 -4121.05369077
-4030.09228562 1338.86496878
2384.18002896 5691.02176437
4444.3979009 3828.37545017
5225.98809825 1186.51715473
-9918.96480247 1270.48701185
-451.234731428 1958.80828401
-7210.73135941 6928.58955794
1843.63702279 -3051.41243308
-598.623811139 -2780.1991407
6886.56313322 -1050.90518024
9696.18817193 -2446.208277
-1287.7885637 -9916.73336413
-7910.51270853 6117.49856463
2735.13267403 1755.62412638
954.273896058 -3378.73082327
1607.92191552 6811.92844798
6445.75342808 -1267.86694471
1647.57550308 697.271607127
-2553.97938325 -9668.36021826
9014.61097338 -4328.60127509
788.644984115 -5038.86335323
7485.39956928 -6630.89686907
-2816.86004794 -337.960950414
6101.6879835 7922.71441818
7337.10283325 6794.62449399
1908.15675303 -4382.86137152
4583.81945047 -8887.55305163
9305.61999393 -3661.34354146
4675.1974577 -3997.79172018
4696.10106807 8828.73913753
2510.90104716 9679.63717974
-9985.13645089 545.022987617
-6382.64317228 -7698.17290891
-5325.36354414 8464.07130893
5609.50595297 8278.49279541
-9850.44489823 1723.00183024
9413.46347389 -3374.41927238
2075.85301247 -32.4577895297
1713.38028455 -308.066334517
-3539.87360928 -9352.50206257
5026.42766558 -8644.94215844
3298.11863553 5690.3184217
-386.507757143 2422.50282871
9876.92837698 1564.06068807
3670.16237767 -3665.58312748
2236.03769138 9746.80129287
-5123.84319387 -8587.5625718
3930.93631396 2897.29246894
-2441.49114002 5547.59287872
-2105.81469951 4850.82178105
-962.153958739 -3208.22365742
303.712400962 -5498.46927794
-2924.75754111 41.0080541434
-7721.49053145 -6354.41452635
5962.4924963 -2411.46180147
3599.17270593 1184.72948725
-6948.03855539 7191.99278593
5200.75052079 -2852.51654525
-6953.39657754 -7186.81264786
6166.19268643 -7872.6150518
-3410.19396765 -1283.86977907
9059.65822093 4233.50834651
2021.61446149 1253.98613798
-5568.88577061 662.737023529
2799.5791828 21.7394548106
-3070.97194857 2355.46139843
-3626.26471148 582.484684828
-1382.27783273 -6300.27452409
6742.62779484 7384.91505843
-6904.90354093 7233.41600425
9725.90241095 2325.25746804
2001.04541123 9797.74551936
9751.29434156 2216.36158247
-984.609983249 3254.87981648
-5933.89710458 3319.51285149
9056.46283167 -4240.33972444
-9942.60041538 -1069.90512664
-9998.37470021 180.286866523
-9877.95872326 1557.5401958
4794.27214016 -4650.54366378
9657.38749918 2595.16217038
-5103.10609473 396.056564899
-2736.53637409 -4761.12541179
5643.71398596 3728.95404752
3177.45866546 9481.75914213
8588.3602207 5122.50609755
5164.74759389 -8563.02413236
-1591.64764686 6756.87840466
-1901.46179062 -2009.76704382
-4824.893544 8759.01834049
-9589.0500544 2837.27317228
4240.24139944 9056.50886791
4217.60657454 9067.07200712
-705.262004302 9975.09927295
3677.52887643 -1702.61688673
-4141.72663207 1745.02814847
6062.28769461 -7952.90311193
-4088.55616383 -9125.99082266
4369.02117531 1907.95752607
-2618.37119777 -9651.12077796
-9712.24822675 -2381.64530988
-1862.23936797 -4480.28420975
2783.60003403 -3981.38031658
-4920.83442595 -2651.67016372
8060.96189469 5917.84532853
-9774.24945788 2112.82927258
407.418643541 -9991.6970555
-2203.00935223 -9754.31954541
-9687.7378853 2479.46257599
-299.429802431 -5722.6039711
4579.95140896 2890.15173171
-5696.48813338 -8218.88209833
-3076.14186757 -1720.4915367
-9168.37250948 -3992.61136694
-3232.31799472 -2474.2816126
502.339326403 -3003.36452771
938.42985165 -1754.09079069
-1924.79168653 -3560.88766621
-7615.70482522 6480.82093682
-295.7202252 -6299.47112141
4575.0093394 -2290.45274808
-5014.57453263 -1498.95800877
6781.95154634 -7348.81849164
-4338.27849057 -5448.62643573
5881.71192415 -8087.36451765
-235.761042159 -3626.95480461
-5921.94503249 -2670.93874928
7653.64641906 6435.96896295
-9121.61323675 -4098.3133066
5543.19479374 -819.577373295
2363.16566652 1235.23469484
-7687.1720991 -6395.88814151
-2310.83941566 -3275.94780077
2245.81916826 3737.57495595
1797.14022987 9837.18897827
-7880.84192011 6155.67466898
5081.60862668 249.569335816
3112.79339835 1223.87805284
-5007.4318091 -2771.48007962
-1486.10002362 3856.98169076
-2892.35139261 -1361.15689252
3151.57635091 2616.55009519
-6713.26207398 7411.62008781
4121.00821437 -3253.63060636
-4748.33873516 2938.78626434
-1643.4455289 -523.748159161
6143.76751047 2967.65688671
5490.5401189 -2416.19083305
-5148.32828501 -2579.7332236
-3313.39606891 3725.03993424
7607.12662915 -6490.88780122
-4565.91716863 -8896.76347944
-3902.02054466 -9207.29252653
54.7772390668 3008.47396194
-7986.62730174 6017.78899124
1876.35200778 9822.38785342
-5892.72585265 8079.3429204
3171.62083591 4069.27608153
8413.95035823 5404.20571122
697.506279865 -5598.14521859
-4633.76274366 -8861.61626542
-4505.69990392 4392.35890004
1180.82584269 -1625.57661983
3486.53523946 1488.34657587
6736.43046568 -1677.39813879
-442.865064205 -9990.18871368
5686.36029009 2471.54705818
-3101.73296344 9506.80033573
-1652.33068988 -6032.50294095
-6331.53989951 7740.25855517
9972.06655229 -746.91945802
-3876.89137221 -9217.90178338
-8815.57133719 -4720.77345347
-1334.99457409 2720.70583488
-1333.47932169 9910.69285664
5454.11792981 8381.68226597
-1761.11873976 -5155.46421585
4859.18381405 -3987.68047954
2700.43873441 -9628.48018338
2666.52157306 -3407.46894273
-4286.85652075 9034.53713095
4351.71779437 -4804.46536348
-190.658628951 -1308.72808335
-1267.08500943 -3090.60886053
5783.19408992 8158.10432137
-2592.69250065 5025.76492507
6250.87825027 1501.39485334
2332.16641612 6356.39621723
-4243.52718457 9054.96974229
-4412.00881572 8974.08369752
3083.24926231 -4442.83152711
-456.672722541 -658.276209016
1069.61374866 9942.63176572
8271.65105029 5619.58974501
-9974.24350294 717.263231992
2886.54509695 -9574.33326155
-2301.15695218 -5573.91871528
4557.30574 -1856.22313313
-5400.36044252 3987.35103084
4548.99494936 -231.061173027
-1042.6465136 1738.68859388
-363.568493449 4181.77314713
-1294.89036121 -3011.70119636
6767.39763304 564.238233279
-9968.03637049 -798.90607494
5001.51384476 -4418.49255815
-2561.35732766 -9666.40825954
-9280.61425881 -3724.27160384
-2292.54849415 3271.88061228
-4921.68793643 -4109.34295235
-9999.78154661 66.0985629921
6079.27851301 3063.07741354
-6523.62423765 1953.0770795
5264.04642633 2325.6369965
2809.34129584 5180.25773131
-1335.5112393 -3741.6121865
4810.45987872 -4177.70334528
522.720756143 -9986.32880548
-3274.04977991 2820.93640647
7339.34224213 6792.20549254
-8300.74476681 5576.52546989
293.114391884 -3228.04948592
5974.65762095 8018.94421432
526.066252287 9986.15312812
1394.52461147 2778.44867334
8969.07695687 -4422.17803144
3903.99859196 31.7549891435
9999.83408119 -57.605109972
895.54942906 2130.86772938
6355.4194709 1021.52004432
2608.67962966 9653.74489977
-9187.58675261 -3948.19574784
-147.446082492 -9998.91292355
3688.61548075 2491.57586952
-9886.64819164 1501.39519607
5598.64527804 -3699.35195483
-2951.69715305 -1317.00956437
2682.87825722 -5285.52749977
-7706.92854494 6372.06814175
-1251.99776802 -4017.35470441
9654.79649622 2604.78494631
6210.10167315 161.348461525
-5416.4356871 -252.154417704
-617.330519269 5745.42387606
8867.02236805 4623.40938319
-1778.38774711 -3261.70187251
-4389.76373419 -3039.12946448
-1460.72832644 -188.255894639
-181.860335301 -6726.0715531
3921.47720716 9199.0225847
4346.95470381 -2219.66942371
-5058.22640523 -4002.03900294
-562.179830977 3353.72515892
9750.95822371 2217.83987687
1304.74238595 -1297.22830396
3100.33113812 -9507.25758744
309.497543559 -9995.20941604
2625.31786975 -9649.23344535
4069.38612355 -323.830497168
-736.910711009 3924.99030306
-9815.14458317 1913.88004105
2333.80355833 -9723.85525145
9994.25723233 -338.854502668
-9943.32213522 1063.17680333
-4895.87937848 241.207012932
464.992081857 9989.18326811
2057.1970013 -419.316202183
-5879.81809631 -8088.74150621
4804.13378868 1868.56411191
1640.74657563 9864.47923991
9491.57987971 -3148.00117331
2558.1404054 -1415.84503831
-967.365100584 -5110.83476059
-5939.67232122 3375.61551335
-4491.61608171 2692.94869881
3610.25578816 -820.389377958
-1967.92948441 5256.57828437
9954.10954072 -956.923848284
-1493.04740171 -9887.91229008
-9221.92850195 3867.30328586
9757.86282161 2187.2615652
5322.38079461 2870.32826156
9972.77207987 -737.439518204
-101.847255417 -9999.48134338
5810.21011675 464.12645124
1016.72666229 9948.17907429
-6021.92325669 -7983.51052424
-7938.21057245 6081.51403085
3730.32143857 479.476310789
-2159.14349609 -6143.49649977
4479.97436923 1316.47065299
-5883.18245759 -8086.29483576
6406.51020286 -891.086448526
-9019.23374116 4318.96083825
8353.32985877 -5497.44306661
-2550.62801768 -9669.24488859
1220.46060347 -4609.64122283
-1141.17329479 4247.69410315
2277.13633581 9737.28145368
4980.4109374 2909.03740272
-9888.52564185 -1488.97972805
7855.75517406 6187.65792892
2716.39243906 -2944.02310997
6845.81635508 1185.69590604
6704.0564994 7419.947874
-3565.08148512 -3182.62612003
-9583.28588539 2856.6819282
-4893.59564719 -2407.94675587
-1086.33539858 6306.32078705
-974.813313668 -2524.60284304
-9051.37336068 4251.19280738
193.154915456 9998.13438491
1478.88335462 3623.25611582
-150.276847161 -2911.82016702
8332.95704428 -5528.27521911
-2541.1247108 -6431.09517481
8488.68801342 -5286.03592599
1963.10111607 9805.41860443
-9523.98942188 -3048.54481546
5200.02823043 3800.54467907
1628.39798283 6252.14339281
1748.82408062 4534.80276411
4218.30493506 -5024.86216889
6642.82725175 -7474.81411832
-5919.39022096 1997.32645876
2732.70911617 -4585.08225387
-9957.94282065 916.173990336
3871.40766215 -1670.96425719
780.281524072 9969.51155991
-4030.74244414 381.216361614
5712.31637008 1853.2101093
1152.23588037 -5218.82961287
-4668.51361332 -8843.35799582
6297.75899691 2258.62649934
1199.24319595 -4496.00729422
-8456.85084429 -5336.82244387
-5113.93546036 -8593.46636156
-16.0642057632 9999.98709706
9991.62757468 -409.119064554
-9802.57957236 1977.2288
-3475.05001475 -9376.78129184
-1347.9832037 -5876.53636908
3667.77274048 -5596.73574937
-9324.36803151 -3613.33098581
-4198.97627742 -649.123567022
-1303.41839797 -9914.69114395
9030.06533452 4296.26815437
-6882.81832757 7254.4339455
-5857.74691968 8104.73941746
9463.29659096 -3232.02995524
832.485769046 1887.83944896
-2519.07650421 2931.32734938
-4711.4631679 -3578.83854743
-8824.47646765 4704.10619266
-9598.18326881 2806.22129176
7586.27265711 6515.24881888
2520.17037629 -4532.94016564
-9986.39470389 -521.46027464
-587.811004404 -9982.70896216
-3017.17802857 3435.51149003
7787.52934628 -6273.3074754
7590.2840096 -6510.57514
1935.5492871 6363.40681813
-6915.21161102 7223.56202817
-7712.40083405 -6365.44369034
4037.56809677 -3390.45892427
1778.75600265 -9840.52981719
1014.33604911 -9948.4231102
-7932.39376961 -6089.09920135
-1044.9915763 -5479.63813124
-8348.94213412 5504.10439954
1147.22063046 2680.62095316
8315.28524908 5554.82053953
-4898.92846801 8717.82655628
3212.83257427 -276.215280323
463.361125657 4507.22772818
-2080.03189284 -4505.46421078
-3499.75473826 -9367.58863166
9865.2010079 -1636.40125694
5882.07482904 -1226.66300383
9918.08273711 1277.35461788
-97.3027972989 -4968.56042109
-8237.98665565 -5668.8249101
-9664.74613002 -2567.62190407
5623.70983401 3752.48318958
2683.40045423 2813.40805213
5985.12720632 8011.13302375
-1606.84749963 -3968.97411373
9979.26421116 -643.650373912
-4431.21100922 304.846069899
-4728.31494324 8811.52868676
-4112.5240445 2172.45499142
8383.55653574 5451.23653973
-8483.81029389 5293.86086871
9204.3241334 3909.01742735
-2898.14805683 -9570.82743762
-9566.79813056 -2911.42122153
959.397639204 -9953.87141618
-1659.32747551 4143.23573379
2360.73997833 -5896.61724529
-780.124341753 1385.83863455
8989.82185682 4379.85193615
3438.71344239 -9390.16772274
3276.14831435 3490.8208705
3558.67374631 1153.62463015
-9244.4186088 -3813.23020354
-520.500731928 798.556882841
554.387560491 -9984.6208958
9841.33945818 1774.27102463
