4848.5314996 8745.95576809
722.826011798 -9973.84191556
5849.70580367 -8110.54511179
-7567.2632653 -6537.3180031
4240.8906448 -9056.204864
3250.86296078 -9456.84355428
2420.21518784 9702.70881994
9349.08449702 3548.88983593
-9557.16752542 2942.88105283
-1758.88256908 9844.10138652
94.3163811991 -9999.55521112
-4686.40109208 8833.89182661
-6821.06468951 7312.52873509
9976.89665819 -679.362253743
2863.94501674 -9581.11783359
-4319.22508361 9019.10719956
9110.61173973 -4122.7119385
5680.7123488 8229.7938741
7485.17293701 6631.15269791
9737.26593437 -2277.20269702
-679.838707478 9976.86420334
8959.23014356 4442.09356439
2995.41377421 -9540.83310415
-4044.4154983 9145.63848384
6018.41579268 -7986.15497887
9990.99739593 -424.229931254
-8797.2121649 -4754.89832969
7324.40378928 -6808.3117681
6029.19391331 7978.02110524
8324.62298916 5540.81691525
-3253.18233233 -9456.04593435
-421.856672615 -9991.09788501
5203.29922058 -8539.65322605
-8380.16842873 5456.44363171
5176.11946667 8556.15493471
3279.53765013 -9446.9377473
9636.15880196 2672.909191
6948.05094244 -7191.98081902
-9858.68606521 1675.20418687
-1678.10775127 -9858.19224681
2324.01052716 9726.20044363
-9985.94561812 -529.990671649
-9116.57712129 4109.50381331
-4095.71844717 -9122.77865573
-4135.29622417 9104.90665182
-2347.75826299 -9720.49541631
-5803.81991551 8143.44364433
4760.56917819 8794.14470541
6304.8928538 -7761.97952214
8636.95667134 -5040.13684907
9731.25340066 2302.76078916
-8635.48790719 -5042.6529332
-9864.49169552 1640.67168838
3363.38863651 -9417.41030644
-3076.10554262 -9515.12347217
8454.0259958 5341.29614067
9974.9707612 707.077303617
-7180.69236054 6959.71674878
-4872.00725539 -8732.90016566
5502.01823559 8350.31707992
-1452.67309125 -9893.92444331
7622.97225164 6472.27116634
-9603.80593434 -2786.91793483
8284.86848981 5600.08518744
-9848.11678687 -1736.25912589
8995.42304483 -4368.33655349
5374.34186064 -8433.05695255
-3724.99630278 -9280.32340731
1909.78227714 9815.94272874
-7065.37974008 -7076.75131175
-9892.19328 -1464.41527957
4737.33623387 -8806.68186136
9926.54327344 1209.85066868
8486.61584195 5289.36211194
-9996.06604088 280.47050882
9304.95610596 -3663.03042113
7085.34693278 -7056.75979768
1834.22111618 -9830.34246082
5270.93868538 -8498.07068545
1564.0940171 -9876.92309911
9917.00746208 -1285.67608555
1045.19800053 -9945.22805871
9034.35793951 4287.23414579
7552.65342346 6554.19150354
-8804.41046751 4741.55631829
-9724.68481317 -2330.34445619
416.400366198 9991.32677551
-9751.39369439 -2215.92441592
9975.65086678 -697.416506976
-1194.85898007 -9928.35897909
-9963.51831361 -853.406593836
9957.39976648 -922.05742251
3052.74894103 9522.64269534
-679.725913167 9976.87188867
-9543.10981924 -2988.15243553
2955.98907713 9553.12140485
3424.8775347 9395.22292829
-2421.84174053 9702.30295259
1098.71187847 9939.45834581
-9630.09170298 -2694.68621404
