8237.85669615 5669.01376376
3580.35726651 9337.07887105
-8614.04407508 5079.19724687
-6297.35822584 7768.09367705
1993.14790098 9799.35515454
8837.33883366 -4679.89768469
-3350.88508743 -9421.86654177
8477.5427413 -5303.89187951
-6552.62949363 7554.00865231
7939.85384475 6079.36846425
9864.8878296 -1638.28816433
-5467.37170601 8373.04285361
5264.11326473 -8502.30036732
5992.92490514 8005.30143601
8355.70216489 -5493.83666773
-5186.08722909 8550.11691454
-7467.51108807 -6651.03587042
9906.09204358 1367.23824701
-9676.33085933 -2523.61270816
-4475.64274698 -8942.51765452
6653.97471924 7464.89252674
-8376.05690915 5462.75302889
9633.50874051 2682.44465862
4376.37471518 8991.51513107
3485.94600455 9372.73601748
1459.61007286 9892.90343808
-9998.37504028 180.268006023
8247.13361317 -5655.50945243
4854.1036968 8742.86436477
8523.83763787 -5229.16742162
-699.500917142 -9975.50492291
6169.12162287 -7870.32009529
8800.27778373 4749.22213939
-1060.15138821 -9943.64515829
-1230.87333317 -9923.95842583
98.9937865121 -9999.50999951
1948.52617104 9808.32532907
8796.64856439 -4755.94092001
4739.82954401 -8805.34019182
-9990.76853837 429.585861771
7372.43584604 -6756.27039838
9564.44843672 -2919.13105243
-8982.39852139 4395.05594992
4491.62180822 -8934.50242218
-9921.91135325 1247.26705168
-9623.89768593 2716.72474328
-9286.58819193 -3709.3503142
-8495.92164362 5274.40190216
9985.56713978 -537.074386712
-6490.15644645 -7607.75060715
-9326.53673151 3607.72956245
-2172.63504742 -9761.12990134
7249.49483699 -6888.02036934
7675.04193815 6410.43923984
9456.60953126 3251.54366007
-6496.09049969 7602.68427727
-4861.70251534 -8738.64112161
7466.81218861 -6651.82048315
-3855.90986436 9226.69816987
-1870.24218887 9823.55303111
-2921.60316967 -9563.6935814
9977.77971824 666.267134255
3002.57710204 9538.58117051
-6294.95931836 7770.03778499
-6746.91307072 -7381.00020432
1522.64554618 -9883.39772248
-9431.89969549 -3322.53941047
-2176.19518139 -9760.33680425
-6508.60282731 -7591.97531847
9133.70997149 4071.28261812
9713.7093255 2375.67909023
6209.60115742 -7838.42161827
4328.4561955 -9014.6806357
1819.10736808 9833.15048107
8142.95449329 5804.5061909
9347.9481642 3551.88191237
9750.73149126 -2218.83649358
9980.30374059 627.325470282
-1653.0946586 9862.41745465
-3954.1591456 -9185.02179917
-6300.77791151 -7765.32019364
9865.56853195 -1634.18405981
-9997.97224563 -201.372728221
7969.78599821 6040.07542525
-7322.46723971 -6810.39452039
-6907.29545958 7231.13196077
5574.88694023 -8301.84531316
-830.803495012 9965.42851827
-8803.52251512 4743.20475268
-4209.21214679 -9070.97200433
9494.7761638 -3138.34759058
-9844.62536069 1755.9474672
-8437.10406682 5367.98611824
9792.55821103 2026.27828385
-9999.99983953 -1.79146491932
9481.98774322 -3176.77642234
3858.79767393 -9225.49080058
8632.86697728 5047.13857077
1657.85745711 9861.61795305
9990.86753775 427.277243968
-3978.02563303 -9174.71046208
-9888.76600386 -1487.38257385
-5836.69005041 8119.91682565
-9637.02734004 2669.77602942
-9317.72944883 -3630.41566744
-9976.65733277 -682.867823541
5647.28407197 -8252.76817865
-266.547572825 9996.44698838
-2504.80052606 9681.21760548
-129.877088209 -9999.15656153
-6548.46172945 7557.62191288
7595.64379116 6504.32128648
-9958.16459851 -913.760268904
3133.21245208 9496.47196227
-6227.66915007 -7824.07419171
-8770.08620051 -4804.746407
-7010.27517798 -7131.34222493
7107.6391789 -7034.30631282
-3566.05414401 -9342.55092799
-7530.44722922 6579.69334604
-7658.38080094 -6430.3346342
-3181.49029604 9480.40713768
4647.30515619 -8854.52171409
1566.15913211 -9876.59584943
-2199.77686389 9755.04903878
-3388.88819115 9408.26428349
-5664.31885853 -8241.08560014
-3543.65159463 -9351.07124216
-6736.28333213 -7390.70273176
9359.35686015 -3521.70969338
-199.72639354 9998.00526944
8735.65628727 -4867.06371755
-234.624846544 -9997.24718017
-9825.19382419 -1861.60315778
9044.44848015 4265.90572914
9694.07856009 -2454.55512687
5370.79904433 -8435.31372418
1865.20433891 -9824.51081602
-9742.74297685 2253.65465122
1198.4223607 9927.92948431
9532.60902656 -3021.48393123
5206.36654084 8537.78352047
9856.94974985 -1685.39064579
-7863.27553836 6178.09823553
-9699.42233139 -2433.35292082
3380.35392927 -9411.33398158
-3181.70368109 9480.33552601
-2980.70774964 9545.43772235
6973.91890666 -7166.89996326
-7164.43225549 -6976.45400304
8061.34723238 5917.32040699
-7834.74284938 -6214.24206835
8984.90315818 -4389.93339792
8371.00116961 5470.49718201
-1033.52802649 -9946.44759793
9820.60923535 -1885.63894914
8605.67804099 5093.35895601
1046.84225565 -9945.05511758
3731.60873062 -9277.66653214
9189.96498454 -3942.65691925
9909.59280765 1341.6297502
-5255.15335001 -8507.8412813
-5527.9012658 -8333.20512141
4418.51953959 -8970.87983858
968.351388875 -9953.00434983
-6473.53216503 -7621.90142342
-9871.55021254 1597.6534046
-1745.64919233 -9846.45666711
2238.25248173 -9746.29292747
9979.85527628 -634.41994332
6674.77535211 -7446.29934927
-8563.85789395 5163.36498538
-7028.62848822 -7113.25393716
-1770.68949665 -9841.98449026
-9193.61990318 3934.12672341
6339.56529289 7733.68682435
-3798.26553526 9250.5772211
-7246.75103449 -6890.90701172
-1167.67326194 -9931.59298166
-8668.48199597 -4985.72160129
9650.01797886 2622.43265074
3841.11880853 -9232.86555186
9193.37864584 -3934.69046741
-5068.85332983 -8620.13491314
-5981.06610466 -8014.16547444
7440.5331134 -6681.20251066
-8314.65802708 5555.75934439
-8029.80303512 5960.05563876
-5502.04216729 -8350.30131129
-9174.58142401 -3978.32322647
-8131.16663691 5821.00756938
-7427.50369485 6695.68434613
7480.97160708 6635.89208879
9620.04063631 2730.35128797
6298.96740611 7766.7888871
-9942.5012154 1070.82658806
-7775.44723915 6288.2764118
-9883.3078235 -1523.22896046
-2926.25598986 9562.2709584
9939.61284231 -1097.3133304
1648.54684688 -9863.17866074
-5914.12652568 -8063.69068344
7610.56024437 6486.86154985
7154.04920997 -6987.10096545
3112.27162922 9503.35547614
-5615.82779808 8274.2055898
-8924.80478829 4510.86017195
-7006.30763212 -7135.24024572
-2563.3894137 9665.86957877
3185.34078652 -9479.11409752
-6521.09113896 -7581.25123956
-4802.6242831 -8771.24848555
-7834.13655999 6215.00638451
-2260.55590117 -9741.14403023
3854.93876157 -9227.10394135
5150.82056485 8571.4087237
568.573713868 9983.82311201
-9675.53932888 2526.64573996
-9537.82827236 -3004.96786121
3810.72990854 9245.44955987
1902.43475453 9817.3694035
-9880.54369207 -1541.05689351
6668.11164957 7452.26724084
9388.89323837 -3442.19170855
-8745.68354181 -4849.02251867
2305.4257657 9730.62238702
910.352133316 9958.47674061
-9998.70166323 -161.136742452
-4847.50530837 8746.52458325
9459.24192656 3243.87764487
-9151.51890554 4031.0918771
-9953.46143672 -963.641752781
7342.70593908 -6788.56903126
-4848.23598019 -8746.11958988
-9480.17470244 3182.18283749
-5004.41548375 -8657.70325583
-6874.42974407 -7262.38360966
-6446.10945945 7645.10777143
-6241.92445212 7812.70626186
-7161.33381027 -6979.6345218
51.4327628815 -9999.86773267
-3679.83717188 9298.32234268
4828.7328478 8756.90236811
-5377.52916243 8431.02485509
-8906.64231357 -4546.61662097
-8054.036751 5927.2668249
-4428.69053596 8965.86304472
8844.81636009 -4665.75005291
9963.8385816 -849.659178681
-7897.73257664 6133.98892629
-8332.73454592 -5528.61058379
9331.46614564 -3594.96030198
4211.92733501 -9069.71157891
8385.39396719 -5448.4096776
3431.42713021 -9392.83279155
-4832.58965225 -8754.77454039
-4383.6329383 8987.97876401
-8478.15402517 5302.91470095
3401.20317075 9403.81927683
-8027.81985978 -5962.7265826
8931.50972715 4497.56978755
6591.01168007 7520.54286825
-6708.18760385 7416.21325688
2695.66024072 9629.81909833
6241.28984317 7813.21323743
9547.68142675 -2973.51296839
-3160.57525983 -9487.40027758
-3618.14669353 9322.5004427
-9988.68879629 -475.495668509
9915.06370797 -1300.58128041
-3531.36658134 9355.71750686
9970.04651122 -773.416164889
-7708.96783516 6369.60084436
-7265.69573729 -6870.92900946
5432.15792563 -8395.93117355
481.771730837 -9988.38805811
3970.41669637 9178.00584317
4161.53284518 -9092.94475836
9226.16629139 -3857.18233475
-2593.00936514 9657.96575021
9977.80803397 -665.842952316
-2635.37704958 -9646.4909582
-3552.48546653 9347.71881317
9925.30365576 -1219.97841825
9839.83143069 -1782.61533024
-7740.85777276 -6330.80728991
-8183.78191582 -5746.80028836
4763.02717581 8792.81366358
-9777.00352178 2100.04812684
-8101.95328321 5861.59986665
1059.80312869 -9943.68228215
-4513.12443015 8923.66000462
8911.33605993 4537.41001311
-9666.32636066 -2561.66638913
-7828.21315968 6222.46564688
8508.49765273 5254.09056768
-6966.75711953 7173.8619472
5568.59519698 -8306.06691113
-9325.55353743 3610.27024203
9993.12887384 -370.64175546
2166.93251788 9762.39742394
4724.34855808 8813.65592145
-7234.17036634 6904.11320235
-281.00107776 9996.05114004
2097.77165091 -9777.49221941
2292.94124832 9733.57182291
-6355.61397756 -7720.50328465
9999.72105336 74.6917324194
9088.8621076 -4170.44189373
9521.86096454 -3055.18637272
-8336.58392824 -5522.80439699
-7190.91802203 6949.15088342
-9570.246712 2900.0651495
-5507.71472574 8346.56087858
-822.92362379 -9966.082315
-9303.68899201 3666.24755574
-4684.92361397 8834.67547402
9908.07226861 1352.81333523
8778.22369681 4789.86312214
9958.17578391 -913.638362108
246.694840016 9996.95661969
7832.26845041 -6217.36044642
9825.22417216 1861.44297971
-2061.76672292 9785.14782618
9982.43447098 592.454245081
2605.99411099 9654.47019227
4037.21684823 -9148.81850953
9948.7582334 1011.04382368
-9408.86528573 -3387.21921862
-6342.49406271 7731.28508494
-9774.71505019 -2110.67422585
9730.70414546 2305.08065663
6553.68449882 7553.09337225
-389.291910197 -9992.4197174
-6564.63917556 7543.57425195
-1056.93770694 -9943.98726285
-7799.12097864 -6258.89063337
-6811.15055413 -7321.76400391
-7927.80565365 6095.07157612
4310.52437068 9023.26878962
-1712.38929994 9852.29531051
9744.29767095 2246.92298487
-8820.06000382 -4712.38172574
6388.90916196 7692.97339916
-9039.07140095 -4277.28748256
5240.29195411 8517.00300785
9560.53834643 -2931.91175285
6153.31862686 7882.68164246
-4223.6705521 -9064.24884187
-5781.9443605 8158.99009756
4857.74087158 -8740.84398812
4818.13553977 -8762.7375814
-9307.74793795 -3655.93056876
-6289.27558354 -7774.63906778
-9783.6390765 2068.91430969
9646.23126083 2636.32745738
-9655.29187465 2602.94810078
413.031571089 9991.46660512
-281.147300556 -9996.04702847
-2810.61396355 -9596.89789192
9247.53394455 -3805.66892207
7924.71498623 6099.08947196
-223.504280289 9997.50197983
7066.6232414 -7075.50959042
-8888.2832333 4582.40342666
3866.99248889 9222.05883146
-7349.87047822 -6780.81145242
8804.50044315 -4741.38924226
-2324.10829834 -9726.17708134
-7959.28005582 -6053.91286633
-1673.51290557 9858.97330126
-9832.70676962 -1821.50420882
9914.38443333 -1305.74932819
-9627.61259905 -2703.53021854
-2965.08246194 -9550.30292681
-9950.60060902 992.747460188
-9911.07689509 -1330.62195221
1994.64736951 9799.05004943
-2246.12832816 9744.48087552
1946.05239091 9808.81644705
234.236246098 -9997.25629265
-5947.27162403 8039.27610112
9981.9368852 600.779510139
3971.96216786 -9177.3371158
-5214.58129621 -8532.76871274
-9999.95152805 -31.1357779642
-8201.21731226 5721.89082359
-9945.92010978 1038.59191693
-6782.73561973 -7348.09482199
-9998.91159118 -147.536408092
-4215.27939762 -9068.15414514
-8060.92694673 -5917.89293241
3868.86184501 -9221.2747505
5711.11047274 -8208.72810904
-5331.59656306 8460.14645788
9093.41709662 4160.50063177
8833.67160949 4686.81617899
-6320.28097038 7749.45471988
84.9593281163 9999.63908912
-5160.4340456 8565.62434741
