-6980.15138046 -7160.83002911
9977.90911714 664.32646348
-9294.36085714 3689.83146734
-8971.15638227 -4417.95803114
7388.19216619 -6739.03676466
-9986.71747336 -515.241795017
6021.29466047 -7983.98463249
2865.36691942 -9580.69268984
-759.577802322 -9971.11034751
8494.27032455 5277.06089158
-4178.94890115 9084.95382936
-3344.2302755 9424.23067759
-7088.00210619 7054.09286462
9999.96651118 25.8800154298
-2058.29227982 -9785.87925998
1499.45300937 -9886.94293868
-7007.6216774 7133.94970731
-8059.15122521 -5920.3109318
-9490.75849632 -3150.47665673
-9614.92834373 2748.30000999
-9203.72208639 3910.43472729
9725.46551861 2327.08410813
-5185.87545551 -8550.24536256
3140.88751945 9493.93625374
4587.86339187 -8885.46619472
-7666.16516131 6421.05222837
-502.961237865 9987.3434903
9959.2194317 902.19083966
9968.18292739 -797.075357901
2152.92923648 -9765.49515911
6856.75532132 -7279.07318713
-4441.67541394 8959.4374554
9974.65747252 711.483173355
2923.35160996 9563.15927738
9565.52964066 2915.58616638
8504.61250303 -5260.37699917
-7126.06111226 -7015.64345048
4774.64656597 8786.50955557
-9915.65016996 -1296.10250638
5425.61635744 -8400.1599474
-8412.04485789 5407.17128532
8313.28674563 5557.81103357
-9849.15067414 -1730.38463877
9335.4671692 -3584.55753653
-8915.34594694 -4529.52609511
-5730.42516852 -8195.2563955
3621.14443921 9321.33643585
943.610217755 9955.3804426
2490.17990082 -9684.98859377
3138.64263627 9494.67863605
-9871.50630591 1597.92467044
-7813.50364779 6240.92627307
-181.053911677 -9998.36083971
-9562.19894207 -2926.49131082
-3239.57688381 -9460.71570305
-7255.84605696 -6881.32966785
4824.16789266 -8759.41802538
-8168.20272508 5768.92227734
7435.0818847 -6687.26830386
4343.97475917 -9007.21284814
-3827.56863087 9238.49113092
-1207.14591588 9926.87255573
-9053.0670502 4247.58484137
-9808.21150937 1949.0990194
-9970.40920782 -768.726367785
-1431.28665583 9897.04089659
3239.69323505 -9460.67586078
1477.36561595 9890.26748055
8991.17847541 4377.06632613
-9170.09720043 3988.64855993
9694.69094016 -2452.13530923
-8564.93820947 -5161.57277077
-8152.09495237 -5791.66192793
8122.87026545 5832.57907367
-1569.24799553 9876.10554462
487.523830277 9988.1089559
-9995.67974713 -293.915622069
-8066.69203438 5910.03211688
6354.95396196 -7721.04657034
-8358.91144941 5488.95248485
6285.45251218 7777.7301777
-9850.63114082 -1721.93673736
4225.65401742 9063.32434182
9093.7444365 -4159.78510547
-2698.68306419 9628.97241242
-4882.30350878 -8727.14801342
-2437.40119299 -9698.40581871
-9800.22856837 1988.84891523
-9663.25334857 2573.23429198
9554.88830793 2950.27277094
-4603.5030711 -8877.37345583
-7716.05112857 6361.01839184
-9516.12588257 3073.00312188
9565.6700192 -2915.12556914
7955.44893036 -6058.94646918
-1291.94738357 -9916.19241232
-5106.71128023 8597.76133074
-7666.3150853 6420.87322822
-5877.39756311 8090.50047186
-6463.78353035 -7630.17054022
-6185.78816416 -7857.227551
-9989.55448761 -456.947632765
-9820.8778262 -1884.23956088
-8238.71462706 5667.7668701
-9958.35094892 -911.727140226
7470.36331246 -6647.83212633
-3422.95298311 -9395.92426935
-8579.86292005 5136.725832
-6701.25105935 -7422.48167661
-6899.22869449 7238.82887083
9262.9389362 -3768.01834711
-8668.97689034 4984.86104869
-9695.53642085 -2448.79021397
-9341.87058171 3567.83604369
6497.46642518 7601.50840647
6943.1697443 7196.69326162
-5826.03681561 8127.56390459
-9385.84941449 3450.48268631
5256.56455033 -8506.96944441
-6970.72734882 7170.00420003
-7963.49814179 6048.36319558
-7514.00657946 -6598.46233025
-7161.91728719 6979.03580529
5771.06275912 -8166.69055556
-141.20587439 -9999.00299535
-7482.20864885 6634.4972481
-134.031114994 9999.10174267
9418.95483199 -3359.06086174
8690.75712507 -4946.79093889
-1576.19263345 -9874.99958391
9980.67750106 -621.3506416
9136.41977154 -4065.19787443
3868.46362374 9221.44181741
6284.63546184 -7778.39039338
1937.04380606 9810.59943599
-8471.00503999 5314.32720224
5400.532329 -8416.30860672
7110.91306311 -7030.99675785
7561.65769105 -6543.80110971
-9998.29260961 -184.783366645
-9861.67732655 1657.50424042
-9953.39690868 964.308030818
9998.91933935 -147.010357313
-7986.59183815 -6017.83605715
795.436159595 9968.31386524
3202.18774872 9473.43620984
-9590.95806085 -2830.8167505
9570.30917699 2899.85900636
7808.9122986 -6246.67021002
9990.76193224 429.739471462
468.319972429 -9989.02780071
8043.298848 -5941.82999098
6481.14470277 -7615.42929464
8118.64767972 -5838.45526253
9969.07575193 785.829913012
-4341.73413635 -9008.29310631
-1551.09536821 9878.97277852
2433.58579525 9699.3639058
1022.11825701 -9947.6265646
-3944.59859045 9189.13173049
5162.8881188 -8564.14539068
9959.60610753 897.912124225
8532.53294873 -5214.96706403
-8681.34692302 -4963.28677412
-3404.89881888 -9402.4818018
-9642.38423564 -2650.36341891
3832.42058325 9236.47944149
-6616.7854109 -7497.8764211
7415.61425045 -6708.84977388
-8701.21635942 -4928.37030535
7310.75593176 6822.96472996
-2473.40145834 -9689.28713714
-5364.38761679 8439.39248387
5544.88779939 -8321.91199738
-1631.2064278 9866.06130074
6098.36010286 -7925.27627631
-5834.1466033 8121.74448079
9832.82934888 -1820.84238633
-9344.88670203 -3559.92872489
8881.76680752 -4595.02104204
-5540.72192776 8324.68621146
-4453.85567543 8953.38872285
-1181.58988232 9929.94689563
-6144.74128927 -7889.36971424
7869.82291582 6169.75585203
4381.83303917 8988.85639093
-1566.96229026 -9876.46845694
8000.63393537 -5999.1546598
9881.60132298 1534.26050383
-6529.24169644 7574.23282382
7201.91208372 -6937.75628992
8934.85941023 -4490.91163567
8304.64849131 -5570.71031699
2127.88334522 9770.98318846
-9829.43724646 -1839.06590907
3790.52058109 -9253.75349382
-6262.82213712 -7795.96426869
-6533.32707048 7570.70917353
775.870295237 -9969.8558307
-9961.5107893 -876.528832788
