-9548.08178377 2972.22715324
8918.43956012 4523.43186226
-8278.92423037 5608.86918976
-5759.48284276 -8174.86130671
-9873.22306299 1587.28269329
2807.78801315 -9597.7250676
9422.38810567 -3349.41821607
-5076.35078718 -8615.72183195
-5265.07953398 8501.70203553
-103.235673158 -9999.46710559
5431.41770765 8396.41004746
9398.04835839 -3417.1167749
6080.45671133 -7939.02047999
5781.41185707 -8159.36743498
-4622.08381376 -8867.71341545
-5327.35108958 8462.8204736
9107.4575666 4129.67512918
-3378.95281997 9411.83711293
9263.4965896 -3766.64717414
-1719.48676741 -9851.05909315
9294.03683773 3690.64753924
574.025650153 -9983.51113351
8624.89489888 5060.74974517
1359.9000815 9907.10208731
3598.11085061 -9330.25178153
