-3357.6531902 9419.4567282
-7248.99363257 6888.54783789
-283.273953719 9995.98698814
-7444.69911629 6676.56012239
-4808.76917807 8767.88110047
3997.93993459 9166.05020057
9994.30191965 337.533907825
-3394.53564502 -9406.22813644
-4347.56915007 -9005.47847065
-1338.57703327 9910.00562694
-9683.7217516 -2495.10180906
9996.43217315 -267.102616278
582.008921307 9983.04891381
8964.72711033 4430.98948739
9615.10457069 -2747.68340511
8294.38966629 -5585.97351083
8633.23864098 5046.50280569
-5327.57943398 8462.67672635
-7918.54280777 6107.1007689
4507.58914899 -8926.45730757
-9949.56493487 1003.07407846
-1749.11118038 9845.8422737
5246.51541441 -8513.17073753
-9976.83871678 -680.212628084
251.481410766 9996.83735489
-251.308500178 9996.84170314
3424.82817973 -9395.24091971
-6695.2946153 7427.85500763
8598.01525969 5106.28373616
-7270.13132732 6866.23553947
2565.82910011 -9665.22224416
2393.08065166 -9709.4369041
-7969.1905844 -6040.86098412
-9772.07022613 2122.88565296
-8769.47489585 4805.86205078
-9836.66877127 -1799.98541227
7685.31322653 -6398.12164702
7493.70380415 6621.51065058
85.0550591989 9999.6382753
4949.72731812 -8689.08507705
-7685.95299857 -6397.35308575
4089.46890955 -9125.58184653
9950.99788277 -988.757370148
9844.53762494 -1756.43928195
-5717.07857248 -8204.57266383
6681.17840391 -7440.55475991
-1606.21905227 -9870.1600978
-4148.62198836 -9098.84254165
-86.2990455986 -9999.6276168
6348.14480287 7726.64594515
4311.69939116 -9022.70737419
13.9329111033 9999.99029369
-1481.202956 -9889.69351411
9587.19149218 2843.54695624
7661.25258876 -6426.9128492
4683.40380288 -8835.48124434
5410.92822759 -8409.62875018
9564.52024479 2918.895765
-2538.78062665 9672.36232416
-9391.61207583 -3434.76674858
-438.498263271 -9990.38133772
2981.31908841 9545.24680106
19.4570375068 9999.98107117
6498.47403634 7600.64702503
-8179.05810502 5753.52140126
-5793.62408203 -8150.70058315
-8620.16192155 -5068.80739881
-9153.21748283 4027.23350602
-8029.63394987 5960.28343547
-9995.00151906 316.140212403
-9420.1434501 3355.72605847
-8087.71601333 5881.22858659
8189.86027093 -5738.13460479
-9947.24791648 1025.7967089
-9609.90238039 -2765.82288647
1482.44155923 -9889.50792626
-7643.32366717 -6448.2248192
652.493691708 9978.68989308
2009.66008471 9795.9821531
8903.75295616 4552.27232221
9722.21848949 -2340.61266395
-3733.51564486 -9276.89931656
7224.48444592 -6914.24793384
-9859.96438524 1667.66373164
-6216.4075354 -7833.02478956
-4507.8154964 -8926.34300542
-7383.96923722 6743.66356692
3950.93937119 9186.40724577
-7177.25449377 6963.26201803
-1377.34314026 9904.69211404
9823.4006433 1871.04243703
-6602.19358284 -7510.72831986
9347.69661837 3552.54386756
-7936.19126433 -6084.14893111
9999.64312502 -84.4829705963
-8075.75259549 5897.64529422
8553.64279533 -5180.26977386
5995.85511125 -8003.10698947
3704.94417331 9288.34692896
9434.01955782 3316.51548807
3675.85002415 -9299.89927902
9857.03032683 1684.91932625
4131.97750649 -9106.41322837
-9797.72460308 -2001.14782118
1747.1503398 -9846.19041509
-6598.70848965 7513.79040622
2494.65414168 -9683.83708627
1070.93473811 -9942.48956684
8422.77558783 5390.44074238
1125.20057434 -9936.49453618
-8859.39535275 4638.0075446
9025.81499721 -4305.19031357
-4762.62282672 8793.03268562
6133.35144521 -7898.22765243
422.850475977 9991.05587388
6963.43180614 -7177.08976405
7894.96440362 6137.55139006
-9704.86675029 2411.54750298
1604.47338828 -9870.44401971
9695.6954762 -2448.16037725
-7242.89020261 -6894.96493921
8465.63942688 -5322.87038111
9259.22596189 -3777.13311741
8253.65598919 5645.98643393
2930.95710297 -9560.83105491
-2766.24482299 -9609.78093295
404.091110693 -9991.83218305
3685.8130176 9295.95516336
-2797.46185344 9600.7399287
-6259.34380889 -7798.75727806
3173.08418323 9483.22396478
-9882.76259239 1526.76243812
-8237.10667529 -5670.10349287
9989.18966978 464.854537542
9756.55979525 -2193.06656572
-3466.94330478 -9379.78166704
-5349.73869879 8448.68604309
-8305.16351889 -5569.94245253
-8066.2334918 5910.65793764
9919.24197811 -1268.32116584
9185.25680979 -3953.61320039
-2959.65189597 -9551.98726207
3267.77931648 -9451.01149818
1461.32654474 9892.65003574
7248.1262586 6889.46048246
-9949.18192173 -1006.86597333
8617.96725438 5072.53786604
9659.6084615 -2586.88313816
-907.780511826 -9958.71149006
1924.66749225 9813.03495583
1469.29587471 -9891.46953858
1644.82092637 9863.80069345
-5511.5976843 8343.99730144
8664.38773865 -4992.83337538
-9121.74010737 -4098.03091905
-7413.55125664 -6711.12939565
8512.98419724 -5246.81808886
-9642.85963591 -2648.63324041
6542.77527671 7562.54531745
-569.467195931 -9983.77218854
9518.86211426 3064.51693578
9411.05803324 -3381.12210591
-1262.90214235 -9919.93337573
-3155.90623602 9488.95441181
4491.6130251 -8934.50683769
6986.07950869 7155.04668736
-6923.93382204 -7215.20203654
8713.40862394 4906.78205672
7923.14001826 6101.13532477
7582.81918048 6519.26784817
9373.01848894 3485.18642342
-7928.80158673 6093.77595571
9351.19646895 3543.32112561
-7508.94546257 6604.22122889
9440.06934777 3299.25608422
-6666.77138537 -7453.46626042
4542.4566531 -8908.76464807
-1130.81221296 9935.85747377
2489.37231037 9685.1962035
9766.3968749 -2148.83505231
9380.64526313 3464.60595844
-2041.35468204 -9789.42649301
5661.72993985 8242.86443466
-9716.29010465 2365.10181648
4541.68459467 8909.1582679
9424.49344174 3343.4896989
-8350.99507401 -5500.98911777
-9832.23895493 1824.02772267
-9587.04006125 2844.05746497
-8713.52180438 -4906.58106676
2370.76919824 -9714.90882143
-1351.30037424 -9908.27872532
-4125.6568419 -9109.27854568
3241.88581691 -9459.92475394
-6376.63971628 -7703.14649535
-9996.55902418 262.312172788
4373.06828656 -8993.1236932
-3917.37554173 -9200.77001479
-962.057963796 -9953.61464365
9512.87859106 3083.04085469
8942.84806004 4474.98252232
8054.91560972 -5926.0724363
5292.91095095 8484.40296458
-8635.97481074 -5041.81902375
6968.00943913 -7172.64556884
-4949.89888934 8688.98733946
7951.1845815 -6064.54151201
-9435.33380512 3312.77466575
9948.17790815 -1016.73807241
7594.48593497 6505.67316912
-7773.08653861 -6291.19429546
-7346.28404849 -6784.69680081
-5942.0681116 8043.12293559
-203.704695265 -9997.92500458
-2899.77362894 9570.33504643
8887.24328314 4584.42000981
-5488.89668385 8358.94809136
9858.84774439 1674.25241616
9957.13988881 924.859575607
9425.9711158 -3339.32156643
-7987.85654742 6016.15722682
5167.63773398 8561.28029271
9921.04354443 1254.15110319
-3091.23416724 9510.21930995
1039.70678069 9945.80362817
9350.70691904 3544.61282994
-5123.70515211 8587.6449341
-785.29938453 -9969.11755757
9809.58988899 1942.14989377
679.012637117 -9976.92045867
-7903.98359268 6125.93204065
-9765.58922874 -2152.50250071
-6950.90641272 -7189.22110117
9292.7531365 -3693.8786044
407.667062336 -9991.68692295
9836.47337312 1801.0529087
9805.72093862 1961.59039401
4842.82099877 8749.11908559
1780.05010044 9840.29581059
-3992.77791709 -9168.29997899
7416.83366107 6707.50165442
8755.9945707 -4830.37877167
2639.91590041 -9645.24981733
1131.79022581 -9935.74611616
-372.102471611 -9993.07458947
4171.84214996 9088.21946675
-6621.41625296 7493.78721375
9999.81134651 -61.4250289889
381.342725753 9992.7262409
2890.84240066 9573.03662453
1641.21167482 9864.40186927
6116.61170732 -7911.19846938
9759.83155542 -2178.46000876
-3382.19989623 -9410.67074453
3668.35852624 -9302.85685813
8428.67425722 -5381.21271329
9454.15936442 -3258.66087714
-8869.4137283 -4618.82020827
5948.96152927 -8038.02567321
8745.51372029 -4849.32879564
9614.78727292 2748.79349832
-4777.9581178 8784.70922823
9911.83018209 1324.99903453
7101.44858255 7040.55594604
8347.49578325 -5506.29768072
5423.55352138 8401.49196278
6417.92719283 7668.7815556
-7849.99568621 6194.96309323
2830.51947941 9591.04579682
-7496.07609637 6618.82490759
-9600.01044179 2799.96419933
9404.80746545 -3398.46973473
-7021.5627306 -7120.22870562
-5848.76402253 8111.22428544
4073.72901402 9132.61911613
-8985.16871539 4389.38983868
1965.27708939 9804.98271095
8941.52046383 4477.63462052
-5803.99301126 8143.32027648
-7400.87320131 6725.10786963
8564.89417066 -5161.64584657
-3581.62949451 9336.59092839
-3142.45130364 9493.41876272
-9509.11904334 -3094.61710386
9735.83461436 2283.31433707
-4639.19856979 -8858.77173371
-3392.42032083 9406.99124943
7907.47386899 6121.42606026
-8784.97967232 4777.46084829
6591.30440493 7520.2863138
8744.06050295 4851.94867252
8578.53641374 -5138.940844
9852.73790029 -1709.84088974
-155.507857391 -9998.79079221
8717.44824895 4899.6016192
-5793.25661533 -8150.96177079
9150.99172635 -4032.28848476
-5482.66195692 8363.03879377
5085.99574173 8610.03178363
-9609.49316036 -2767.24433344
-7181.30671783 -6959.08282925
4738.45595063 -8806.0794457
-1978.83416827 9802.25562483
5087.93253243 -8608.88741624
3776.02197541 9259.67915433
8862.80782772 -4631.48328389
8253.84422536 5645.71124868
-801.507608875 9967.82752424
-8232.21139721 5677.20842594
-5724.15987629 8199.63375467
9113.44710457 -4116.4404371
-9963.58443565 -852.634267275
8424.42683764 -5387.8597288
868.666306115 -9962.19949854
-4295.35973494 9030.49748062
9374.73030146 -3480.57922981
9783.04899807 -2071.70275413
2883.41440933 9575.2765675
-2073.99983309 -9782.56227644
9619.86643107 -2730.96500312
-1981.47736948 9801.72165664
-4077.11354482 -9131.10864806
1219.26643739 -9925.39114366
9957.1393184 -924.865716696
5234.30685042 8520.68258977
-3291.11566912 9442.91044395
-4299.30184752 -9028.62135788
8621.1005406 5067.21081749
-981.278818625 -9951.73813362
-9409.55511127 -3385.30243966
-2798.20973583 9600.52197926
-8120.68729229 -5835.61803932
7105.17567317 -7036.79462919
-8189.9766099 5737.96855422
4542.29782977 -8908.84562812
-6527.62270545 7575.62814658
1180.67760016 -9930.05540793
9462.83211439 -3233.38961075
1160.42892684 -9932.44203133
7173.49543984 -6967.13450241
3387.34553832 9408.81980931
3733.71934066 -9276.81733598
-9704.25156911 -2414.02184816
-5926.11984101 8054.88073345
-2560.91995919 -9666.5241407
1937.75852995 9810.45829101
-6505.12285207 -7594.95731913
6791.30102063 -7340.17918359
-7598.21944687 -6501.3122704
-7215.19602765 -6923.94008369
-8636.38512366 5041.11614583
-8141.28853595 5806.84259942
-743.223370454 9972.34270478
9625.63066467 2710.5782238
8605.16783505 5094.22089536
26.2473463982 9999.96555378
7801.73045276 -6255.63761279
-6076.42269312 7942.10848922
-2112.59379554 -9774.30035629
9007.85852943 4342.63568744
-9150.22849459 -4034.02014086
7348.38614147 6782.42000438
7161.28878252 -6979.68072144
6334.30351633 7737.99708988
-5659.60695432 -8244.32223549
-56.6323090324 -9999.83963779
-5857.96503239 8104.58177078
-9428.36209393 -3332.56481193
7564.55055505 6540.45678069
-1846.29872841 9828.0812474
9814.06329573 -1919.41700194
-2950.48676583 -9554.82222988
-9113.43739653 -4116.46192979
3481.7053796 -9374.31211608
9576.68651105 -2878.72809919
-9699.06714512 -2434.76826709
7776.03451428 6287.55017735
1242.42597777 -9922.51871703
-7225.61916219 6913.062109
4618.04467314 -8869.8175515
-5343.63077731 -8452.55050951
-9353.31407413 3537.72749525
7148.07159462 -6993.21617556
-9052.56732105 4248.6497735
-3081.61852814 9513.33943718
3983.04166172 9172.53395311
7607.44671643 -6490.51264976
9136.91330775 -4064.08848411
2822.1983086 -9593.49762636
7442.53992558 -6678.96694528
5734.82673769 -8192.17689559
-7870.86976 6168.42031813
7252.04410453 6885.33632483
-7969.06584116 6041.02554367
-9618.72904687 2734.96828555
-226.26094245 -9997.43997161
330.298935655 -9994.54364206
-5296.06382915 8482.43525867
6452.41077668 7639.79025687
-9861.43913085 1658.92081444
-9990.45371064 436.846260764
-6981.17092919 -7159.83606359
5235.13698947 -8520.17257463
-6701.88831683 -7421.90629075
1522.79896226 -9883.37408583
6191.55331728 7852.68536994
9973.24274895 -731.046558359
5652.15846544 -8249.43056711
7950.83294889 -6065.00250774
-9956.9523087 -926.87686466
-5371.51007423 -8434.8609664
-4880.19241031 -8728.3287082
-6319.38448222 -7750.18578912
7513.3019763 -6599.26461153
-4079.89985035 -9129.86403026
3326.94605226 9430.34622723
-3806.70870932 9247.10596902
-5128.79242878 -8584.60763358
-4689.31266289 8832.34661625
9086.0042621 4176.66452437
7547.57687784 6560.03683473
8760.24149075 -4822.6723944
9609.24556369 -2768.10398949
-3782.88191786 -9256.87876098
1661.39551829 9861.02250945
7378.135746 6750.04540085
9716.86140179 -2362.75358394
8971.16313672 -4417.94431544
-9516.78184866 3070.97105895
-6175.37490272 7865.41447165
530.75997552 -9985.90475863
-4126.92786817 -9108.70278201
-9166.94087566 3995.89726873
-9690.74368795 2467.68854892
-3583.15538716 9336.00543442
707.447535587 9974.94451034
9346.36077048 -3556.05685389
-5202.86345419 -8539.91872778
-9997.99153317 -200.412830557
-4809.93322972 8767.24257253
9607.43897512 -2774.36773685
-9296.34519738 3684.82916444
-9816.9975734 1904.3525524
-9988.6924623 -475.418650825
-4303.95474244 9026.40424394
-9567.26997093 -2909.87032416
-9220.36343184 3871.03321929
-7779.06037003 6283.80615228
-9934.51454963 -1142.5500703
5199.0951233 -8542.21340748
-8759.23754356 -4824.49558561
-139.972712936 -9999.02033399
8124.62834563 5830.12986522
9891.72778304 1467.55629066
7241.62794923 -6896.29064389
-4794.61203145 8775.63077322
9635.00659869 2677.05955168
-9998.65695073 -163.887710524
9875.28301269 1574.41589781
-118.84196695 -9999.29380441
9515.2051941 -3075.85274586
-8212.6943843 5705.40541505
-8956.99413868 -4446.60049923
-5885.25015252 -8084.79008028
-9982.11694305 -597.780340402
-9505.69648776 -3105.11421411
-2728.44590551 9620.58121637
-7065.20656226 7076.92420707
-6108.50653127 7917.4584279
-3845.47014319 -9231.05407729
5539.43792837 8325.54066939
6174.10042207 -7866.41493809
6533.390931 -7570.65406308
-3398.72099122 -9404.71666898
9634.73815995 -2678.02550197
-8903.05430839 4553.63854317
-3989.45507199 9169.74635574
9984.76439795 -551.796989311
-6210.6451324 -7837.59446765
2069.21418994 -9783.57565699
-9896.44193912 -1435.42221861
1525.99203145 -9882.88157978
-2839.99691994 -9588.24371273
9929.80916998 1182.74673867
-8517.17928612 5240.0054397
3473.88273688 -9377.21380424
-8735.63964069 -4867.09359557
6304.08873659 7762.63262052
-9999.41937881 107.75939275
-9333.86642532 3588.72366647
908.306689311 -9958.66351265
-7396.3097186 6730.12648815
5447.01901888 -8386.29738371
2679.93867236 9634.20617967
-9895.77897495 -1439.98558289
-4129.44574672 9107.56157404
7791.29754061 6268.62685391
326.165612497 -9994.67938421
2322.46403759 9726.569837
-1183.04898265 -9929.77316481
4393.8730484 8982.97721441
744.946530633 -9972.2141306
3124.13436424 -9499.46232553
853.906093196 9963.47551731
4020.73993935 9156.07177452
5042.23376976 8635.73266209
-9869.82196119 1608.29551217
5101.26157484 8600.99589263
-9108.57129654 4127.21806256
5957.50938953 -8031.69234182
9389.75572027 -3439.83829762
-7357.48548635 6772.54806688
7917.51838336 6108.42882001
-3759.5211368 -9266.39092754
6185.37602348 -7857.55200098
3996.52119153 9166.66888055
-9264.93698082 3763.10280772
3367.41505249 9415.97131815
-6776.64378137 7353.71328381
6330.12260842 -7741.41768428
-9990.4956661 -435.885702526
9603.2176466 2788.94439385
9722.01359315 2341.46357961
5105.18495385 8598.66772163
-9321.76848685 -3620.03208241
4397.17817804 -8981.35981189
-2893.06067583 -9572.3664747
7831.11439461 -6218.81398166
5401.83604859 8415.47190027
-9593.98718384 -2820.53362263
-4461.77191485 -8949.44642868
-2483.07272797 9686.81319256
6227.13646756 -7824.49815735
-7907.37525056 -6121.55345046
7338.68843033 6792.91190304
-4304.438996 9026.17332703
-4001.0781395 -9164.68077576
-9421.84715758 3350.93959051
-5667.93206946 8238.60097687
3552.25126809 9347.80781405
-9959.9122769 -894.509606718
-4200.86801442 -9074.83927822
9817.33362853 1902.61935923
-7359.87806405 -6769.94792317
8200.55256197 -5722.84349589
8108.18800836 5852.97251156
-9143.8537452 4048.44892353
-3800.16175449 -9249.79841076
-8553.50924486 -5180.49028549
9134.23518619 -4070.10412192
-8385.73563077 5447.88380298
9214.40670639 3885.19099264
304.577309157 -9995.36055692
-8338.51253668 -5519.89208913
7837.08332754 6211.29011698
-583.108750371 9982.9847333
-4659.34415592 -8848.19258587
-5572.19477696 -8303.65253172
9857.0045282 -1685.07024512
7997.03250422 -6003.95462395
9735.91393496 2282.97609517
-4982.87796899 8670.11690499
-4769.53395176 -8789.28585739
-5531.91439718 8330.54158517
-8824.18728434 -4704.64863415
-8385.83769969 5447.72668868
5495.2174919 8354.79411576
-5104.73739545 -8598.93342941
-4455.11506824 8952.76212846
1065.82043466 9943.03911292
6167.73762143 7871.40474333
-3163.42397061 -9486.45080007
5924.12095617 -8056.35096658
8598.84738601 -5104.88233284
-7393.94905789 6732.71990576
-2547.30565315 -9670.12067709
-815.479179315 9966.69422166
-9939.48549425 -1098.46625327
-7782.86828986 -6279.08920009
-6087.34405861 -7933.74075151
9339.7492247 3573.38556829
-3779.58782236 9258.22423001
1577.0038312 -9874.87007086
-7654.57304849 -6434.86685529
-5751.77158233 8180.28872746
-2802.57729774 -9599.24791274
-1886.82933438 -9820.38059664
1805.1167149 -9835.72842476
-8159.99180385 -5780.53057782
-8822.6138596 4707.59861122
9272.80583941 3743.67090763
3381.87239047 -9410.78844383
4891.45203325 8722.0236761
9079.69589245 -4190.36066474
-9970.40812944 768.740354333
-4905.3092983 -8714.23781452
-4820.40081211 -8761.49165443
6155.76930259 -7880.76800149
-7414.17875887 -6710.43615062
-2978.54701636 -9546.11217572
