35.8176856696 6373.22367575
5537.28845184 3790.89682718
-1671.55146697 4023.2927231
-4284.80808441 6999.05189149
-3242.81517384 5320.15395736
-4909.3317793 -557.30089085
5545.42660131 -1667.45920152
5038.76696963 4759.80764436
-2109.58606187 -5660.53187349
6305.3623309 5304.71741148
-5431.24732201 477.271582266
7416.49319855 946.864490706
-6645.38819715 983.060300844
-10000 -10000
-7756.70079725 534.832513307
-5000.94477821 3397.22644248
2681.10307689 -4641.52166279
-2525.34469032 -6484.77983067
-6615.7011856 -4382.09940735
2197.95218963 -5293.16817848
-5498.74798179 -2415.30544761
-3150.61415545 3736.00579301
2931.95392665 1290.16804745
4942.04969453 -3603.50614586
-376.234329102 -3894.93806441
2863.42077141 2761.68555538
-1936.06438435 -2373.3392232
1924.51141197 -4856.73347721
-1600.16332155 1736.37464963
2413.39433091 -5855.68403827
10000 10000
3367.3182744 7661.53877056
-2344.7774872 -496.140233646
4236.83447226 -523.391426434
-1534.64010206 195.571127407
6807.81442402 563.574221212
-12.487770107 6785.6213741
-2874.609375 -103.287605361
-4489.2702277 4264.09045892
-4054.37095434 4471.66206285
7718.79551826 -2509.92698323
1366.81264763 -846.912970224
40.9562468431 -8963.46907161
2804.59635933 3395.37881891
-941.069408678 -4777.18290181
-2229.66134947 -670.676010982
5665.11609931 2457.96008436
4457.12890677 -3532.10846021
-8082.91733183 -3678.60841372
708.488144207 -6914.45329665
-4192.46758587 6040.08372729
-1744.93228984 7980.09669123
-4801.6996349 -1618.67090322
8125.46177972 3667.39189535
-3158.81129054 1456.58379784
749.504662292 -7374.68032315
4529.94849578 7600.70172549
4963.26057244 -4269.72243076
2854.37926369 4025.48734503
-1263.22591261 3157.84627539
-3004.74056525 7892.346504
-5842.61799612 -383.115204488
-1540.71350496 3541.7542466
2175.67322393 -2957.26723999
-4363.49565284 1686.27573946
2683.25925103 8486.58166634
-4613.15427823 2638.37802668
438.273458106 570.659842359
-8441.95424569 208.980669686
5701.15382714 5513.05859572
-6731.7884135 5336.90483716
-10000 10000
5335.86059847 -6191.24027374
-6947.98458642 -2110.20233247
8474.09289278 -1637.30291958
5044.16145422 6325.09544405
-5293.20502873 3032.58345087
3836.0994809 5497.79401929
-2632.13470569 7866.01798372
-3079.90125308 -7559.51483237
1808.39340317 999.789002102
4955.79507932 2949.04046453
-2291.50670384 -4829.78980784
-239.221026357 5294.46060883
-4253.05149742 -6721.83994839
2224.13388553 -1463.20811701
-7010.14435083 -4020.46436679
-3136.1050843 -1554.51098899
-1044.18622272 8470.68146151
10000 -10000
-6014.47727901 3947.08288686
3943.23356093 568.840873893
3819.39426933 949.32224657
-2702.30349551 -8086.32894255
-1042.15414623 -333.384049178
4598.44174485 -7197.92974318
-20.1309988376 2612.25062667
-1480.10346393 3780.23291136
1608.17372849 1322.37688643
2389.91739524 -3579.14975165
