2646.7208264 2939.04091578
-1072.58494313 708.349718384
-889.176949099 -2976.95649199
-2558.01719671 1878.54577804
3588.31330012 -1081.37474157
-1162.30736042 2353.14299161
-852.848108784 -491.564836943
-3914.09158623 -205.531166239
730.782822844 -1749.34147851
197.652861392 -3484.56095293
-2810.13833314 -2231.75478474
2137.7944849 -68.2681892757
724.075854113 -313.746420568
655.477464716 -2290.57890452
-3716.56424886 -1402.56670107
-636.943240342 587.907577798
961.09178003 2937.91198888
-3216.71634218 163.627023343
2121.4899791 -1500.86717406
-2535.42649129 -2861.44305571
-1753.6745994 -1540.05417862
-1272.66694681 -2209.68140157
3235.01700687 1821.84038506
-3416.79829588 -977.57178963
-2083.60156044 44.845082083
2836.29873207 -2714.09768431
1959.4343685 2489.2685003
527.032576585 461.120185269
2426.62475284 -357.532147813
3328.59397799 2184.79005888
-1241.97626327 1195.58811218
1242.58240489 1941.76173747
-2375.6418399 3073.10233614
-2998.1260705 -1648.23668617
2737.05598073 -2594.37704293
-1165.0430471 2190.71624121
-637.026461331 3595.62934109
3497.87261522 -121.531286569
-114.089339282 1112.44173881
-3652.17334727 395.023713087
-1402.89979506 -425.047371691
2798.89868317 157.111594305
-869.570545555 -1117.49416203
-339.324121034 1113.65621886
370.015175507 -148.789247154
1945.52344371 -3023.03620635
-206.361347239 3727.18217468
-799.635818924 2400.86343915
-1016.57240157 -1267.1327005
2830.67323671 -1963.63658549
-330.937068606 -3003.15614129
-1620.76774263 -921.535598316
916.068087594 -1356.63877307
1994.33548369 -2890.96843454
3297.00018383 445.098845664
1883.17223699 -3000.32156519
-1358.03274479 1550.91309618
-1160.82284487 1714.36488411
-160.050797036 -1236.55933021
1802.3163297 605.222993922
-2934.15681824 -410.94015169
-654.653410777 -1175.81359292
-1829.35684157 2511.04207746
-1620.07465348 172.212658352
-673.427686646 1469.86414556
2278.30810471 -484.968081847
1183.13129506 -2720.58834093
2686.59454756 2042.20915269
-1009.21430288 -2744.76060117
850.309612303 -2845.53310851
504.094579949 -2821.84911611
-1883.54422179 3101.19966551
2274.95991879 -2611.34613387
-224.811465834 -70.9024438116
1695.29595948 -2697.83391243
-2128.59995435 -844.570192819
970.857027915 3656.46363139
-1786.58935195 1544.49863435
-1670.61218014 2891.20973504
1809.59101465 -871.488999263
-700.021772849 -50.5263307187
-3657.32400931 378.867716038
1597.07114569 3338.65584209
-104.394408086 -240.047419754
3287.51780594 -477.904851638
-619.229535474 3865.77197668
475.164408595 1684.5764273
1186.14804626 -177.850530569
-416.613943146 3601.02979941
-2831.28593191 2562.7727353
-831.80925284 -1594.81204003
2061.62056103 -161.223213968
1938.4714835 2755.71801397
-69.9578513483 3616.46388911
3635.93525377 1633.20127158
-2882.39394158 1192.18065787
1352.84543312 -3403.71514619
184.433339653 -2486.2184322
-1579.33522457 -2075.5299744
-1427.95121014 -944.20592779
1733.412129 -2866.16975748
-1580.75781201 17.3136995761
52.0149201371 3769.8479349
2672.80656894 1697.88000707
719.458040131 589.998327117
25.6046339059 2911.90330622
-628.234858289 5.49963839577
-1604.78225754 3616.47523086
2862.18976854 -1749.42967669
-870.988114443 1099.38982116
-392.599839474 605.484826327
-2148.29314401 -2223.58462463
-12.2397785148 3503.96254391
-247.52290125 -157.128796817
3559.69020045 -183.886460829
-2375.69074803 1933.06192096
772.179873278 -1445.11431305
-1076.227183 -491.580683939
-3742.50610735 -872.462442054
-2189.19875203 981.493264877
98.2233803726 -2432.11956654
-2674.27380827 1638.69677693
1592.26174227 -616.367125215
-3306.31958094 -1250.09446152
-915.375191765 2333.66603115
573.500059788 299.360491175
-2512.41122769 1942.46111719
179.450914325 1226.17533315
2042.99694957 -321.651836015
-1009.53799853 -1147.56777014
55.2834795664 717.99581029
3103.72563554 275.929491953
2302.26791552 1054.75790901
1177.52979004 -490.086513469
-2075.54921741 -1089.52924817
458.688239798 1817.99446409
3580.66648728 -1688.10790362
2145.58210087 -201.927949192
-476.854966162 -1777.52204449
-2143.36645623 1963.41425633
-3431.31918977 -517.724109098
2968.87565192 -948.913967678
903.085504265 2970.20735658
2723.22144347 779.743581317
3144.38242718 1935.75667629
-2991.83703619 -2041.82647648
-2415.01237344 3127.76373487
2450.84947725 124.013934581
149.610815836 566.469491655
-1030.16207176 1732.10570357
-2218.88134432 -303.53255314
3505.60243793 -982.032894075
474.30528526 -864.765878264
-2787.02640135 1675.70131747
-853.565955642 3828.62596237
193.936610663 -2555.83377434
-738.723339386 2589.77216845
1728.68276707 -361.263459492
1037.78158582 -3142.11842742
2298.26920232 -725.472538756
2322.74229918 2432.15059518
2630.0465415 -1928.73200549
3490.20993562 1914.83053549
-685.174513898 3896.09641997
-26.4385668889 179.679938243
280.362681891 3809.13094349
-3254.12392312 1810.73827841
-1137.73766718 1359.98464611
624.400987316 -2038.70385774
-307.208975319 2050.13371901
2870.1024119 334.994076558
2217.13121356 -1815.10651042
-215.289774963 -1942.02148198
1606.22714737 -1716.18589586
1547.38094161 -1039.83335956
10.7626500281 2884.25265933
452.621679618 -1423.73466222
-1394.08287488 1863.42663113
1592.59267072 -569.618755564
277.112674423 2672.59730222
1544.217421 1271.07260152
-3318.43512457 -543.702220384
-3358.25972601 1869.54459984
-676.067225784 3541.15121299
3728.67633082 1294.79243038
1698.31240777 3045.3388126
1110.86751173 231.349956615
358.124810386 1504.82975488
3134.65345948 -815.898096111
-316.416053782 796.686098897
2845.39434673 1561.98365961
-76.0021825373 3712.77295106
-1733.42696482 1770.1177351
-3501.24906433 -788.303911103
3138.90053227 -1174.83077475
-1881.25777652 -2915.70785587
-336.325365089 3878.70454977
-2993.30551871 -2184.25324705
1149.97799503 -3655.41274101
1365.67749238 -3462.00317375
-629.978734808 -1590.09904542
237.638325005 712.407541892
2285.96562111 -3128.10254037
2670.04384001 1484.88808713
-459.066204839 -3462.96406047
1021.01182968 1731.19626794
-1507.87534379 -333.802646203
-2432.50377791 389.73410665
997.39106212 -3472.98722615
-765.217346654 954.101825064
2667.22359035 663.15994485
862.513709119 952.482831343
-329.280107483 850.734704069
-863.920756097 -2958.50484038
-3159.36401081 -1129.98520782
1038.07956164 -824.092789348
-428.570402088 -3.8143679789
1002.65030276 -3033.64188862
2008.8694801 -2304.29804772
-2544.77924312 1214.03253915
-2138.76853673 1379.98745295
3289.29475128 244.861004473
-608.895236679 -3563.35392622
2978.71243075 -1995.15857245
-2967.57519514 2656.76854561
-956.44967317 -2007.26045735
629.40603669 -45.9581431266
-3394.06742569 -1277.36993865
3879.2033164 531.659969628
2260.71454837 963.376779743
1263.69915773 -1893.84699759
-2917.8826799 -1932.12863967
3198.67119524 -403.55039421
2337.51894883 349.55454243
266.050857655 -973.178468051
-1689.24906169 -1714.97924756
-119.267914453 3341.78318198
1244.34388785 1671.21580756
2520.84198892 1779.7077662
-798.100472577 2000.30565351
-1091.05791395 3527.68604996
1431.77571986 -738.313205311
-2405.92470767 -127.899670164
-1193.43981339 -1235.33335774
1544.22164698 -300.579194217
-311.899675935 606.970961869
31.0338626796 3290.03156783
-3152.43643547 -819.619780058
3730.08260542 -1222.98855947
1298.09825918 3571.36007751
-1804.08312828 2334.20578166
3067.2440291 -1524.15071424
3544.16002396 494.075986673
-2097.30250843 2596.03791771
352.324040589 3290.66721283
-737.583984043 1312.87041767
-970.606073603 -2122.73982358
-1230.42745604 -1976.28011732
-2008.16083672 3452.02224901
2699.41435855 -555.171076535
-712.702955392 -1.62496679169
1453.40167546 2716.12774555
-2375.49412232 -684.20878972
-2486.73051869 441.323102338
3448.19720981 -507.55056505
589.686481233 600.85902011
464.702867239 -2889.21589969
3690.96052919 1481.28996931
-323.904941939 1671.27175568
681.17260813 574.07080203
-2154.19635688 3114.4934703
3291.02994992 -804.353895574
3132.51306603 1199.26929643
-2704.60882372 1396.16721739
-1303.31231432 -262.414999755
-370.685657721 -3901.81351911
2371.17347702 -2440.48324407
2816.52295786 199.924824399
-3679.56750215 1389.12656466
207.900469698 -3941.60953022
-1390.41606626 95.1887849005
3314.70555974 -1031.02891309
-3683.01064581 1494.83713447
3216.13299326 1936.25017696
-2345.02102669 -1128.67227124
2452.65832511 -1414.0537271
-3418.7122856 -1193.345335
-1351.46261647 3253.42871931
-1595.82001341 3155.50167319
-2233.28067574 -469.74711907
2401.66006324 -759.124454911
3710.29035489 119.745900525
3868.50792803 -859.170532565
2207.01695646 -796.527094379
3717.10039217 1087.49941572
3498.00267636 1925.30628316
-1160.78166848 2112.2828413
1854.99819736 -909.64507319
1705.47925002 2919.1932154
2596.77334477 -543.907529154
-1966.39398122 1957.19237258
2354.11732505 -1446.69616206
2467.63983707 -2514.10803044
-2611.65932089 1393.32574845
3883.87259573 26.8651311443
311.973850725 111.784738467
3732.60366148 1024.48497358
3638.68304573 -1494.82492972
-2407.00738359 900.122562678
-2098.30271112 -1135.31237598
-1244.59600409 3202.05495871
-121.728993041 -3994.06351341
412.325916365 -505.611164915
1451.78244398 -2188.5546781
-1413.51466451 494.464952649
1801.79454842 -2938.51190297
-1793.11775379 1729.65907116
-3030.69852723 576.218411611
3002.20979901 -1545.91949038
-1300.51535074 -287.471104308
778.68832847 -918.117463306
1112.64852958 -2722.59857172
-752.877451782 2516.30674958
1367.28057454 -2306.70216015
-297.00590713 -560.167918467
1053.78242571 3151.49988547
3459.5312876 1602.41242107
-1990.47603574 396.884255497
-3395.79367585 1263.57466821
-2346.92102781 -2325.75134162
771.91138789 847.115285247
-332.023426198 2910.85817144
-499.164247875 2152.38950968
-2464.54198806 2627.43119904
988.355517062 2130.13588288
-1807.71561592 197.48528768
-1115.42699831 -240.877948565
-279.014902663 -1970.51572078
-3331.03958276 -1473.26847837
-2255.52550787 1401.21646509
1766.86099758 3166.61467789
1325.59357125 -548.541487137
-2767.38519377 763.155791911
2628.9723375 2225.35397937
-3111.99929232 -1876.48761912
3648.42000163 934.85417828
2777.59527833 -2036.94652729
-3690.79829966 -935.838961214
396.493164013 853.786739634
834.807217495 606.084979367
829.991836689 15.3863977119
-100.355665368 2213.03819741
2387.29094932 -3122.43700232
-3741.53111866 -32.6575788842
-1077.5308443 3283.09902296
500.408879498 -1037.83510845
2367.97643003 -1599.41371481
1738.61977765 -1833.37451939
1908.86689376 -1099.58741011
2646.33057556 -976.009589074
-2178.43584103 -1495.06533968
3293.44560682 -1968.05656485
-2902.73769814 1767.15044916
-819.190169652 -820.515983343
-2192.94019364 -273.931391701
1126.18755249 897.664505612
-478.389267531 943.725106606
-2569.99062099 -1048.5000951
987.308615221 -2833.28376054
1137.41613917 758.125644587
1822.79901715 -1045.72532247
-2052.50254071 -1044.53839176
-325.053834642 2214.17416309
20000 4500.0
-647.451086337 -2617.92555586
1036.71955393 -3349.3694797
1595.01773923 2094.36192255
656.445054982 3004.21163151
1016.66048382 635.705667775
-1863.64497938 1770.22323743
-3196.06245422 547.738899842
1624.94653563 2712.74857567
-2024.56202799 -3198.78171695
-1442.54755112 1155.34558732
-3244.90683543 1346.62894167
57.7608923381 2555.42192415
-855.389846926 3462.24300486
748.144656957 -1188.27009625
1800.10580986 -1683.19710238
-586.486326187 1274.52234233
-2763.47126977 1768.28061636
-917.939573161 3793.90854071
82.2796273708 -3149.52411657
-2475.19195235 1815.52140492
-2142.29041465 -302.946703844
3921.78115432 -728.307524774
-473.692783152 2402.80280052
-413.738043353 -3515.97138842
673.991943988 -2680.45469373
-1407.84208343 -1061.3607558
-3045.94392798 -1674.02453127
551.22078241 1185.42557212
2451.87057679 1742.13137583
2304.56481637 1778.0557053
2883.60607902 806.511630478
-3561.21786868 1089.05596047
-2263.94960992 2316.58443325
-443.860784075 -1593.92335623
-2196.34953869 -125.762563284
-2709.48519742 120.966224829
-795.456238554 2500.10428269
-1333.14767825 2291.2244204
3269.06232427 -755.063445855
2292.4551213 384.796198365
-1242.42803276 -622.976362773
686.926377664 -2811.13676205
2724.00351696 2038.10823607
-2.07147172043 -1568.96197343
-806.697270125 1563.97898436
3184.21691317 -1860.17237355
1204.03274172 -3671.14670577
-2981.2880449 1160.73239824
2505.11573622 1664.79165138
-2252.78433251 1034.57065062
-3140.4074369 1611.42533349
-951.717757255 -3797.4057115
752.938860381 2910.84326232
933.059004081 -1735.48158579
2244.99520665 -1569.103278
-1180.17203675 -2907.22123218
-2272.31760513 1728.96749516
305.198882533 425.00512134
2190.6905614 509.48688953
-1084.26630393 -1351.71261951
716.490334503 1453.91932682
2300.34248892 -1930.39028516
-3716.046795 -95.614076138
-3479.49699073 545.241184277
1317.11233562 -3069.9317932
469.262354113 909.13865221
429.406970624 457.117705233
-3407.15432753 1016.94320297
-3701.53074252 164.720045348
172.224818226 -341.269580529
-297.636205827 3767.77639832
63.2631757467 -1984.21362597
-3729.19276785 434.855691152
233.030234114 3242.06729228
-1566.60414082 -3321.59443001
945.908050407 -2259.11808253
-3096.83608289 -1066.5643448
2220.85053644 1546.1639827
-1315.1484424 -3479.19961003
-786.321172656 -3324.71066937
1146.68092258 2298.07645584
-1852.40739513 -2224.2671756
2859.03626996 1435.4763202
-2858.2767636 -918.239601893
-2854.94420939 1588.84990474
16.2831577337 -62.8514723694
2339.03505002 -1312.36156026
2839.43697869 -1713.07870907
-1841.23628675 3309.42564218
818.87473971 -1390.30360319
584.962001036 -2849.98835581
-206.837638682 -2400.29004025
3595.56484994 654.443824819
2021.39913736 -2681.57345107
-2765.0290696 -1010.66157877
1647.48473575 -2170.52070837
169.354414262 2515.48692539
342.732480112 617.760526269
-2947.49919847 -1403.41015811
-776.544334452 -3821.42294433
-2797.92147477 941.380564896
95.3773343075 973.701098803
-1848.3326247 -3382.97023661
1196.51098604 -960.671479864
2077.34409351 1977.31883137
2589.37413421 345.925091472
-1798.94225603 -2580.22956689
-1747.92327224 1418.82267371
315.770654163 3573.31427786
1557.67775976 -2558.77320766
-255.568933512 7.39098577995
-1240.5690858 -3719.31030759
-562.892617918 -1361.4678846
2798.33793293 -2684.48159155
-334.734455785 3561.60205976
-2403.56756688 -170.348870785
-606.871649544 -3352.61483727
2697.93431704 -189.838698108
-3477.5901788 -214.490095999
2904.02614366 1502.7689217
1714.68290315 2453.08235523
313.661821795 -1643.92239217
-3609.59274929 -371.047834962
873.104040631 -2377.83078234
-2647.85299692 1999.34408353
1307.46372907 -1629.79495931
-759.47150101 3836.59241772
957.719994372 -3736.13432652
-253.28586654 3663.47526532
-3585.06840113 -1050.80904046
-2821.70703849 -1494.66586708
-1349.56179259 -3305.40359496
-3342.52604742 684.351149767
-1383.6271555 -2809.87023559
-83.5091004621 3416.39199605
-3628.31755657 -795.477586524
-1383.55362284 2687.80357986
-87.6295349917 3663.02863686
1007.07958869 518.731243298
122.071185069 3751.4491991
1469.8509137 1460.51352852
-3632.25800662 -45.4686853015
-2765.84554869 -217.07860352
1905.8317999 2627.44600179
-770.834985004 3258.74249251
1791.20408581 3030.51084343
3377.4560458 1974.05043034
2047.27378427 -3273.65583584
-469.500595407 899.747994791
704.268996361 3905.81870135
2166.3587082 -2748.90402282
-139.285906584 696.474692332
3424.9310737 1274.19126798
1440.43711737 -1249.15883593
188.330851964 1369.34439911
-1639.02278207 2357.20950671
1804.40095688 3421.07279334
-1183.0097896 -3407.31156344
-691.32255254 -2835.20390889
-1762.75055085 -1326.45365709
2383.64229669 -2534.81283238
37.9248927278 2281.70486793
-637.949285907 -2540.45270304
2097.24472221 -1528.05527938
53.8474061273 -3185.27061938
-359.794770158 -2137.42618166
-879.232539633 231.895412697
982.968511805 588.331053177
-1735.48254529 2031.11779058
-2392.3235738 1250.10651165
-510.166416282 3413.77539578
2250.22523388 1772.4249993
-415.715543238 -1920.68341467
1630.88788617 -1747.85869485
-3686.37616605 -1370.93664056
1481.51966555 1598.95343797
-608.882024112 -3780.95168118
-3310.77651372 -90.2546551318
2026.23216267 2186.74258056
2304.14746593 -1214.1965108
-1568.69354874 -1894.01374862
1088.25462477 -546.623034997
449.378009274 -991.756006979
1108.62414937 764.88279353
2101.86668698 2027.48837776
-20000 -5500.0
-631.224087789 -1304.68601061
-552.902667776 890.254182554
-2455.74891473 -2361.91212167
3122.03678346 2010.4834977
959.752319836 -3116.87841528
1527.76337273 2727.45314917
2811.93464518 -663.519264234
2227.48852867 342.364407923
-1520.26823874 -1878.87349543
635.513704721 -838.134709867
-3297.03229636 -2098.96587115
-2915.62295881 -355.629442941
-3734.71896859 -1276.11410584
-2559.91250453 1785.74252175
-531.515946812 -1193.26151427
-1918.28890257 608.833157497
-1097.63661643 2926.88320625
-1441.71892443 379.048193532
542.490196988 -2107.69917781
1573.62053797 -627.837826208
-2769.76041441 -1878.33138215
1481.31939277 1996.52301504
529.054716771 1866.50806902
-1005.81752627 -2933.60835035
2610.96650347 1784.33127926
-2686.37459014 -2193.66007544
3856.81029414 -817.97800665
3153.65636206 874.044573629
-422.360244783 1205.26627778
-714.411152328 -2676.9775561
-1720.11473572 -2496.81066504
-3040.70487004 -427.356049275
1510.83570369 3615.40183815
-3600.76776932 520.231830862
2868.2334826 -1617.11485849
-3873.38733748 -997.62288459
-278.34599076 -828.424950599
-2187.19159716 -2604.29680184
3241.5218371 -359.764732154
1603.96325108 -336.425136692
-1406.84968717 -3323.00926625
-3009.40149581 -522.134423361
1568.44650437 -1680.03859117
832.102334134 3822.62999727
-1903.72477642 1283.64546496
-1272.36861956 3658.21126756
-1495.43682476 2688.60222453
2403.80013879 -2109.61886113
596.587488637 -3648.09776787
-192.86216351 -3964.98089133
-1174.37746118 2776.92055025
2252.08040762 -396.339198389
-1567.69901167 -1007.97009452
399.136681836 2855.59830222
1605.45927256 68.4897193736
-2110.70534268 -2452.23955243
913.811892317 2470.48372409
-872.368532799 -2857.70981554
865.329377993 2770.33789325
-487.927311938 2673.24207297
3670.68867358 671.155678874
775.553340531 -3623.86937404
3660.22101204 1051.67066223
2665.497101 2136.80372404
-2421.96213825 1191.75001335
650.232652555 -576.913059342
3312.29747388 1065.28698585
1795.27465117 -3488.7766551
2329.88773468 -2487.94126559
-2477.12536342 -3096.03551352
-2202.7274545 -82.0372562998
-3222.84122131 1250.34768364
659.188451498 320.408334626
-3163.40082179 1337.2316577
3196.16199014 2172.70228821
-2050.61345309 -1697.30290966
3862.40865021 675.73723693
2109.63858299 -2242.29133141
-897.292248702 -2690.87604823
-765.516335139 -2358.42653354
2803.00270167 2655.81605692
-1812.34095867 -57.7562610988
3220.31249059 -1147.07900025
868.275462564 -2402.60600877
2764.30492651 -260.881282873
-3559.51566261 1033.11536412
-2720.26517068 1955.74666295
-2203.49924618 -2386.65499154
-891.20818238 -1050.74721619
3020.38003109 1863.40047359
1915.01112148 -94.9942137175
-1258.66776544 3524.83602216
-323.133453758 -177.640797693
-58.9335432905 200.400664818
-2721.5333323 -1472.47246665
-388.730587261 -3098.24075818
-2755.74076991 -6.94100199969
-1449.9227808 1790.66194994
-493.778924037 -161.494089761
-964.342905814 -847.265761016
2676.04937237 -2063.33939144
2163.69687998 362.007251729
1361.17062795 1848.74168418
1915.23294474 615.183559894
-3154.59680609 -2164.25066925
-3310.1481556 -2125.59832172
1242.42762632 -3465.7960353
2728.63385057 -849.571491187
-1255.97505498 2553.35811364
2303.02043574 -2083.3106558
3722.12762533 -1274.77681383
-2716.64818942 -1639.32598225
1769.2737238 -3303.1376066
-87.8807180809 -2359.41300003
3254.56240417 -437.520736358
-1145.126722 -3499.21302988
-3170.77680826 873.154110863
-1056.98683249 -229.520157392
-3179.82474993 -914.44533229
1373.81445931 5.21363984567
1471.32291355 -3600.05918826
1484.56065823 2318.06189908
2977.18020367 823.83758954
-1371.77530788 1201.52665235
-1789.02113665 3553.88342116
1129.89598719 2878.03108745
1581.32321024 -3623.22151929
-315.4558409 -2252.79610909
2575.28203687 2116.7319479
43.2591097714 3093.65899873
-1305.75645378 -3040.59864468
-1761.67229903 3013.23778369
-2532.21383391 2252.3303483
-805.250668733 556.317695662
-1229.24690796 -490.435792411
2250.17265421 -2023.48135296
-186.900813674 -529.020841666
668.497766656 1983.52212043
2001.36984438 -1703.09946204
1965.22715565 -3251.42906073
1058.68882693 3402.9343811
-46.0303739865 2097.87507256
-805.345149201 1379.27354169
834.625536712 -1208.31748201
3830.35220936 -90.3627400423
644.58172676 -3898.81771869
-1134.16990185 1988.48150429
3005.49032305 -530.772383059
-937.183492947 1426.38251842
-527.100230525 2678.55066061
611.819507448 -919.85573609
-65.076309301 2317.78395604
-3001.96666725 1388.9795902
-876.146356435 3231.21866388
-3867.11652875 998.707193159
-1715.60583054 -2157.26521591
1959.00224786 3158.58047175
1797.84829454 -1890.82253374
3418.20781412 -329.425658754
-1825.64840291 3312.32829259
-922.755925737 2138.69423149
-2296.74879587 -539.997956525
-1890.66819385 2348.05822062
3856.43704087 630.722461935
58.6589119807 2640.92077224
1342.32386459 2663.93484913
1312.43579598 -107.965134743
-114.905488653 3841.47311131
3187.99483911 -1607.83024712
-1483.95883009 -2956.0296844
2295.82543527 2172.04942714
979.252867833 -2013.18684995
205.906453821 -2337.79233847
160.958582866 1440.63099175
-2280.47216358 507.255349703
3124.05249974 577.049422367
3064.88706876 1183.9948123
-499.088439739 -2466.6897447
900.89844444 1224.96286318
2499.28379277 3119.94351645
-486.851149276 -3633.57058988
199.895168313 991.322203619
-811.277052998 -3460.66340418
106.0918667 2616.91196455
3014.34886231 927.364672087
1890.30083147 2948.36408993
-1579.44711727 -567.389030228
-2749.65035126 -1262.00822581
1648.21836237 435.042734289
1161.70903227 2632.04128258
2153.95453389 -464.335826427
-1779.8593774 -3242.0564447
-243.53458608 353.109255764
2414.91810294 -561.752382209
-1966.61053718 2614.68103686
-59.9579618627 -347.946169048
556.7162738 1801.25364897
-1197.4791485 1309.72762989
606.010564155 941.07934574
1084.66958691 946.552873739
-2090.13937162 1596.29534874
-2329.36910272 2840.79305506
-262.499802176 -2113.39960476
79.4238866103 499.844817758
-14.0858987589 2550.54345611
2653.2721317 1688.5906718
2353.91257838 -574.057253938
2497.0124878 -2117.37852331
-2161.69616154 2726.69547557
-3340.28504515 -1400.2414839
-3222.7184847 -404.582578468
2048.87136981 -1464.16291453
-410.895443745 -2494.31807055
1733.86522076 2287.07565383
2908.71227494 -479.675807225
3867.75373548 263.060014049
-1654.71819382 -1958.76806657
-3155.13284183 634.871647876
2497.24059643 1840.47790963
680.890026491 -3548.52142106
1725.99267135 1990.71722719
2900.23400972 -405.571868674
380.444428704 1293.60656791
-1442.31540189 3681.91532865
1261.30015473 -3604.65957802
-3661.83780229 1307.06210094
1158.84203804 3763.12649844
-1339.08010952 -1016.80084085
-1755.54772953 -570.265253535
879.466209516 -1406.39731496
-2778.19619014 -1186.35009025
-413.475226127 -11.0145869165
1938.05978396 -2670.94109473
-340.796209693 2541.48430362
3638.51287989 423.146618254
-953.578423651 -3510.47791931
508.743016028 1209.73095644
2307.38204758 -2200.60518993
-3790.80653696 706.009630829
1339.92468632 -1385.08972767
-16.2092028588 3410.28085382
1106.24081836 -2662.32022363
-1150.63484332 -652.155024219
-1360.05554937 -971.474335056
-2722.28932912 2846.43423504
-1827.06434401 1451.32608925
-1943.72551735 -2678.79286627
-1687.18741821 3110.34204005
2092.01940387 -2822.4981931
-2895.04700613 1025.83927046
3180.26390261 45.4554136106
-3155.24442182 1192.88998941
-834.557755135 1886.70082417
2402.09393659 2678.91921941
3253.88381669 1357.30548011
-1489.14682515 -3695.4330186
3421.77117965 -1992.67049284
-1725.50046785 1127.42827247
-1631.44561481 -1934.54477899
2043.72156166 3013.26564487
-1120.54878688 3432.98756824
1437.24016629 -3627.92915941
1483.02665322 -480.833956074
-1696.73621638 -1950.18815257
1900.13650846 86.8330445581
-982.832404379 -779.358110545
55.3431094189 -1585.98546269
-1732.83713681 -2064.76226549
1708.80312765 19.3566283586
-792.926808927 -2292.1057123
-687.845946808 3767.00429775
-2514.14960411 1152.75286792
421.284471053 -2690.886446
176.528935405 2585.25287248
-368.904788803 -973.653649594
-1725.88180862 -3127.37921807
1046.58090144 -2438.62091134
-903.589054223 -1843.02192181
1129.69218292 -1088.954806
3472.91175049 1210.32783363
-1516.33585018 3329.20995785
859.184160164 -1061.89311566
-248.829580557 961.108767253
2666.23224747 -1481.61180195
1584.53714905 -961.286118076
-363.110449382 3263.07650992
-2379.0932242 3040.88621862
-2117.31699188 1705.53586738
149.604722997 2983.58281935
2845.28693815 1788.11911612
3107.16039513 788.906808178
-3056.04555081 1796.17027562
246.844751656 -2286.46119641
-2350.95590494 2028.29068226
1938.8655725 -3115.3607258
21.2769786729 -19.849993858
-659.461606182 2601.55414619
3592.98458468 -42.6010392307
-366.916588855 2883.46193132
-2130.29886659 -1583.24882714
1596.61330315 -3352.97020225
1438.67683815 -2023.61807041
64.9151368237 2814.84143912
1988.75243455 1235.27090546
-3084.14249596 1748.51245251
1693.29048563 1573.46841179
3105.15588005 201.030756632
-1876.17040088 1868.06169013
1422.99232194 1653.84416158
1398.15106028 -1882.82672717
3733.919116 870.680804316
-1922.91776552 723.931704912
-3138.45794136 243.203998206
2802.64653634 2288.59822457
177.35298486 -3823.77182657
564.194468657 -101.966602553
-20.4476281422 -2691.60273288
1458.23657194 -505.474497492
1013.36830055 -2850.59566019
-1002.50475076 -2409.15444745
2613.46126409 2195.90323348
-1892.99287298 2098.86841941
-363.288285597 -1234.25208912
-86.4809272083 -2207.33247925
1932.40124558 3292.23909647
-1573.49661755 -1884.26153698
947.322134447 2105.35118853
2578.23419505 -279.510142431
413.223724685 1086.07704923
-2986.90478289 -1299.79312182
276.528057913 -495.763185408
-2271.99516305 2050.97808762
-398.659137485 -500.950554726
-969.670629512 -937.430598788
1328.10666614 1957.10605297
497.528971248 -1290.32953592
-755.797314103 1279.32362232
-1122.82013253 -2291.14547677
546.360701887 -1310.05677081
1665.46096237 2616.28120461
-3233.34279982 -1383.64899825
669.567260826 2565.01068624
3577.10846544 -439.904685664
-2156.77269328 -2444.46075305
3023.97550276 2500.39652701
-2369.72438615 -280.44276149
1636.94956938 -2590.64949137
1590.99542118 2456.31490215
-2693.23530185 1419.28280204
3865.05273353 -584.484034127
635.775804071 1561.76387324
205.273273702 3565.56089245
2729.56070404 -551.18356998
-1073.19072644 2002.59815422
3019.34257841 617.018238606
550.169638956 -3271.47455376
1035.78920456 -323.875713885
77.6377159331 -1977.25080944
-1866.94410196 923.880154127
-1533.08239038 -2084.47612566
-777.842774854 3820.67724171
-2956.45964735 1201.01548117
-3441.5116656 1712.28281762
-3532.1164099 -1394.97613107
1286.60373057 -3315.15768952
3261.16447109 -496.161412243
-2819.08113045 -2031.49053544
421.375083682 -1151.36549212
-179.903365908 -2202.19266515
-3164.04826286 -113.128414717
302.946650993 -3378.55551082
2695.53387408 2097.88610847
-1555.91643165 -477.722839276
1189.31119364 -1911.77096595
1251.02666296 -116.755716609
-208.527055397 -214.499427523
138.729076795 3189.95586584
-1042.66882031 -596.097528861
1227.19361498 1201.86220697
194.981104131 -2750.05161226
-1376.87287786 -3306.37449926
2784.04932105 -1354.50484008
-1128.10616627 3394.72438476
280.753647233 911.792806472
-567.115356497 -1825.67476111
-1110.27562969 3545.03401854
1597.85444598 -3245.06620176
679.429059641 -114.010317125
-624.888144448 -2219.34562842
3448.29350956 -108.614371721
1442.76362824 519.557149619
-1696.01713318 -2245.76357203
2575.38147763 3050.35113479
3616.6462835 -738.704051333
-3067.43866237 2129.81332015
-2321.42705142 -2410.10085021
-3308.38854266 932.098268513
3027.61424732 1639.33498053
632.174528677 2133.58576507
-954.65457601 -2318.44775776
-1180.35185971 3019.34933118
83.7914321207 1846.75146044
1633.90123828 -1761.74534285
-899.228871236 -111.23248452
1859.6176638 2848.92286365
-49.8212304011 1785.04176449
-2699.63240775 -284.124034225
344.998449792 585.05959527
-1354.66741405 1366.06821056
2823.49285672 -1014.10525705
-2977.34000392 -2283.88487699
-93.1444100899 -3666.4044501
1669.49680228 -994.643868377
-910.243437516 -1201.44896275
-3419.37387399 1752.69850682
2847.44011439 -1026.02293636
1112.75089745 -3830.61399709
-2797.06798533 1294.97150777
-149.640323876 -720.733658314
-3560.94323155 1510.51141952
3715.38508488 -18.1308138308
3318.05293734 122.98063385
-2504.12786092 514.082001229
202.954008109 -776.246860512
116.861171175 -1121.34297154
860.209141638 -4.10484511306
760.591672525 2586.45782866
1606.13341448 954.047320966
107.466548936 -2979.95955415
-3466.67962562 -365.720214537
2099.9214266 2661.55700657
2619.47297693 -78.4959079999
554.741835001 2778.49542126
-1899.25805938 -1712.79382189
588.596640849 -1407.47102048
1830.04579382 3400.26222599
1531.17090949 -1455.6688633
946.42227666 1802.05972032
-1126.70630928 -3544.90223946
-3218.32251861 119.504598517
