-6948 7191
-7445 -6675
-6248 7807
5053 8628
862 -9962
8133 5817
-2515 -9678
-9502 -3113
-9953 961
-9941 -1083
7836 6211
-4307 -9024
3223 -9466
9426 3337
-508 9987
2402 -9707
-7096 -7045
-9896 1435
-8599 5103
-5455 -8381
6254 7802
9964 -843
-9897 1424
9976 -688
8147 -5797
-9491 -3148
5668 -8238
-9672 2538
8977 4404
-3127 9498
-7794 6265
7870 -6168
9926 -1212
620 -9980
-5334 8458
-1612 -9869
-6306 7760
-9965 -824
-3062 -9519
8195 5730
3785 -9255
-3419 9397
-9963 850
-883 -9960
2806 -9598
5136 8580
-6636 7480
-6209 -7838
4595 8881
-7215 -6923
-8750 -4840
-1133 9935
-9656 -2599
-9847 -1739
4778 8784
-9567 -2909
-3502 9366
-5074 8616
-9131 4076
-5609 -8278
781 -9969
2296 -9732
-8816 -4719
9814 -1916
6372 7706
9639 -2662
3869 9220
46 -9999
-1698 9854
-997 -9950
-167 9998
9992 -393
8654 5010
595 -9982
3742 -9273
-3426 9394
-66 9999
9999 -62
9978 -650
-7223 6915
-9799 -1990
8857 4641
6987 7153
9736 -2281
2870 9579
7716 -6360
5029 -8643
8220 5693
-4280 -9037
3971 9177
504 9987
4716 8817
-8991 -4376
-8042 -5942
5176 -8556
-9952 -970
-221 9997
8429 -5380
9553 -2953
-5290 -8485
8629 -5052
-6400 -7683
-8895 4568
-9938 -1109
9933 -1150
9011 4335
9740 -2263
-9884 -1515
-7340 -6791
9999 78
-5070 -8619
6998 7143
22 -9999
-9937 1116
-1429 9897
-6163 -7875
-7332 6799
-2292 9733
-7737 6334
-3038 9527
-9021 4315
-2320 9727
9728 2313
-4092 9124
8144 -5802
332 9994
2021 -9793
4061 -9137
