-3062 -40
7821 -3381
-2192 -9603
5648 3038
-8479 -1852
-2317 4819
2116 9466
7783 -1917
-4487 6885
-1808 716
-875 4462
-7421 792
5643 3381
8024 -3901
-4382 -6529
8607 2962
300 -3308
3256 -3926
6692 5650
8365 -98
8387 2435
4617 6943
-1322 2589
5540 6892
-5505 -3506
7491 2148
-5306 2593
8996 65
3734 -1072
1080 1011
-3871 8038
3012 7876
3502 8922
577 -7249
668 -9516
1902 -8887
-716 47
8166 -5575
4974 4420
-7127 -6116
-6606 6795
-4885 -291
825 8386
-223 7437
5034 6809
-6346 243
6266 6308
4532 7414
-3174 2483
-4997 1441
-4678 2075
-6753 7304
-493 -7997
7729 -5439
-1731 -2579
-2274 -6343
-7626 -4601
-5164 4224
7990 -1850
1024 -316
-1068 -1626
3831 4513
-4915 -567
-4337 1798
-5921 -7923
-903 -1117
-6569 -5756
1717 -9586
-6252 2311
3485 3309
3569 3563
-322 -3600
7474 663
-1141 4469
-816 -2799
1370 5953
7162 -955
-2661 -2776
4310 3271
3608 2683
-1734 7251
-3794 -1044
-1111 -6459
5471 921
-3396 -8840
5577 2437
5581 5413
5261 -1832
9212 -3738
6026 -638
-5488 5996
3942 8690
310 -8160
4672 -6229
5815 1720
2377 -4468
6566 7470
2627 3022
-8089 810
-5126 5484
-1255 -7523
1497 -4191
2596 -1639
8079 -5453
-739 -7700
-7535 -6566
-9558 1497
-9958 564
-6565 6534
-2924 7884
4998 4635
3314 -3584
4328 1688
1122 -3308
-5414 1373
-152 -3597
6576 -3356
-298 -1313
124 4909
4427 -8195
8917 -3438
-4743 3159
5927 -2602
-2275 -4124
5296 -8139
2836 -9588
1787 2472
-7148 -6868
-2261 534
-1996 2074
-6081 5044
1585 -3816
-1799 2682
8379 1647
-7529 -2644
291 -3916
-7863 2933
1587 6186
-443 8782
6158 1111
823 9199
-376 -9615
134 -1669
-9265 3117
-4113 -4435
1930 -1001
-844 8439
1958 -7220
-1429 -2661
189 4171
-3408 4340
-6091 4241
5506 -2331
-8293 -4816
-3081 -3987
-2462 -5974
1563 1550
-4526 -3173
499 -1416
-8372 3324
7607 -5085
2161 -6938
4775 -976
-3185 -2063
-2568 3360
3646 -1225
1411 2547
7379 1831
-2522 -4780
3497 -6997
598 -7473
2902 -4127
-9261 -1523
2494 8005
-3404 -4233
-3953 -4489
-2860 3840
2927 -1614
-7731 2397
-1649 -4554
5397 -7802
-2107 1565
1431 5830
2558 1175
138 -4278
5651 -6409
7 -9812
2256 7903
-1090 1662
4561 8799
-801 -5764
-7627 1642
7339 331
-6366 -7162
-8979 1588
7048 5449
2866 6098
-201 -3736
-5551 8250
-692 -1429
-3235 8365
3099 4545
-131 8794
7139 -4171
-3710 -922
-4366 -71
3051 3084
9338 -3233
-1977 -3280
1565 3801
-880 5527
-976 5813
1202 -652
-3557 -7793
-1133 2975
1494 -9717
5324 6464
1250 7659
4092 -2646
7113 -3143
4587 5049
7366 -3321
-279 -3989
8446 3420
-4350 -2115
2801 399
-5020 -5159
5991 -1071
-7881 -2387
-2893 -5818
4033 4290
-8237 4943
5919 -2259
-5885 7524
-3035 9448
268 6887
7446 -6273
-4285 -8945
-836 -9690
1736 6296
9499 -1566
8700 2287
5570 -8217
-2433 347
1411 -6099
-4061 -9132
-8393 -3766
1089 7840
-5785 6930
-61 -5721
5383 4564
9261 3425
-5802 -4937
-4873 7855
4196 -5317
-7718 4710
7167 -3173
3829 -4639
-7146 -4779
6053 2654
3356 4918
-2881 -5564
-3930 -6368
4880 3666
-701 3676
714 -9967
816 -8318
5242 -7507
-3848 6511
2942 -3669
-5537 -3877
-2028 -257
4865 -4763
-2516 1525
-8337 3788
-501 -4756
146 7908
-421 -622
5866 -659
-3888 2850
6904 -5509
2937 2624
4383 1761
-8312 -4676
-4404 8120
-1905 5391
4957 -6016
-618 1297
835 4756
5838 23
-1160 -4801
-1572 -8718
5279 2172
819 -8563
-1362 -3065
7545 -2518
-6590 6471
9125 2690
3848 -5512
4313 5898
-2275 -3533
-6333 815
6962 6491
-2848 -5870
5286 8265
-8710 -774
9587 -1468
2243 -5692
968 -6096
7478 5881
-1585 4858
2649 3632
1902 413
-5594 -7308
2725 2631
-5594 -6460
7647 1093
8550 4175
6172 252
2501 -8071
9044 -1317
-6741 6335
8469 2426
-392 7510
5847 -3989
-5819 -1799
-5644 -5721
6807 -4001
-5726 4209
-6816 -641
-203 -7632
2346 -3595
-5050 -2694
-3310 5552
-4518 -963
-6061 838
-5092 4696
-2821 -2238
-308 -1884
6775 4975
3066 520
-4811 3501
3539 4730
1068 4041
-6972 3634
3890 9007
-622 8949
4579 1037
8997 -2664
-4494 8030
-967 -9379
-3055 -3860
-6810 248
-6992 -6510
2732 606
7856 2845
-4647 5810
3364 3804
-9443 -1331
-1452 -716
-2421 5011
3037 -5073
-1688 6187
3874 4995
1506 4584
4195 -6795
-7753 -4355
3105 -4430
6933 3206
8350 -2430
-4672 -7553
388 2237
6859 -4994
-5399 6898
7678 5387
-5597 -4719
-2603 8892
-9771 -1882
5115 1698
4420 274
6186 5621
9764 -939
3554 4329
3102 -1818
-1099 4457
1069 -5818
6292 3294
-7046 5724
7261 3101
-1434 8960
-1431 -1445
-7722 3874
5926 3443
-5750 5167
252 -7926
-7642 2550
-8660 659
1695 1650
-434 6136
-4164 -6348
-3438 -4603
-8331 4571
3717 1358
-6750 -1222
4217 5215
-2971 -666
1703 8186
-2090 5895
2353 -4205
2100 -7266
5884 913
-5005 5999
6294 -715
430 7659
709 8049
559 1987
2696 251
-6192 -2199
-5506 -7763
-7075 -1761
-9165 -3130
2418 3289
-394 -8032
3419 -3452
146 -2367
-1407 4838
1539 3553
8175 2280
-5605 6701
5624 4547
-6629 235
-2351 5916
-5239 -2202
-5738 -826
-4077 -5082
2439 3739
3204 7482
1709 1635
4472 490
7167 -5332
5461 3019
3528 5182
5076 4302
2058 483
5778 -4489
-4068 1175
4971 -193
3149 6660
8974 844
7151 699
-6513 -5829
-712 -642
-8335 2692
416 -4532
-1852 516
4721 -2987
-2340 2302
3585 1078
5242 -3873
-7188 -755
-6687 -1277
-3347 -2618
8965 -2558
8552 -1309
-6995 -6707
-7351 -1344
-5772 -2753
7140 -2226
-6768 2601
-2683 6347
-805 4757
-7113 -805
-1329 4668
-3489 -7124
3015 2532
1538 4517
-7496 243
4797 -8088
6014 4513
9191 1961
3742 -6419
-6432 1378
-1727 -439
-6466 -4994
3217 633
2096 9165
-3099 -2355
-7743 4581
-6178 -4400
-7515 4362
-7979 1679
-173 -347
246 2198
-16 7794
-1694 -4808
6752 -2539
-798 -3347
-968 9126
-5211 105
-6534 -991
-1643 -4306
5115 -2999
1111 -2082
2173 8711
-2278 -1308
3945 -5552
-8732 -4305
-5997 614
848 -7613
-1157 5237
-6987 -6995
1522 5830
-3337 -6304
-1621 9436
-5818 799
5986 -1420
-449 5749
2139 6317
5747 -4461
-7023 3831
-2769 -7261
2647 7743
4980 1818
-2748 1797
5213 3584
-5090 6839
1153 -3441
-1208 -5902
-741 4477
3955 372
-9582 2761
5765 4293
-6192 -1514
-4949 3084
5840 7512
-8767 -397
-9888 661
5851 1946
-7317 3334
-3282 -7945
-8078 319
3177 8404
5403 4680
-5590 -1444
-535 639
5334 -7959
3614 6132
-6736 -839
6633 -1476
-1610 3475
761 -5334
593 -186
-2110 -6559
-8051 -298
-3548 3573
1632 -6011
-6204 2188
-5371 5343
-3175 6498
1151 -4826
211 876
3702 3371
5266 -438
-2160 7232
5242 -3579
-2403 -4889
-4515 -5768
-994 -5393
2144 8888
8795 198
-1729 2247
-5842 4260
1378 3066
-7436 6261
6302 -2366
4737 4068
-1535 4084
-2942 7666
8445 -4209
5988 1626
-6505 -118
-8317 3758
836 5641
-2760 -2989
-2616 -9021
-617 -9962
-3822 -7481
-790 -1120
-7953 3679
9899 -520
7087 2906
-4831 -1757
4193 4062
-9118 -1907
9309 -2708
6785 6793
1309 8464
826 1282
8254 -8
8539 4610
1607 9656
7365 -4582
-4358 7910
-4021 -953
8523 610
1946 -8078
-2615 5484
-3230 -137
-977 1261
-7704 -2045
889 3701
417 -1013
3342 -2627
7037 5580
6940 -577
4353 482
7674 5604
-2240 -442
-728 -6425
1605 -2573
3393 3463
1035 1644
2049 2931
1079 545
-1651 2699
-3445 -3848
3613 -3182
-4158 190
-424 -7000
-9701 -144
5730 5223
-2261 6917
-4705 2483
3881 3194
-848 111
-2950 -2693
-6845 -2678
508 2935
-4562 6012
4843 406
-6915 -6052
7013 5638
3719 -5518
-1757 9751
1871 -6197
5649 -4273
6824 -3621
-3469 -4404
4151 -3443
-4443 -2858
6146 6148
5462 4938
4222 -5328
6545 -2593
6949 4261
-1964 -499
-4325 1080
5055 -7729
8988 -1032
-3180 1316
1341 -3731
7007 -567
-535 -9878
-6518 945
-9364 3374
-590 4165
5596 -1492
-6621 -4205
1792 -9299
4272 -4659
-3542 7202
7459 -5437
2725 2320
1378 7779
4875 7555
240 -9136
-5206 3110
-540 -4235
-990 -3446
9261 2462
7427 -6284
-336 -6771
3271 -5753
-6036 1740
-3915 7184
4919 8067
-1075 5024
-184 -3196
7956 4497
2993 -6987
-3633 5377
-838 -4837
-3133 -4778
7130 3918
-8531 3011
-3884 -2835
-6025 6329
4572 1843
119 -2217
-1067 7763
-6609 -1562
-4689 7879
-3018 1165
2738 2584
3444 -4861
-1192 2552
4535 5482
-7648 1343
3994 7508
907 -2541
5202 7531
-3004 -1888
-1660 1907
-3345 -2577
-4000 -2630
6388 7678
-5905 -4025
-5363 -582
205 -9989
3083 1360
4630 6410
-4000 4201
-1743 1010
2537 1901
-4272 8165
-255 1684
-6986 -6410
-3919 7632
422 -2791
-5395 2000
6020 6180
-3174 -5584
-3359 4178
2900 -9312
-1043 -1417
1755 -6380
6335 5260
2387 7716
2930 -2185
5113 -2700
-5241 8270
2864 -5141
4401 6897
-2228 7613
4723 -6796
3336 -5042
2810 -6577
5507 3674
784 8487
2031 -1081
-1711 -2849
3836 4581
-402 -797
7107 -6874
-6520 2282
-7514 -1906
6932 -5895
5743 -7158
-1557 -3726
-1651 -5733
2774 -511
508 -5509
-1195 -8087
-1330 2341
-6545 1956
2171 -6193
4023 -5811
-4190 6181
4291 -1023
367 -7170
-5590 6285
-6563 3239
-1941 -9427
-1555 -7919
9164 3596
1828 -6973
3195 8601
6223 -4665
8847 -2445
1767 5406
-7032 -1335
-4850 -7237
-1215 -7446
-8015 621
9273 -3385
43 -7817
185 -3082
-7194 -1552
-9258 -3169
4656 3343
795 386
-9078 3416
6679 6564
5413 62
-505 -2814
-3355 -3376
-1857 -1912
8302 3001
-3523 444
-6049 1685
1782 -4090
6995 1315
-4546 5595
-4785 1137
-6489 -346
548 -9875
-3705 1374
-3967 -3416
1515 4286
8682 -2054
3754 -7665
-9402 1031
3391 6791
-3009 -5133
-622 5774
3044 -2665
-781 -9362
-9200 1605
-3791 1157
198 -7547
-5424 4261
1202 -5469
2704 -5448
-7574 29
4023 8975
-2357 5638
-4741 -2602
8351 -2090
1692 -6539
9403 2623
3214 -7184
5099 2874
1213 4205
-4747 3267
-8809 4558
6402 6505
1803 3629
-399 1558
4541 -1583
29 6199
4662 -7151
-4267 4838
4545 -2746
-4455 -887
3983 -3279
6206 5262
5638 -5553
707 3446
-577 -9862
-6420 -1439
-2051 -9004
3342 2926
88 -2185
2738 -2872
3104 -6695
6562 7016
-2810 -7424
9814 180
7543 -566
-4231 6842
5487 -1297
3515 3477
6825 3741
2548 2299
409 6906
5126 -6441
-7738 426
-7918 -5340
2182 729
-4387 -195
-715 -3510
-224 2367
4471 -4633
3360 7413
-5497 5769
-1173 8869
-7428 1852
-8321 732
-3494 7595
742 3560
5109 -224
-7928 -3130
4476 -738
-5136 -6395
8073 3904
-1639 -769
1750 3492
1918 3761
1575 -7667
1298 4853
-8337 2798
4445 -3512
-7015 -6098
1541 -1871
-5909 -2969
3085 -9407
1882 -780
1923 -7112
1087 8369
-5588 6483
-5404 -4760
-1626 -4154
-5278 7934
-7482 -5073
6116 848
9745 -214
-6463 6732
-2420 -8877
-4253 8007
-5044 1287
4723 7583
-3617 6874
1853 -5031
-9495 1325
-7594 3321
-1806 -5397
4445 -2119
1627 2139
-2567 -2278
-120 -9320
7224 4505
41 597
3236 -5408
-7065 -7069
-4596 1420
-4343 -4165
7617 2564
-9220 -3315
2414 -2836
5964 6547
4344 -216
1239 -9546
9374 -427
7572 808
2767 104
4647 8465
4517 1240
-1608 -3417
1494 640
-95 -7350
1306 -6136
6166 -3868
3436 -4710
-1633 -7246
2952 -9051
-689 -9268
-6342 -5214
227 306
3226 -6599
2072 -3858
-6339 -3972
8298 -400
8148 -3156
4273 -8927
-8803 3723
-7898 1900
5012 7166
-7867 -1459
-7013 2235
390 3635
3428 2170
-1150 -407
7598 -6243
2152 363
-8450 -3144
2929 -1810
9308 34
7607 -6338
-5294 5516
-2932 -6828
-1030 8369
687 1995
9547 -2182
3214 8728
6676 -1115
1035 4115
5775 -2773
-3830 3892
-5176 -6878
99 100
6874 2027
-836 -8797
8652 2758
3603 -5941
-1148 -1195
-4611 -6482
-5810 932
6379 -7394
-5728 1630
-6811 -3362
9076 1736
8679 1603
636 6225
-4131 -5656
-829 5519
5490 3833
-6691 5534
-5714 7166
2761 -8620
8517 2397
