5000.0 8660.25403784
-1736.48177667 9848.07753012
1736.48177667 9848.07753012
-5000.0 8660.25403784
-3064.17692491 6025.96054219
-1283.07143365 -2761.38066279
7660.44443119 -6427.87609687
-7660.44443119 6427.87609687
-3790.82834471 2825.68198673
-3811.52017959 327.967494185
-7660.44443119 -6427.87609687
1736.48177667 -9848.07753012
-5000.0 -8660.25403784
-836.75085121 -433.347893346
3820.55815055 2992.9776569
9396.92620786 3420.20143326
-9396.92620786 -3420.20143326
-9396.92620786 3420.20143326
9396.92620786 -3420.20143326
10000.0 0.0
-3104.53210611 -1377.29092979
-10000.0 1.22460635382e-12
5000.0 -8660.25403784
-4882.91186119 1887.60343277
7660.44443119 6427.87609687
-1736.48177667 -9848.07753012
-3967.20084156 274.874601431
3563.68838304 3886.48181537
-741.390960177 -3140.11136546
1192.85679511 2733.62945011
