-269 7399
5989 -2376
-6891 5483
-420 -4625
-4428 7638
1631 3512
-6392 -3490
-2907 -3102
-3752 5205
2915 -7345
5048 -5406
-3239 -2011
1056 5663
-1090 -6672
-1540 90
-5504 7694
-8589 691
5210 900
1767 -2478
-3896 7454
-1346 -7417
-686 -8043
3088 -608
2388 -2180
-5758 -7975
1935 -1750
8766 -2152
-4035 9093
9764 -86
5114 -978
6313 -3394
-2398 2765
1094 5814
-9085 -1957
1598 1868
1890 -5648
-1544 -648
-9394 -2403
5891 -5873
4712 710
6433 -5376
-2789 -4194
-5442 -3932
2823 7591
6974 -3733
4532 -5170
8145 2248
-7486 -1931
-4466 4114
-2141 6914
8495 883
-4788 220
9659 -1284
1802 9490
-3152 -9038
8684 -4815
-8456 -3644
-3270 3350
61 7282
-7384 541
-6183 6484
-3475 -872
-8012 -382
-1222 2889
-2873 -41
-1302 7888
-863 -3327
6114 6141
3723 -5350
-7154 1389
-5588 7927
1531 943
5813 -2619
8261 -538
3125 -9364
1670 6807
-1855 313
3475 41
-3139 -6227
-3529 -846
2686 -3139
8941 -2237
-1880 -6092
3026 1092
-1301 3764
2454 -5461
4199 -2176
-5298 4911
7854 -3150
6187 -2836
891 -4779
2713 3818
-4081 -176
2904 -7497
2437 7932
3376 -8349
-7483 3276
6602 -3933
-3447 9152
6554 -2479
