931 -211
-907 -28
521 -786
-248 911
511 -754
-814 -537
883 220
214 -941
748 583
906 57
199 -938
276 -900
-158 -915
-800 -574
238 960
-952 -124
274 -914
51 957
-592 -767
962 133
901 -312
986 -40
864 393
-815 521
924 -233
41 919
-974 -134
-598 -702
831 -530
872 366
-355 -854
105 930
67 -963
-867 255
-664 632
-820 -526
951 158
277 -949
-557 -712
654 -753
899 -224
763 -496
112 944
-413 -808
739 541
325 925
-588 -712
-377 825
827 -445
437 898
-157 937
478 -799
-248 -923
195 979
-274 948
-887 317
679 605
-594 -767
927 -169
333 -840
202 -974
574 773
-336 905
562 -761
902 -225
960 -275
733 535
-86 -976
-867 411
262 931
-266 -954
382 874
517 783
-234 913
927 -15
-679 -717
-720 -629
182 948
-694 626
-213 915
-697 -673
164 -924
349 -872
-646 704
916 320
16 -971
-589 713
-642 -658
-339 911
-905 -69
781 -559
-756 516
377 906
401 833
677 -624
-295 868
425 -806
-721 686
709 629
-916 -181
896 -327
895 430
920 -255
-864 -329
261 -952
-177 -958
-388 -873
851 -381
-132 -940
-956 188
761 621
-797 542
58 -973
985 -99
891 -229
976 85
-745 560
201 -973
-626 682
821 449
-865 385
457 -829
396 -816
387 849
13 923
781 448
774 -603
-645 -736
-296 -929
-45 932
-42 -904
-299 859
923 228
131 922
595 -796
169 -937
729 633
-760 575
908 212
-908 38
-600 -764
-629 -681
-868 275
900 337
740 -668
859 343
-798 -552
-773 609
-857 -326
213 -935
-208 910
789 -439
-117 -947
581 716
-323 849
191 931
-326 -871
-750 547
-590 -680
-380 -820
-679 660
-463 -829
-889 246
-921 -139
-745 -618
676 -673
-428 -795
-837 357
842 -438
848 488
-884 242
-801 -422
-588 -788
-902 82
841 452
-932 -199
980 110
762 -560
889 -419
859 -355
69 947
-819 -450
-648 -673
-331 888
-477 -818
-642 -649
340 -923
-124 -893
252 -904
899 -28
574 719
-815 504
-933 -283
612 700
463 830
248 919
-712 557
792 -604
136 960
931 25
808 494
-756 582
854 304
879 225
336 -918
941 220
739 -551
-935 225
-20 -917
-887 192
446 -793
-732 532
-887 -229
670 713
-65 976
305 880
-628 -761
906 230
457 -788
874 -351
-861 395
892 -247
-952 -14
750 558
-902 164
916 -260
488 802
-414 -840
845 510
20 944
-891 183
3 -985
972 68
-697 -624
848 406
785 -604
-283 941
-540 -839
656 -751
-671 670
-388 -815
131 915
-710 -557
900 31
248 942
38 -972
468 833
-818 -403
-256 871
787 531
953 179
-791 -444
-614 738
-635 770
-761 634
152 -901
545 -738
413 849
855 -402
900 -241
-941 -94
926 183
816 437
-261 950
487 -842
-642 -646
-981 -95
-122 -937
743 -595
-723 -663
912 310
-381 871
-955 254
690 -623
-501 863
342 898
-39 977
738 666
-872 -294
-247 870
943 36
969 -100
820 571
840 -399
-324 -934
37 907
694 595
-801 591
945 -249
-459 -799
-101 -902
-102 936
-867 -392
259 883
-945 -282
-221 -933
785 532
-928 -121
-856 -339
-978 -21
-58 900
-791 589
938 335
608 -756
-821 -448
91 941
946 137
-408 -892
583 709
526 -751
352 863
845 -381
-215 -904
-971 -146
398 877
-904 343
-33 -996
-675 -728
-328 875
-161 -943
814 -554
-415 847
-865 -392
-836 -380
965 262
820 -430
809 571
-943 310
-880 -233
732 -573
918 203
-871 310
-532 -737
746 -659
-927 -62
522 -778
271 -866
321 -848
-902 410
803 -536
-388 836
899 -423
885 321
-454 787
-963 162
314 -927
982 -141
-222 954
965 -177
870 306
-690 -649
-885 -280
152 890
123 893
-654 647
856 -288
-28 -921
-242 955
886 -287
365 -828
-387 917
-712 -701
758 -596
-828 -433
866 421
-850 -431
-661 614
-98 903
-768 561
757 600
653 662
871 426
-512 -763
-929 229
-440 803
-987 -2
-126 -950
809 486
-856 516
-709 652
224 -887
-434 857
-968 188
-611 -771
-911 83
-809 -494
-251 -939
915 -301
852 455
224 888
-6 993
-942 131
-728 -674
948 -85
777 469
887 176
-620 755
-878 -373
93 -987
461 810
-972 -180
113 921
-891 249
-756 505
-830 386
941 109
740 669
-69 -989
-274 -939
220 -922
946 61
686 638
400 -807
-849 -471
-914 -337
-608 -754
804 -500
40 919
942 239
-640 -750
-951 -77
611 747
896 370
982 -81
-167 -942
701 608
40 944
858 384
1 931
865 376
764 499
860 -318
592 705
682 -676
-308 902
-606 768
-526 -820
216 910
191 -965
276 897
-861 490
211 900
483 846
964 -177
916 -174
-574 808
606 -702
-887 356
72 -989
28 934
974 156
602 -676
555 720
713 -671
258 -960
60 -981
-912 -385
-359 -835
250 -882
869 -458
464 -788
82 -912
-129 982
932 12
-663 -727
337 -914
929 234
697 -710
890 164
-798 -497
-945 -120
-642 -765
291 -888
-913 62
-58 956
856 -292
887 -367
923 -341
-885 400
866 -353
35 -959
-740 568
-596 -764
-113 975
847 -334
-490 767
-47 951
537 744
107 -958
510 799
-246 885
-766 613
-845 419
-249 885
521 -778
970 34
-957 -120
972 -21
-324 872
-495 823
