-3894 8823
-8666 -3293
-9921 697
113 -9160
8050 5569
-8151 -4339
-9389 -2179
-8035 5768
-2130 9101
-5666 -7638
-9639 -2592
-8093 -4208
4785 -7938
-5765 -7419
-11 -9177
7003 -6918
-6038 7056
-6044 -6733
5776 -6986
-9438 2052
9490 936
-5710 7349
4865 8291
-1749 -9400
-9186 -2472
-6838 -7006
-219 9252
6973 -6704
5360 7863
-9627 -788
2577 9223
-2169 -9236
5594 -7607
1625 -9467
-6977 5731
5322 8097
6337 -7478
-9026 4166
-8972 1728
-3973 8364
-8881 4555
-5663 7887
3176 -8698
-8186 -5186
-9083 -1931
9326 2267
-3348 8671
-1894 -9219
7547 -6266
-6567 -6460
1706 -9744
-6528 -6709
-6679 -6529
-9311 -2628
-7892 -4560
4582 -8457
15 -9048
1138 -9515
2850 9449
-5560 -8038
8349 -4389
8223 5141
-8040 -5143
1701 8928
-3867 -8736
-7538 5239
-9645 880
8415 3228
-1922 8843
-8943 -3090
2220 8897
9117 2053
-1103 -9668
-7877 -5952
-6948 -6472
7743 6078
6946 -5843
2417 9164
8863 2410
-9031 -988
-5662 -7189
5965 -7395
-9240 -3710
-2203 -9509
-2323 -9183
-4114 9054
-9564 -1095
1319 9613
-5188 8459
8400 -4137
-2387 9660
560 9392
2568 -9231
-1449 9355
7063 -5863
9370 -835
3216 -9081
7120 6564
-7732 -5346
6191 -6535
