8886.48914611 3393.44488948
4757.08392184 1801.5727867
3476.2507115 5641.18640944
6260.12599972 7897.9581314
8574.22331074 4297.00824773
2923.27794143 7006.71639437
1776.92804463 5026.80036874
5307.1612514 2892.04439573
1735.20166667 2783.42632618
197.526652074 1348.42273037
7275.8424397 7329.85611325
6354.43725362 3420.53399882
4549.69607971 8356.25731272
5135.96000219 9529.87158751
2954.71065612 1820.52521966
9933.6593468 7322.95941548
5132.2671404 2287.59626247
794.583361282 6094.62705917
6918.28298782 4794.03146466
2798.81332156 5433.51230166
8974.15507255 3735.74715685
4455.78923457 2936.72891104
1012.84085034 8258.22584096
69.1463215363 2150.18822281
6926.76962143 8995.06899691
1507.22800407 2943.35124032
7671.50177557 9132.35479772
9354.90308563 6375.66060229
9188.19845384 7470.70200022
3363.25048937 223.757779537
2557.47770384 482.990029676
8562.74354044 4654.3630509
6167.37374625 4039.13582269
9145.90854552 6204.6364872
6267.99544367 923.689498982
3377.85903016 2889.63104141
4273.36982592 8289.67025219
4845.28098532 9239.65449042
5051.90706217 9394.95954689
8261.23724772 760.47825759
1404.35608835 6449.05666784
7148.36796702 9579.75839843
6582.70707291 7132.34262229
5844.42046152 3501.00159045
167.260612924 7027.59638727
713.789750235 1118.90414764
1973.58633855 7242.91562049
4169.28474309 6435.21881078
1090.10276945 9445.01653457
760.982254639 2094.82977636
235.828834938 35.0362534202
3271.5110195 8442.77237843
321.12920722 3818.62109596
8459.35866505 1452.48456715
1488.42739473 411.661933009
4289.79722405 5368.628437
645.824185391 2196.19575277
589.373155944 4424.52468861
5400.85278533 1837.39048733
9397.32821526 1221.78726845
283.458867384 4761.06495915
2061.30817116 2986.0187272
4990.55323959 3927.12652244
6381.38673359 4078.69200039
4059.21854112 282.890928256
5503.81805894 2774.97447874
3591.05937913 6349.68118905
5868.26739753 4225.93937512
1686.72680569 9155.33890686
9553.18014378 7639.33896535
5660.17888613 8425.15813323
294.181999443 31.3915243196
7542.9950709 7593.67130853
7817.03036628 5176.37105697
230.075785091 919.612789991
1393.04863673 2489.2710264
6717.9922971 1402.68427586
8559.5927707 5006.21525165
1078.04366556 4059.29140222
776.897678057 837.659130695
8083.75410637 5297.78796441
3847.34717984 5015.32364188
7605.27516422 7078.71430946
254.854684987 1795.92337758
9641.90183125 7924.23211514
6943.44925627 7332.19646921
5706.13018997 6325.42409927
7423.95221242 8829.6869321
9206.75157833 3286.68746077
9256.68401614 43.160066951
6077.1891381 1858.69957989
2388.46999868 5218.60978268
8029.04305271 7543.95248226
3990.72635382 3068.25170292
3685.29990832 8781.11635827
4078.82175108 2299.96220374
514.945184337 8790.69958657
624.619065666 9199.9384719
6295.60013698 2953.33289526
2781.57363289 7187.94404309
4822.66629701 2627.84080578
1882.6492204 739.588514678
8796.53407556 5846.25338974
1722.74452022 967.244786715
4400.62681164 385.250328257
8471.61237376 1091.1107353
10.4550700652 1680.82549065
2444.73472873 4543.75346398
8611.94749634 2220.72602668
1044.23156336 1121.89532852
2413.51884641 2819.22330206
9079.7388928 772.34974098
2639.50450666 9655.40180688
205.685245481 2472.69554642
622.167106155 3827.8152721
2566.24989647 3292.35923247
1879.95885705 4214.62614504
6209.08617784 9310.13407042
1951.30996088 6693.71636084
3821.57063656 2135.92121941
9461.05456888 2285.43393299
1332.62766539 2089.10709507
2030.18038609 2462.00058914
562.121592834 9890.3649328
4752.57372323 5926.71784184
5412.71457889 1899.13267106
6384.67496764 9025.12356726
2751.51040707 9860.45480629
