3519.2105245 5645.55315974
9629.03938724 3873.85257577
314.070027704 1120.05573891
1570.57782137 4878.2146501
1793.23104522 5111.933081
4987.0092131 6297.34642217
9998.86512793 9140.84228623
2810.04491763 4180.26466098
8780.36153014 138.818049193
854.98329046 74.6924391463
3271.70435071 6865.81698861
6898.49072741 8349.60964873
3521.87308205 1839.95408565
373.960285881 3674.48359857
4492.28657881 7880.59736891
5355.36830046 8127.07685353
7640.80346251 2013.46697634
5697.93232423 633.885000541
6584.05866291 1500.51639658
3328.98919641 6149.01963994
860.34090797 6195.65521482
1706.4617094 9101.58682524
8780.275627 1687.38173667
477.967453933 4042.63195462
1787.82359577 5781.5420506
5947.99222913 2380.02508164
2693.24172374 138.136172606
4922.55933698 4039.95662907
2136.07075658 6316.16230171
4535.96557492 9786.64466044
731.58175927 571.7399869
2255.50056234 956.27969447
6355.25441982 6509.88604949
666.865357863 8187.15264134
1889.27175858 9256.33998163
8498.00052824 9182.16917952
9012.20980104 7580.0637105
2688.88894726 544.789670545
6515.8974133 4907.73226481
258.072047773 4003.63530927
2902.08568346 2435.10389907
9139.71708443 991.340769458
1195.21913565 1763.28358144
1052.37994072 4595.61264023
9114.64839841 1281.41089019
9202.61741152 9594.63213577
5749.1124982 4136.801383
2996.69367611 1268.43599465
7132.05861408 7252.05909628
2571.27871841 2290.69187421
2976.93598995 9538.76831266
1607.96417523 4078.87856568
1745.33507109 3166.05293906
5885.61281608 1992.28919749
5654.32561297 2580.9633596
961.791660518 369.161350605
9128.24815188 5993.56134687
8032.0695407 9152.53095394
2520.93349392 3904.79775371
2704.21955377 8902.99758876
2650.55034271 6915.50022458
138.131999929 7086.56520654
5935.54375487 2785.82287718
853.20124404 5933.88337351
