5770.35826946 9932.85111391
3002.79838153 3031.79201738
6713.2639326 1064.62501938
6572.53734883 8869.28957223
1506.11689002 463.741292921
946.190601267 9776.87065539
8816.97755494 7315.81344472
4458.9838124 125.481441504
3250.14620791 7263.36349929
9006.60182681 4659.25917473
1105.49142346 6981.87372032
8026.59524041 5053.80931234
1493.030666 2930.10380431
221.223710535 1973.07442171
2226.54257939 7583.54606305
4622.51090032 9479.02184938
494.123782701 4132.84351872
3030.01071948 1774.8064444
4782.73210511 8768.49512381
626.550141277 3325.8019275
263.743250061 5071.99390664
8517.07907073 612.118403639
1219.43870131 5358.26404401
3690.62752388 7937.55996714
7291.24606113 7018.31210124
5045.24906555 9794.11586752
6281.61926418 176.255067332
5316.01130482 3252.45381593
9751.98825433 180.875868163
8053.49357208 6000.45607946
6246.68807766 2542.94028709
2972.38644958 3282.21409486
3244.77893289 3330.11060221
1612.04465917 7472.26798114
7707.36341169 9363.22402795
6797.12973818 1542.36177645
8085.4308481 9342.38247758
3054.05901969 1914.28892098
9948.08376407 5375.04959589
2772.9719775 9177.69847374
492.917201608 7607.41063084
2395.5387026 7360.72306249
2055.47280326 6443.59049913
5118.05080043 7149.4972079
2278.99842783 9656.31961021
7411.26306969 3608.21705013
4500.20173998 386.38006573
1095.26452099 6546.52887367
5358.85526679 902.420791969
9669.64802014 9060.86642507
7417.52818557 4754.05054199
2980.41962507 1762.62116514
8726.29689891 3278.583846
27.4821252755 3712.61812511
4159.4637727 7243.4070937
8517.04591925 8329.53271028
5952.95154833 873.823327792
188.363101887 8960.0416558
4505.23788841 1456.86655773
5575.1775876 469.505911683
6191.50247038 1188.2963716
6954.98619464 8185.58910207
3298.12214288 4862.11230909
9326.88775238 3116.71112553
1655.3477517 6897.45074886
8272.86999295 780.138331383
7151.78324608 4449.6586316
6807.41232943 1549.77809132
6356.14655082 5013.11948893
290.279905134 5045.72919378
2494.68857477 9455.76787699
9535.8188061 5666.71931417
3545.38728838 8295.25133665
239.830796913 5252.84352877
4764.84618126 8003.85718867
1899.62927217 1649.66049811
3094.47339433 8292.63653034
9204.43764211 5965.35920973
2907.60868932 4750.72761941
536.850903348 1827.23583434
1863.17006688 3015.15867544
8032.90360718 9991.42706686
7215.41844739 2896.53473387
9976.64267701 9051.46348758
1882.58847063 5738.59822934
8971.50168507 8723.18331191
7612.8468061 7589.3478149
4674.80806345 3951.89437206
6457.3018691 1827.30083608
9906.82653998 5355.66926268
8093.03461286 680.662500643
2537.74863847 9574.86297257
5248.35629307 979.388503791
3972.91706604 5587.72857351
5968.3877159 9303.86376868
351.615672778 4156.3365425
8768.55011745 8540.54467681
5511.95354455 5301.29775341
4982.75932443 3914.88695072
1542.50432883 5524.14516248
3670.82085354 7413.47202753
8142.42978451 3573.7968431
9808.74096437 5897.20784185
60.1031703441 3138.0921614
2568.55727745 6205.14842378
590.337178868 3942.47313879
7255.55004609 9976.3189519
9883.35213518 7961.00406462
391.356117036 1577.0963131
7272.35770814 916.149388345
8871.09442095 3849.82206906
8401.62756272 2891.94455537
332.701682848 7394.35621259
6502.34501372 9709.61834875
9162.14099668 8199.94212623
5366.29767029 9056.55406953
2276.81556931 1973.66943995
8286.86857494 5852.15214909
7615.42879612 8573.61097649
2449.09312449 680.465150083
7558.43110576 9297.45190265
1868.3855935 5272.03205681
7442.72041013 7622.38929973
1131.22581778 8844.14072147
5047.24829485 7863.94948017
6864.14306398 3293.29640208
5062.04108911 2165.74321346
2400.08393831 5844.06780971
540.598300982 9705.4364034
9335.96233037 2185.33654772
2024.56325136 1598.64329402
1518.52924878 57.7980012173
1643.42546236 9906.06842815
9562.70083271 8579.70639486
530.437899551 9781.85830475
2182.46377721 6144.97737154
5084.02340837 4583.62098724
3352.94571254 6063.67598907
1843.04042839 375.166036336
9760.12415474 2492.24245807
6097.6000861 4754.60343167
7416.84071672 5851.57862314
9100.98875161 6884.48198442
1982.81188677 4451.47949661
2686.04525277 4003.15793391
3900.59471112 9690.44580363
3025.31462989 6279.00345135
1114.80692035 9317.22538941
5060.86577023 9772.55313071
3688.7063913 5686.40945846
2981.64621924 5878.75245498
4579.03799883 3485.69613943
3215.79077694 619.579661371
2370.82759888 7983.83185527
5057.15185536 9448.41118751
2189.52867046 1264.91255301
2940.08260576 8536.85849261
2843.63957147 9118.52903554
1992.28832589 8042.80114439
8359.32885836 9054.70261716
5450.3330995 8062.86469479
7403.35979498 817.651518436
7915.82324748 9900.14129381
7223.8092578 8489.89746962
796.377034306 2996.96632551
4601.52528383 7729.0743051
1520.35299794 565.03582536
2146.16328066 712.90089602
1711.08383579 2943.46312514
3296.47684674 2242.64217435
297.694458145 9753.22986512
9631.09948581 2122.31118893
8891.3196777 537.929644579
2450.26009306 2760.43023221
4124.90786384 4092.59113431
5909.9004285 5814.96841021
4168.59035403 6366.46885047
3565.2550846 8109.12623539
7586.32835838 1048.04786427
5294.27937036 4355.59675919
889.465063374 3259.63030278
4555.8809335 6772.96870804
5444.8056542 1727.00792221
1172.39182623 911.29698961
1630.92236753 1895.49211979
6015.4646959 6648.18868439
8345.3773949 2868.91428281
7906.68622649 20.9355921884
6581.40075625 7146.44824086
1289.17303628 7650.48028446
2921.51402358 53.5231016598
3845.70716037 4672.73082303
1636.61309007 7919.41653163
6711.58711498 6902.0765382
6355.15240487 273.498863228
2399.73510569 5427.28443887
9890.06875438 2877.55770139
8861.57582157 246.350064326
4832.61334024 2381.18188495
5214.50565612 3009.80057486
1834.57919997 2273.90836595
6824.73397369 8681.85750583
7265.36261289 84.7072577542
6119.12458095 2099.80189167
5028.94170524 8695.27679533
5303.1629339 3135.4147879
6196.6286598 810.479537263
4472.81545746 8832.50696918
6864.01418742 2262.85161494
3936.52765014 3066.9855012
1873.81963251 4879.14896404
7983.01663914 9697.44950568
8592.14621783 621.862056999
4191.11591269 3834.0819097
8973.40416162 7231.14202987
7527.781679 1255.10521528
1199.55719609 4539.41251171
7442.85339805 5802.19830156
8677.01186828 5572.05396207
7224.32670313 783.814756711
2402.44679536 7145.85337552
3521.14539205 7872.42969008
9352.0813308 146.520264261
5233.97778949 2717.23113875
6122.0401321 7963.18795164
1893.9472474 363.550679108
3946.76968898 5295.07198846
5778.83854604 6554.90326191
3135.60253672 3223.92351009
1052.71502382 9132.34558027
5133.3412102 3012.746587
1776.52945088 8588.13176803
8439.97446698 9927.52234638
3744.20922805 8597.95603299
62.3237542281 7981.57148879
1464.98568385 3387.60646669
3074.78617733 6769.49546778
4195.83142997 2658.21338046
5057.49668899 5684.74139616
5778.59616859 3279.88153483
6936.57272714 2680.61831656
3993.86258395 750.139976949
4015.76251897 8981.36007855
6608.37449623 452.677095213
2042.95455342 5111.6547268
3802.69016089 689.40635857
2179.3416681 4809.73186945
551.745438425 9260.53682729
2178.57471131 4059.20605559
7999.80519218 2925.98378388
4764.80780542 7150.04256894
5460.29851833 4718.32690078
1041.48631193 4213.66801724
3586.40807379 1660.63869773
3651.53320173 2513.97273864
9786.66987812 1915.07014115
428.030573811 6654.15866986
3193.95205082 2380.84410027
1026.88874633 2399.92627244
6162.69586819 9937.72598684
1405.72375381 9786.04574548
4785.57648183 8493.84726544
7172.72106736 6168.27784119
4970.15665807 8267.20519219
4930.97736329 5914.12806579
5400.59220728 5417.13518997
5134.83704647 9298.36893
4523.12684192 9470.61034629
7275.03613028 6347.41123052
6058.39955478 2003.85827357
3102.58620712 9281.15086496
7685.2997251 6581.6395534
2089.41588548 3322.93835516
7959.64366051 1502.82804653
9782.91781588 4243.25475816
18.8186615845 3256.20256953
3142.26547474 5441.05307576
8544.00516766 6081.03728494
5371.74842038 2552.74121587
8707.52566805 2367.58871075
1195.34802349 237.940313307
2001.38230467 2040.33735827
2518.6822993 1188.9238927
4474.15069066 2701.38119831
1382.14700659 899.269497583
672.359447753 9520.37362324
6694.88785339 2395.63267036
8938.43572808 2790.90281261
3451.2914002 3113.77720252
8882.66979362 5098.49937722
534.215519587 7765.09070631
1863.80315562 5810.63488473
8450.46252855 4904.12597813
1191.72186752 2275.50460514
3163.8668268 8255.15971061
8217.05331619 6916.889648
772.83558438 8334.0269684
5588.26627968 8102.2005762
737.385117576 1968.64967554
1989.01451501 1560.89595899
7532.00548208 1139.10746484
4008.00407887 11.6930971083
8753.25805642 5394.04517249
9795.21303697 8926.11306467
5042.21176309 7157.74814074
1392.40489942 2825.20764128
1802.56369071 2043.76020051
5171.59976368 854.472877815
8023.079311 5452.27370636
5021.08382117 8940.11956866
3389.14089069 3409.6673392
2390.20584463 3356.34290856
1249.48580488 704.966636893
3050.63303562 2895.23341885
9006.72434081 1987.02229169
4373.39590905 9955.67657024
5165.50249198 2523.79147918
7573.70919517 2356.65519834
6393.66333185 8366.2220164
7195.02888835 1727.86126383
8799.56600498 4974.48236731
1813.98662528 1040.46324135
8038.75431553 8050.38910099
2068.84580593 8213.01534527
7505.58806083 18.0628592916
9317.33765028 5811.75614889
956.519061166 2766.29256065
4557.68389618 6942.42494001
5772.21627685 9534.64144287
3311.89127203 3456.4666868
6041.25959391 9831.2946996
3772.75347783 4208.8484609
2408.44599898 5227.39980721
8614.60664927 7660.0843793
7230.82873127 9323.85461694
8679.31028908 8200.95977991
6674.08301339 7828.59896129
9099.11320049 9517.26057449
7896.92881775 7959.3413863
2315.23176252 8334.70799447
4249.69657927 4261.51926232
7636.72784065 1532.88768522
4104.11308693 2108.85483659
575.950993646 2098.07490714
1276.50462985 5526.14103872
5829.92222494 815.360323532
2081.65680115 7173.20340517
6987.50749601 4114.26989327
6441.86278764 9672.39144978
2886.49633764 862.574879413
7413.72091643 3593.29379902
5833.54717192 2822.03503235
5.83131592237 7635.84932073
3699.16429716 2510.03600049
1595.60810292 2621.27922196
5186.10163332 953.161097899
4725.14687599 6413.16620704
4235.94648853 660.384344756
641.131738087 545.593301264
6670.18929364 5607.23883011
2498.35395494 6726.68132978
8622.00489298 4857.7530818
8230.24411368 9644.48500209
3865.80478962 9422.64915749
8481.09489483 5752.55639811
5148.49589046 9143.98336494
6599.79044206 2575.90056129
7203.8709664 8638.7080894
9530.80119751 7536.82362985
1443.19345797 2335.36669455
7848.79861108 8414.09398579
1005.8498432 1855.69840906
3306.07123377 9888.70444436
3997.84300072 2373.91489163
6804.58507069 1107.34062695
5668.89544256 7545.74585809
1549.98768572 1194.15614805
5702.63307951 2113.26215817
6230.98373741 414.47483759
3591.52214527 1815.58118388
6654.46595039 1715.64890982
5608.41778308 2895.25714754
6817.2157437 2736.30164734
5471.25239809 4306.51987603
7730.59974064 101.665958063
125.118457733 3771.77701644
3137.21204053 8859.74166204
8486.12369867 4814.49635024
2793.38586091 3696.40570525
9192.67850554 782.781196384
7805.34453153 7244.47600428
3276.36589594 5723.06861268
6365.53508305 7028.96862533
378.478694273 9010.47567583
5751.38526946 2123.91922314
5350.13591919 6580.32013805
2153.60650606 9558.36937363
8676.6108661 497.736213477
4883.18664738 4053.58268128
7565.66658852 1371.35611618
3650.92448032 392.282310092
278.700796679 9623.29875554
5802.72838684 6917.6562623
527.753468894 4138.19992263
5324.5179601 8758.70887521
994.306944001 1400.70633927
693.019872954 7249.98441865
3877.30861964 3011.71470133
1835.53580098 6183.36419361
9169.51894942 9315.77256369
8752.68598513 3454.91748364
4702.03652729 9906.35011143
5524.27805426 9828.08946882
7901.57708265 5087.07603774
7992.84503065 3321.67122157
9337.30216021 1260.14851837
8610.7776336 8873.72389316
582.565593634 647.893087491
2964.90071933 7787.43984213
9288.91503679 7608.28034643
1551.22737815 8951.64242236
1487.86957121 6240.35690806
2586.04453465 7422.98769997
9148.62003271 30.0879458722
5607.97771956 3626.13480216
8118.51683125 5918.94982085
2943.97183988 7038.31631262
5420.77064138 2630.0225853
1455.12572602 5675.98301997
3367.77887226 5923.22269305
2454.1919706 1131.86886558
4414.86086316 3043.69035139
591.174278555 5577.64135485
5844.53543934 1431.49647327
9899.80061818 5842.22964395
6380.17694413 44.8475877896
3033.86908023 2182.47213721
2277.60211563 4344.98138117
1147.59789223 9943.2345309
2002.14195909 2044.37719103
7252.44882877 3531.41293059
28.926968979 6476.22734659
682.498296399 8508.30223274
425.544138112 1797.6079064
4085.78244773 3957.95668791
8860.20606958 1079.09317632
335.779642186 6799.49091481
1922.4058633 2894.29515084
4039.96393554 5354.98695196
4917.94348812 4015.84859708
7250.95933209 5629.8210933
3063.03153063 8868.07078027
4727.74215722 601.146186473
14.6751408574 3678.37908741
4653.97585351 9010.59939219
8939.90141679 3796.1149436
8759.80405569 5664.39853073
4867.69373744 5429.58694945
777.680450844 8118.61929072
7097.91975144 3072.85035506
3854.14395182 3271.00948795
9501.4250655 8661.63589336
7689.75013207 4202.50134938
1554.35137067 3809.24668587
8179.58154673 414.966005214
9424.32964706 7950.10974652
3985.71127888 351.195085059
2335.25319437 6272.48242384
4175.8661931 6898.1277696
6423.87228226 5882.44287628
7541.97448811 7745.09733527
5828.01865957 8464.6739448
3405.10491791 5109.65444412
6950.06641228 7070.65345733
126.17606338 2929.81525549
4691.38298501 2789.56960191
7021.04910133 7753.95233666
6900.60544258 4152.32351185
7072.72492733 1421.91630101
9519.18378932 7545.15597429
7206.32721935 387.435510586
6995.79414309 6574.37765982
652.267454164 7603.36462844
3594.62939473 5054.46328063
2136.6921564 9253.98786876
968.117747944 4570.27616018
8829.92301591 3449.61299331
4756.61490141 1468.90338147
6726.13713285 137.574552704
6037.64145897 3704.90525583
4898.83490701 203.976388744
3519.53654335 2793.89894574
2588.2789318 4882.00229744
1947.39869235 8200.1408518
3731.45822041 2839.96681585
8189.61087832 4061.75246922
2311.44860579 2699.05168138
4535.09892492 5781.06810296
4109.01579492 7097.53695739
1710.42356353 645.52838361
8068.63260311 8402.26747285
1513.19057227 8320.38217258
1707.63409704 8840.32393968
1686.12670133 2876.93641299
8773.22849217 1001.89495065
5964.71963323 5062.28012828
4643.0781552 5316.63292149
463.372149559 8535.91448661
8265.17742302 1828.10626445
3794.24460209 9031.9417471
9107.64722818 7009.3364929
4772.64081026 5795.6921197
430.863948001 6286.00936106
901.744755194 8256.45353505
952.913844743 6073.56058725
2161.66449639 1392.32192488
4606.88345293 5015.82959548
3407.60567252 1037.93711261
9087.51866412 6644.52800438
411.151296574 6456.38333493
913.635175189 4764.86190988
3399.28629848 3038.76472992
6837.52499504 8594.52503123
2823.91832903 8221.520143
6813.33385726 1652.15406794
7858.19698857 2815.55927193
4051.52715821 1213.69434819
3541.85221667 7126.7342012
7943.19642424 6239.6094284
3918.29654014 8916.87930825
276.362500413 4719.86670062
1436.76547991 4470.54307014
9744.91585504 9032.79148901
4485.81180051 5758.2742165
8368.62458813 4208.62721678
7953.12073465 8439.83900307
409.320491505 2222.4502605
6313.74073133 9997.58961837
4999.55951806 2423.79669873
43.0793316382 9378.39584934
2557.47777373 8726.76678737
4148.61182697 9969.52923067
2849.34425757 9749.72997854
6369.03365381 6762.70564525
4779.73649322 6970.61641758
6616.04899918 1275.32571802
2104.35864809 5051.23099678
2335.32214029 1349.54154581
219.151794004 2055.73191422
1867.50072986 2848.98581943
2431.07581648 6757.15380816
643.687928224 5490.99484239
614.852409835 9758.35945395
3807.03434281 6843.87029221
7842.9753397 9451.99016928
2604.05784425 8817.57938289
9181.99941895 8050.65446218
6250.33000209 1283.28469729
1213.68838049 345.582545528
4929.58716297 4136.15473382
5153.21193576 4830.48385195
7096.08672443 6395.32452071
360.966079913 1983.60802938
1340.99884376 6707.06027618
5112.55579466 3858.33929144
5371.93817762 8040.49105937
8401.86026906 7963.21527456
4059.41780475 730.73508212
9519.82151188 3526.00293778
5696.84647016 2804.80297246
5826.86624063 6480.69515993
7290.66115998 4846.173745
9736.31730812 6103.86285675
4626.6951488 6430.38938734
4276.16546965 7866.8693723
6068.91406636 4232.7080028
5635.73441574 2608.69487917
9688.37746207 7713.50269484
1922.7761757 7346.22745383
857.286578057 1812.86564962
8225.12441012 8470.05378915
1536.81228534 9381.79592448
8361.91189811 2657.88571394
4754.06595686 7752.26975811
5625.64491537 1295.06020199
423.973108471 1829.78843441
9724.78575729 8615.3266867
7369.9982033 4899.33979815
425.477880814 4200.80262636
6205.40936939 6990.20240662
6217.01349988 9855.75307211
8784.27731625 6143.22318155
6689.41782058 3799.7462682
1796.43602055 6909.16016076
769.4218917 1326.0124734
2187.42010468 1915.6962682
3293.27147104 8760.42401586
9706.40393094 6555.77148635
8441.39512582 2960.24520406
2205.16757367 5906.07684114
2537.65110784 5017.42338617
6556.47726792 2103.82001148
9588.54902662 6225.30474223
1093.80575179 3614.82387762
6299.82202936 4739.68411168
2450.96081095 4912.91038567
7284.54221864 8738.47025393
6667.49821428 6813.88031981
50.6993801595 6570.71105737
7478.02807948 9241.80300353
1581.03511023 1146.4392059
1251.15297052 2694.01925182
278.086833591 2800.4419747
6313.41042696 3700.07361423
5039.46645766 2059.90527224
728.891346026 8777.9057759
2016.44211161 4870.1158505
2030.2231255 6417.5641886
1034.52873789 5983.91125969
6462.07868823 9453.42136052
8793.35471018 9886.68310224
6145.98626575 8560.94031569
4533.7136946 156.941498762
8094.35688131 5004.4850281
7897.94850762 6392.78634025
980.298693563 3345.92895481
112.248930272 8683.68926516
6643.15223474 6488.69518514
1773.65527865 5465.92856993
906.510941762 193.557413696
9828.92208039 3962.83238383
5041.0529957 2036.65614284
3986.18018293 1980.89443599
2681.27026544 7831.81259561
2745.36103137 4683.70813262
432.409116859 2552.34868262
5573.73207589 5074.07605339
9582.8775645 1245.35679279
2912.31929666 9968.82365313
3311.41834338 6585.18500815
978.610410613 601.475736451
1342.77742223 7387.74590573
1533.90199542 9867.62685502
180.214300921 5820.13846938
5952.3152445 8064.08615997
3030.77834596 1338.27717043
3961.43206587 8825.64801058
2196.9926784 2349.10183663
3576.34192861 8023.78523065
5482.40321655 2681.57692296
5378.63635036 1328.47922746
8649.80132526 7390.5519863
2757.79022187 3363.38817379
2097.874495 4493.21235625
675.958707332 9582.50709369
886.135231091 8475.10844225
2944.63320553 8734.92868441
3119.93205956 8924.0745287
4189.30968134 6545.15242471
2645.79870908 9412.82784613
7955.95948641 8700.25009281
6294.00992388 1158.86246409
9831.97290209 7448.81159646
9588.36610782 1970.32662377
6060.60880643 2173.95988696
8447.62622203 5979.54946638
1234.63769131 4346.02729713
1138.33393001 9600.81457662
8615.61558248 2337.88917197
7222.69580081 3466.03052915
8128.03375132 463.109949633
1485.66065224 1090.8582125
2759.08990932 5836.61489891
5995.24534861 5938.87644197
9690.28515201 7549.92334297
1681.48014674 1595.28280553
4290.41952387 7579.85709815
2124.18631607 8719.32351955
3825.9691531 2772.18824561
6837.23105762 4406.49549539
7064.90777708 6477.18500527
8692.66075177 9193.6570469
2873.34257837 9506.55655936
4486.64627252 5320.57092381
4927.61093995 7570.26626128
1101.62767052 8042.20672736
2786.57495961 3472.12083068
2594.42953769 5819.88153626
89.5425512836 5752.85890287
6841.50652935 3742.29204232
3788.7638359 8600.33459516
3933.74086392 187.746617816
7687.13839708 5662.42282678
4267.38797966 9585.77068614
4322.80597636 5217.16808306
8082.90061362 8903.49670688
8388.18882637 6986.85523648
5230.77856258 2133.75746155
5917.11801089 53.5597777533
8708.07806972 5612.41107424
173.607307036 5807.99228402
187.521438159 978.830569094
6124.26632103 1465.09386406
701.63319477 5549.71039016
6258.36385423 2884.99127114
7745.69818289 5944.60048264
3199.39453236 9788.25378084
4284.25506975 3262.27989653
560.721397264 651.930510788
6811.78336576 5211.77332914
9010.46815329 4490.341725
2374.59467776 7595.42535076
497.531942946 7703.86110462
8154.44996267 4745.01916565
3212.73296445 1552.08860154
4489.33854537 4045.93320946
6899.09834097 4184.8252874
1995.32067652 24.4194978026
2836.85115002 6372.88756299
3500.53128642 2553.87085309
9260.71736825 6542.36719953
4005.70327908 2660.25149204
4098.32621079 6483.47130126
6519.18235453 6258.04301709
506.704497721 4429.82978512
8777.9261401 2304.48238657
1081.37808745 2760.57418499
9638.10844057 4953.32977477
8257.47890532 7819.35782407
5773.06917565 6703.20004499
5462.04354829 714.998167395
3762.85272565 5497.38894815
4630.63095013 7702.74543212
7936.51195377 1171.70891548
9655.47377127 5837.91116251
8824.01939238 8554.25760269
7034.01589331 1787.40460662
9180.12671406 5525.26616915
9915.20316667 9875.68810699
6632.20820902 9652.16294988
6553.53666208 1259.43951785
7585.30388964 6159.3888294
9705.50702172 7878.54660161
5730.00101928 954.41379948
614.781318277 6591.92800274
8986.21566344 4003.01796426
8428.60736383 8899.54572464
1113.78164046 9383.35547931
5113.34458845 9189.96275793
4367.65136682 6168.14182466
6531.73125799 581.146363648
7447.63201628 8873.10295638
5790.17786168 2010.39405922
5055.78761232 8746.88303345
4061.9555555 2.82563548297
3626.89711435 2983.54827985
182.042673084 1213.33024268
4032.23920037 3430.28949444
3397.99986124 8610.30786721
2427.88843134 7306.21836744
2609.3966354 1805.07754414
8599.05369499 3855.0730584
1388.0393959 9782.47648898
6313.44984898 2898.28887329
2118.48759697 4870.48418425
887.415138389 9354.71046223
8876.32840572 833.856889612
4987.73346876 8194.91653224
7839.17175772 3880.22724774
3189.50177201 7275.23268628
4167.70471501 6510.92730664
5153.42279452 2423.92197255
1887.86766097 7302.32977084
5387.8431348 2810.9094668
568.498722761 4227.30520997
8532.97628201 6102.95861142
6214.40544593 6983.76797261
9773.89469399 9719.7375616
9848.79199201 2037.62890743
6170.03009083 4254.15888531
1046.17635029 618.101922525
8997.40776191 8131.8497497
5371.93173471 2383.09889208
9956.58597916 1078.419687
1378.4105752 4152.08069181
4656.69075044 8072.3073582
6409.95229104 9379.26002725
7408.80099658 1120.11271906
5083.473407 628.880537053
8561.31188837 5668.46760517
362.895799441 8744.63245793
6815.67812339 3307.44104302
3875.8468185 6210.30115023
6362.62170816 3113.80957548
9646.01714427 1848.90569209
3002.49322648 2135.91847241
3432.05457315 9835.91053833
6929.64703281 9312.61392101
1001.98174273 5248.2056557
8596.65716512 5781.49678898
8154.71992072 8601.90743008
9642.3813078 5810.41149186
2994.68844641 7592.51835662
4777.75932697 2114.83326167
5789.6008518 407.063039471
4359.10314052 3679.01179553
9567.2333828 7784.72315918
2854.30564701 2377.15248271
1264.06115105 2300.54494257
1706.89880867 3553.31040108
7005.58995356 2691.96872255
755.870740083 2872.82246965
8556.36462568 3617.61571631
1680.32202035 2902.32158579
968.889875193 6901.00173115
1278.07833685 4111.88484479
8504.89822866 3057.80303738
669.907784386 8403.85849655
3027.78461562 5696.71525126
7729.97149549 2409.57549013
1677.63100862 4519.88205466
7385.83599741 7988.62305868
8926.84959626 6902.37880099
4658.38284834 4332.52171437
23.5144919923 5170.12904922
1410.63642627 2996.5722566
5444.23112635 6135.89356279
16.4286527196 8973.77285988
5640.88600782 392.452078244
4775.83407631 8996.21402757
5430.25560012 1249.09716846
7891.49713925 247.041618723
4626.50093536 3766.22323331
4132.74912096 9202.66814933
4765.83948836 9335.02170633
8747.90705199 8977.57389815
3525.49598917 3018.19766584
3369.92527661 7401.71175598
9550.14027927 7443.35151584
5882.11218541 5243.84456324
4760.41723962 7772.79818063
6694.34745202 5413.02753778
7151.00568214 1898.22931237
7481.16608224 5817.40255999
3967.47957777 787.477266042
4228.37869456 6665.57641205
5434.1568252 2636.38493231
6043.73847582 2971.09652834
5462.90687209 6070.18215111
8372.37818973 9388.06701525
7881.65927777 9120.25196921
4373.04634929 8284.73327441
2352.44789109 101.783851514
8542.6054907 7226.97861032
6330.09454497 1478.5826402
2089.96774414 3855.74204904
4189.50516828 8131.52983486
4177.30023957 2316.45516786
1645.3611916 8279.93680915
1730.6432626 6975.67944853
8278.48052162 1846.65191055
8733.95452841 2267.08756934
6475.61127373 533.080939974
8428.5736094 6325.16711739
9499.67778556 2214.7607746
4031.18745453 3669.40523395
1042.4439274 5727.94593576
6116.04264063 1991.27504896
8828.19433101 8078.68555967
2398.40741858 6711.15228027
671.312288302 1712.05801772
9276.64588951 2059.91243568
9375.27800481 392.339429326
7707.86955115 2372.83859023
373.637824392 7599.93260753
372.885471955 4069.52376401
4441.27040884 3883.28868502
6605.27911004 8353.14974928
5628.36605421 2110.85684295
4214.94461055 9088.32106116
7586.61796847 7885.44653816
771.284869778 1834.98901511
806.680912278 121.21106808
6993.40472807 1567.93782371
9091.3892225 4617.43239198
5733.50611488 652.418731228
6724.60512938 8161.12659651
599.675864171 1917.5386317
8358.76769164 1031.86558722
1387.64369913 7357.06500886
6504.49659779 4351.44044958
4165.28431845 2900.54581615
7214.53025695 7577.57830875
9377.03563885 9960.84767382
2241.44710611 7658.37845
1328.09859997 8228.6335788
6408.77585224 1630.98708461
3100.41508663 2676.1168992
8898.2757653 9938.58103628
5486.06705581 6904.24898372
5830.08095564 1023.9267155
1.36969832398 7784.77206401
7969.93699796 1349.08829706
4979.9164535 3760.81265873
6514.60067705 7446.27596578
9865.12577058 2558.54771318
1652.05977439 42.1198609502
527.778877452 866.482698365
7676.4819505 3938.39043199
2195.76205899 9752.26319581
5967.25130334 1293.29970403
313.505520129 5198.44472889
5723.04010402 8091.929387
6217.98754495 9039.61948603
3633.56215905 6961.10243727
6720.7840159 2071.94927984
2924.97715066 3889.39042346
9688.85811575 8029.88661437
1013.12212401 151.148598465
8707.58695396 9079.7115423
9987.51424649 6212.18688253
3027.07739458 8166.01561465
782.910450056 467.292050563
5964.20312952 1409.64197551
263.90459247 2985.40954817
7539.65279388 5264.0345437
4184.57321268 603.331869838
3657.75124326 4394.40718206
2558.78627746 8996.89351316
5243.12244118 7967.80661352
7739.55464372 390.55898527
2924.14482749 2271.77623264
4137.35998301 8814.25670593
6255.49256422 250.3912578
231.932669452 7200.36097673
4492.20191797 7058.54828854
8996.71632282 4620.42351673
4112.60974275 8459.82885582
5940.94193041 7814.43734204
170.576167346 6722.78324299
4792.94363719 448.222033159
8462.42988345 2197.04802071
3906.07423845 2284.05000358
1058.76696474 9148.23795175
7270.29038242 5103.76013869
9504.31366524 6389.73190944
5373.00239034 4786.39257407
40.2018253107 5565.93429582
3065.83193313 8618.11059698
4298.35474375 9457.136082
8945.30547313 5703.2592353
4380.72794647 1184.64514173
5812.9104617 7543.41770689
2736.19868216 4806.7734016
1325.10958237 2863.63176241
7059.2255837 8793.4749088
5023.29980013 6034.39103952
8020.52675831 5612.08854582
8926.37885256 213.566802424
6966.70516763 730.660962588
4073.15340571 8993.09150948
2332.26512492 4433.2796489
582.21962515 1436.49619957
9028.28665679 605.970072805
9958.21633105 6073.66323073
5739.0720882 241.970971367
349.578386628 3160.04765816
9924.89055448 1684.46193106
7572.43399326 57.1290271344
7286.22560613 9224.90037032
7512.10167689 6477.56226653
7253.76431935 5332.48092051
1284.23159777 4666.84841807
6630.78526346 5674.0297886
3796.70885353 2019.23276166
6876.5370887 2663.22701436
7226.58356083 4142.18163871
6176.9428724 5181.49172167
8203.42565662 8980.26735579
1839.73730016 3192.39645869
8253.59077417 780.195408224
8739.65952746 7158.2166438
1.0077422022 4660.203498
1830.89545062 5629.43502242
1987.60415294 4830.80424842
1880.57865328 7195.45006213
7619.53681497 8041.59950561
2460.73259161 6020.32234031
7232.99827645 7199.12074563
2588.57356437 7370.38307984
7849.27001971 3295.76698196
7278.32486804 6578.84177781
2472.22337848 4565.37196763
5699.31466055 5970.02976617
9797.6325898 4509.7215476
3193.15709237 1150.31423826
8111.61806194 6582.59261527
6714.2319835 986.050944974
6366.14895016 5960.20343237
433.063343746 592.760949372
473.729376994 8888.43243429
1734.72679775 4678.99051801
4326.72983076 2584.01332009
5954.27954072 1951.9544153
3.70345886911 8429.43353513
9579.27909346 4844.09011098
6350.58625856 3216.47505136
8242.4276137 8057.14146159
4994.23875671 1246.81754739
4598.79000439 9403.48628474
6541.36755169 7071.2364741
3263.09213555 373.432252916
1822.38106266 7858.83466126
4872.47489876 5093.99013042
7633.57844468 416.312906141
5211.91401727 1477.68590031
9714.66231424 6622.15411715
6166.53382517 4986.08234857
2651.9299692 7111.49019171
6779.83987703 9838.44483454
1426.66677762 4401.02465239
5373.08585003 663.234005803
1705.05527198 8653.47412846
4932.0342616 4638.18953565
8263.01220332 6252.17358958
2614.40674604 9556.11766523
9334.63968326 5222.78654565
6598.07758462 3334.34117907
5594.86143506 6933.21561095
3573.7880979 8783.24147852
1346.72526121 802.121265359
2777.10725831 1149.42253777
4662.4947377 9591.79782278
5894.67299425 2466.93393909
5818.51176055 1275.68867518
1312.46155124 8874.01855744
5022.78000141 284.929616929
5609.57140223 4032.54051382
5352.56739169 4742.10725557
8655.02201501 3954.76751704
8916.67699669 415.120984606
9993.46477408 3054.96204875
2006.4886938 5556.8566005
9908.45417727 8190.85079486
7765.89592386 3315.71713227
2648.99312252 7850.30984606
524.312288337 5664.20032592
5254.92596213 3210.20319584
2416.58570752 4271.40557159
7886.92776089 4955.43964496
3777.65780479 1143.46794152
9343.46541841 6033.27884878
3044.95325719 1604.51603277
9302.15773632 8735.5780221
1815.06201691 9519.45268368
2142.61177296 6418.52757995
2711.22175881 9349.67464956
7228.81594157 3465.87724567
9037.7895611 1562.79131198
3599.50707824 4684.73918597
6382.85879967 9087.19947906
7913.14220149 1441.95295031
3944.96465998 303.307361518
7836.44111515 4464.40175607
890.48411085 9600.8932255
7567.45277808 8721.3615944
2129.14120807 3556.18007006
8621.80237375 8962.49508304
8609.63488275 5489.88809562
5836.38996308 8903.68167189
7861.96479853 7695.2947463
4916.86922194 4179.40317438
7975.22009506 8467.12720952
4427.11624842 7261.66268944
4474.08386669 5957.33182993
4439.99581574 6951.85305609
8430.60152191 1123.3265598
394.369754358 6692.79449729
6232.04475014 6266.6449859
7557.55506139 7426.77688643
1686.76978081 1200.02028458
294.920405299 9489.58560626
6573.31082979 503.214065299
1790.95372644 2896.39204625
261.384312016 7057.43442838
7396.16762519 3986.51913463
2907.1679593 9918.28476442
626.255758573 5576.30260523
4789.04992436 6208.57025326
6037.32098783 129.729713089
288.768718566 4420.43123315
66.3278219438 101.115820995
6446.19592489 8579.29194671
1127.45524126 3208.6684716
6323.47031979 4429.10024854
5369.75744712 9691.32069009
4191.43033753 196.06703663
1033.62133522 200.020559647
4305.61120097 595.986169031
9714.19280936 511.483298129
8653.91388071 3734.43112627
4079.70282944 6680.41480618
2369.79567079 3692.84035375
2458.73675265 1136.22077569
7058.18895405 1404.76439361
1520.00358715 8117.52603318
4694.80974214 1554.61674872
4285.1086513 673.391803545
3077.1575584 1966.8699441
542.340125796 1333.55496029
7348.47976745 9984.4770318
6838.20877473 2483.33629239
7139.44062178 6708.80250465
6400.87586392 2762.51052221
410.730733851 3111.48011683
9179.32476693 3833.28138879
2789.52072974 8921.80139684
4821.87772067 590.67096904
2113.03965562 629.036304399
1102.99177167 8311.79098486
3988.02671542 1906.96631538
7990.13187087 9136.71813307
4643.99476998 140.855894659
7883.91444604 7897.03300296
3542.42532624 1321.90654465
399.708527981 3092.79057976
8969.5642917 4239.49167506
3350.83910714 2532.83011045
4988.648673 3823.0860768
8869.73497242 4328.16439571
2764.50343151 2604.62295295
3506.6855418 3932.7124132
2962.04816588 2108.83687403
4418.59394029 4661.75864184
2308.16893896 1744.27026338
7294.51712922 8232.8217086
4893.65219292 8284.44331646
6817.60463314 6205.23817685
7333.59899581 2102.81844621
9868.52261627 7435.35335659
4139.13042954 7128.99601331
8572.49784359 5616.03530604
9596.67387744 5362.4390204
2676.94803971 2652.75364432
3226.22362447 7474.00811669
7709.14798537 7024.19264714
1075.00872056 3544.85883752
801.028283199 5423.73498829
554.947500378 7264.5515169
7501.15899299 6806.18589308
3070.73159091 8057.69468496
4593.6154213 215.368750525
5084.79282225 6772.31941772
8371.28292823 567.12102804
3233.438666 9255.68513648
2284.85821022 7588.26269596
6356.63239456 5817.61557624
4940.19628783 7685.23036845
9210.26159508 132.803687961
4812.08888305 5182.33300898
6227.78735484 7137.51834594
9922.78795215 8891.57816117
1805.26973723 5756.1931185
7524.15717764 6016.85432461
8370.54331759 448.162598265
1403.72782916 7802.59261064
5835.20762177 9727.41900293
9239.83560452 2903.05314568
6518.77276527 118.422782084
2816.88850385 1357.76591339
2087.90851687 350.401786732
8122.7619003 5132.02772738
760.53831468 2831.82938621
704.442116103 9636.32254929
8566.38081861 5824.89252512
6311.05668526 3098.26877019
6518.64231717 3598.99948514
5727.0669539 8884.03634972
9129.00374087 1594.42137388
582.071383963 6635.35813525
4119.02401904 6375.65280186
7775.44646782 8645.11030446
6261.92761022 9359.71521161
46.784776036 9591.02401957
6587.84455347 1506.78198623
7818.07134662 9022.31655966
1796.17653861 5241.25536261
8256.6660592 6806.89552008
7140.61875632 9211.26386055
5896.02406643 3578.32438662
2410.54422994 5010.470736
7676.64147482 7174.64638343
4348.97679916 1134.82368944
124.760788381 2953.49155815
4715.44050361 1766.85047343
4452.82601374 3778.19836811
453.352237899 9634.180016
6337.83553337 1093.85069441
8983.93313335 5167.34695581
9492.73780027 4788.91166448
6239.2824223 6553.73622094
9612.90958847 6256.64393142
9257.56773888 6272.02191005
5112.92807534 7623.21387456
4863.21130381 6153.71520726
535.250999006 9425.85725703
4361.56784096 8839.07279133
2309.63098946 7364.81039323
217.627960531 3078.37184911
5003.35215679 4292.08110147
160.112762367 3117.49176007
1052.12521501 7344.40184864
6650.05885524 4021.3067558
9486.76031994 9915.3623523
3623.37981949 4447.70905498
9926.20220948 4240.64087434
2321.80254559 1681.42655173
3406.25980751 4911.3650582
5623.15304703 5199.82479061
5024.12684543 8508.0727358
132.213943382 7861.44401051
8851.12936949 4043.34329245
9974.87978196 7845.65559471
6613.0652805 3807.39569079
3681.21754856 7024.92617144
771.105129416 9994.80889935
6307.06502777 7389.37382002
6679.51519132 3362.51060831
9211.39631947 2427.95357549
974.220572331 4884.81520034
328.744618186 4717.46165035
3316.72593452 2550.22949475
5385.51090323 3876.97643194
584.387136023 3600.63489484
756.134302966 2058.252113
4769.61470274 4580.68822913
2647.18094069 5169.28538326
210.124394077 8332.11442774
5530.32404298 7689.76365776
9186.35985598 2582.86812381
5031.39720158 3483.47692458
6732.11405671 3275.50465375
9786.58153354 6265.21558103
9839.23157092 9415.53409508
1610.88359297 8325.25593574
8022.51438494 9848.88705103
4161.1001451 3399.75500101
3258.01418705 5222.58798492
662.374938566 5190.93846089
6925.19190689 4307.60690986
8059.89406027 9374.45106438
5920.20459276 4165.81692812
5176.75848202 1656.51681842
5458.84961782 6901.93872178
9841.15415842 3086.59972938
7387.02809374 1282.23845475
5020.76033388 1078.16332953
5523.07974262 7196.12229534
5783.74854423 8459.28873352
6946.90447956 2106.81370024
6479.82236413 511.438701721
2164.359703 6904.3038196
3912.14638191 2680.79610238
9213.63718335 195.582903993
9396.75952483 8076.36059857
2977.22863429 6308.39915409
3805.77393887 9232.02560963
4034.10101582 9668.62209926
7923.02248759 85.9043150544
7931.42919081 2483.67670902
8306.12055969 1162.77683231
9888.95755804 6969.19671
6735.65304375 6864.71148515
8958.55263558 4161.4895599
4704.03391795 502.228149945
4638.77091788 982.803697621
2754.69193334 9791.21806793
3609.34446087 6216.73207706
2257.14530278 422.429130982
4460.4746916 8695.02505523
1339.03312425 3813.09271113
6529.98613617 6946.63566991
6259.61082297 286.412218169
7563.85407824 103.803405578
9391.03147945 4702.16412039
3326.77778126 6434.52100832
7997.24605177 5512.75478533
6047.48243193 2631.89453374
7344.86595217 6922.86762282
3044.52419632 7602.79467048
3510.9342666 1517.78769816
9913.52298117 4035.18594089
5189.72844914 9196.34112511
5475.86148384 7515.58644473
5453.93538009 2048.39002573
3551.75482345 8238.2506364
1250.20039771 1717.8991033
3914.99457436 2843.63931626
1865.37914229 6682.98481511
3908.95815868 828.213220313
4640.71719212 5319.54989984
5165.66394224 18.5586532165
9429.42709796 5631.69107848
4862.06514579 3701.4945648
9448.05973944 4559.96885212
7451.32769177 9563.04078608
7131.48217092 5898.46165419
4483.86175199 1481.73984948
1021.35748608 887.73978358
8406.12804069 6319.07154428
3747.20750341 7172.00963219
7188.60649595 2131.50834362
9566.09583479 7256.24099212
2371.24459674 6293.9686763
3697.65235602 5208.91605813
1854.22223845 4367.73333142
3211.30105453 6455.29059073
1179.39556961 7753.44174927
9742.74671555 5635.82441675
6834.56176944 3628.34235214
7428.81997207 7766.48472457
155.459861275 5191.05975104
45.9540576068 8955.72244801
9501.37567536 2447.33340322
6273.99692099 2011.44895547
9224.85878328 9592.10719237
2924.09821209 4145.99257118
8796.961433 6105.26932079
3647.91702624 3989.54048005
4871.6312303 9724.72292829
1529.92655561 3724.34752411
6003.31773145 6463.57942608
9372.67329608 8856.94504806
9639.49678733 7515.69645176
9133.18705298 2917.34893035
8052.02229788 5596.94637706
3079.17313727 7856.04609743
4688.83733468 6151.04890778
6028.43238462 4500.44066722
3161.2663561 7133.82066042
396.426534044 8582.01240903
5898.87150515 3355.81940571
6054.83163432 419.35296362
4448.77274022 6104.6260325
8023.05468701 7474.24866224
233.827732211 8269.72775905
2815.17291503 5139.39268286
3494.34201984 1974.58421394
1281.02062045 2560.0389701
9662.21190631 9319.22562102
9461.93442505 8882.46085991
7764.92341829 6776.78613729
1477.18712668 2251.82798696
5136.51966813 4900.8235446
8352.07661833 8373.764641
8632.11381467 2067.25189924
2367.77432428 5555.03008056
6017.44409529 4932.44487703
717.286256689 5212.54859349
3935.38464751 3639.50165365
8721.69460495 518.216480686
5199.25633022 124.928227511
8056.46926134 3636.13065007
1873.16418692 845.811794404
4888.2333431 7222.64766537
2417.42265288 7284.14652163
2849.98503776 2102.45206595
6144.44295992 9987.31741045
5096.32467985 7533.98236076
1684.35101421 5323.63705783
9549.25993074 1125.43779963
5404.59420422 8526.28150268
6185.30944131 7802.63905228
3603.66763167 197.490207041
7747.45618347 2514.13087623
6332.62435546 4863.15287357
9270.12414003 5159.57398836
1925.61173338 1194.53718724
609.846028035 1351.22731159
9984.01369571 3970.81471335
9985.57379544 2630.15058314
7162.12608656 501.376795503
9303.44539724 7810.09820134
3775.82758742 8689.13449612
7788.98541306 6463.46732481
426.323293269 9047.88753091
8797.09690394 7640.00104108
9955.98916693 7654.70019662
8384.93975177 9937.671686
1511.79269227 7270.44364706
8195.92017881 582.489311801
5360.11826793 1344.10274593
9088.58791982 808.895080672
3347.43125101 2480.55962258
6922.04953586 1512.48724693
7211.87200582 5845.33299979
5553.8684321 3337.07947577
4287.42391489 8477.94124299
8645.23433752 4114.9260901
9043.12607755 7074.19404568
3003.29164003 351.331735299
8680.10815878 1704.82180472
855.446124011 6463.7508218
1675.73366984 1339.68102269
1206.39465042 4760.33044915
3398.67298719 9319.47548301
5158.11213395 3966.07814707
4879.53566845 7888.8379622
3724.46641232 9531.20643205
7230.79718631 3948.58611388
9042.40668845 6046.97434299
2611.14824132 1974.23729345
1231.62532049 3432.46080527
5652.76019477 3406.70100092
7532.61160769 8688.79598585
2869.53129022 2851.01031634
9025.56320322 5019.32766691
81.90537328 3594.50008758
8183.04696272 1309.02446123
2501.76863225 5299.02017233
2916.53960163 8769.23074088
6750.91058682 3427.81227132
9562.81163678 4144.81637506
5797.49395543 3228.70745468
6230.09844761 9042.09639233
8321.13303527 9403.53120259
1224.90016107 9831.31987514
4929.35621807 5519.00892798
893.911095146 8339.83221948
8065.09764769 1865.31034839
5099.044879 7897.99178654
9609.29925821 291.825709933
7609.43494734 4768.24381029
1479.31675729 8120.05477444
6744.7414269 5566.53971212
2101.8173534 7159.84893449
8602.82619912 7821.29872619
6272.79594194 3086.12853977
7461.2094578 6854.24380039
154.97923333 7267.07681281
6093.78229436 5963.96419041
5490.32003415 890.548294567
4507.86488452 1640.72916742
9865.42796935 7657.71049814
4799.41276972 6882.32304278
5343.87225667 6089.62804447
9323.92605008 3860.9948733
1056.86664539 1187.74023473
7661.14456111 4719.91763636
9077.82576879 5561.07634254
4778.60315616 4641.4815566
6609.71173573 7661.94938869
6889.42229819 5816.49393853
3379.99921151 6526.15333969
9978.24142572 2872.08175329
9828.18391651 3361.02626347
9906.68032367 8891.03835976
3049.750815 2740.74039381
3199.18506971 4018.1698985
4007.1191395 7068.21907064
3710.54530425 1178.68483002
6292.09384866 6196.56391953
5078.18435919 1055.49620924
441.408536416 1127.44982233
408.167898186 7575.23833314
5002.56673559 7077.31960358
181.013916474 10.4878878586
7588.20053417 9551.30372887
7550.36268362 69.2418526625
3302.21490812 5435.03327634
3308.88729095 2099.31873128
8522.58635003 4459.29263826
6926.49043697 7874.36194633
5516.59096344 4476.95494026
4991.51736706 8687.98130218
4827.42545202 5869.44205473
3638.42082612 7671.08439495
765.94308158 9730.92682517
724.589706987 1397.18380775
7659.95570033 3317.81223948
329.848450813 8986.84425871
9195.21485629 8641.16210387
1045.84593038 8586.95249407
7575.77041933 3209.30228689
587.804015557 255.715009438
7644.48997247 3381.24409443
9904.64524758 7230.49511355
9675.51952655 2472.89430465
7458.41739501 3587.47850602
3524.79067211 2739.86820702
9894.28471118 3401.38664545
9097.72555604 21.1643883179
9458.84302427 7493.23964812
8192.32963868 4171.74861049
536.651788289 7057.3232384
4161.0400705 2511.955969
2361.26043076 4319.16671296
1568.26191913 5180.17489433
2689.10330798 6534.02232354
111.693390877 3896.49217361
3911.4487882 9908.89562446
9880.58893213 999.108677653
1998.56918402 1338.75940185
1650.22285682 3774.95158622
6260.34473051 5546.81343113
4484.02140986 6801.51390229
878.725605786 4793.84638278
7247.60632144 5407.60573184
3247.75113609 1617.75925019
5648.76670203 330.862830542
9581.31826658 727.844868044
8370.65865945 726.022429479
4984.59627924 7081.91858904
5457.72270114 529.340360205
5422.76070903 8895.75734311
1083.23841823 2531.21782267
7220.0797286 5831.74898211
2215.3214064 1221.84879082
2564.50850077 8218.06441155
4880.37258751 3668.99269865
6929.46278196 1589.32891521
9244.51201606 4411.89131951
4366.37134257 9878.95345342
4149.42378563 8467.28555801
389.397039088 7442.04607515
5564.0299768 3952.89390135
8054.5272292 8658.87035009
385.40742105 2616.25700939
1535.31298738 6839.7321564
7753.96138397 9147.36153482
3967.22042519 7413.80855817
4342.2017192 4249.90053872
2922.97859871 1997.03869169
7641.81854072 5937.50195067
3672.47547304 2810.1285249
1955.91976483 7556.60685468
4375.33687533 942.252607737
6611.89198757 5007.45658775
1165.08456123 7995.11153052
1181.37185064 8279.59331
2586.96471104 1136.60917204
7095.8803292 1590.59173991
2483.90282804 9834.75141735
4626.82991821 2996.24709895
2777.47499888 2720.90609429
5507.58777655 8161.5381471
9561.82464949 7952.98905351
4698.49520706 3942.73561831
4613.94974207 6277.39761156
1206.68804024 6426.03865663
2623.25274625 9234.3643224
576.170913691 7329.93804446
8379.91325351 9685.65725224
9411.54421826 4360.79833497
1295.10850842 3992.21324413
4603.59617605 1061.08062704
3579.79991368 1346.66380252
9208.94977572 4909.54943889
3985.78466548 6448.22786574
514.882539388 5448.67762141
5903.29319219 2783.34485896
5224.66622525 1768.74171771
4822.50017783 6494.54268294
1678.0327236 346.717178205
675.718423762 2658.57088328
8235.00402938 8549.59309875
5677.02259792 4453.82599637
2513.89359825 1173.87033866
6556.14913733 7597.67752141
7742.07386951 6148.96524556
5729.32858086 8646.78472016
9825.21005058 9160.99784653
1988.03576978 2070.53812909
3384.80597411 3030.02906763
5922.22668367 3155.21582592
5595.87982271 9151.10649774
8086.06771281 7737.28056707
1726.00759852 7722.72737837
5247.17124526 5740.6709593
8409.1871602 6888.27824748
7394.01884955 1755.71703787
9329.86028392 1216.81178715
5638.64946198 6077.57576467
1796.50643735 7362.43169514
5716.15061375 9199.13125949
9963.14378272 6615.17788673
950.042715975 8176.66512656
9022.84840682 6884.58459176
2183.35429647 3479.21086178
4971.77956535 6004.24117119
9206.03236431 5348.5106379
8240.49455162 5386.37624214
7677.85779028 7422.22642794
7226.81237001 873.742453255
6823.90726544 5151.49749629
3141.05212194 979.843710311
6826.94612866 4625.2103249
7109.90050943 8399.99771902
1139.2402751 6773.52625536
2978.56534378 7678.94909662
5809.63048698 3429.27656512
9454.35242506 1904.05685156
2074.37302836 6777.6220917
9189.41299185 5720.4683245
2477.15316073 2392.99227202
7216.68407012 8980.5989122
2167.03920929 4611.32518671
2381.24148138 9636.86736539
6834.26864648 3357.36112831
8913.70371462 4900.25698618
5850.56210495 6116.27719109
5582.39499418 6248.12745587
7042.23006291 2694.0384162
740.560312776 5473.23607944
4180.8783632 2761.53138071
980.458993362 4970.81558527
9569.36073996 3382.45761176
8496.88716241 9430.72380581
7382.77854893 1099.22299025
8059.51411594 6547.37775624
1027.68804415 1092.67618632
368.608017143 8683.75943175
4374.74502806 2329.36042208
8087.69096137 2960.59498289
5643.5135006 4123.82334751
8568.31312915 8756.48261424
4201.7444034 7705.27792641
715.527855866 4762.2992938
3368.14288885 7339.09593337
1686.68760128 4267.22101956
2705.31185877 4136.62933227
2510.5988304 2045.24740155
6587.83717447 943.885345945
4778.19547398 1089.81814173
698.478776184 5790.31310833
2776.78566948 8464.63039359
4317.06861989 9767.62451284
9451.04881014 8612.74086943
6701.52686715 3121.41104795
8800.7994146 786.970057672
85.570532217 8415.24931561
2371.8348329 334.711622144
2799.87574169 3801.20873152
819.450241731 1449.09380619
5276.98614316 3673.69044508
3819.42700474 7688.05294832
5368.45986182 439.979344292
5937.14193029 3933.28634108
4132.11550264 1167.97082107
769.773392685 955.228498308
4794.8275057 2946.54487038
419.742034854 7840.13133102
3590.29781775 6786.11345957
3431.37612584 1551.73530573
7606.0785372 8478.06229579
7422.57737624 2130.64916954
291.842989378 8693.3046148
9688.23416731 2617.31725062
2212.30440604 6974.22027035
953.657912475 7198.31043149
6274.43381763 6305.56770524
8962.76010553 951.221744557
7483.68474791 5094.43697147
6424.36378207 4585.54907303
2981.81026697 2017.76373187
3539.67318006 4189.51361859
1379.67129411 2744.97064374
6318.14971276 8553.41120628
188.377904564 5589.82772348
862.923083188 8869.92137008
5141.44584476 252.1569218
3091.35256897 1035.99096478
6528.58649447 6464.40052576
1836.51848939 5606.86962963
4453.99356068 4988.72883834
8417.71910817 2981.87522345
4287.2229486 5536.65133997
1922.88312365 6542.1227557
5121.51174147 1776.70037279
7657.70907102 6262.46642182
6022.08915668 4915.732214
4673.36941658 6244.21218813
3668.18572344 1015.36961313
1005.73855702 1035.32580303
4404.88495042 1870.51282725
4683.65882352 8538.2349842
9152.00355678 5392.47455886
733.844748145 1673.13552344
2482.8247483 5989.22382679
8661.89310663 9913.10899609
5540.69918549 6640.19031945
6708.49736459 8239.37730156
1199.59672845 5900.34295313
1934.59362127 4188.08998675
2847.87700288 8821.15653453
1244.19154041 7706.24268381
5851.08165423 2053.88813317
6728.49923375 2859.68639095
2430.72181081 4859.43688848
1454.6322527 2986.5268118
7657.6780186 3732.61053009
1518.15093819 3150.6294903
2991.17604288 370.155170085
1421.45873831 8317.91991277
4546.10537736 8131.3603638
212.580131035 8590.80730256
6203.28702963 8646.43135323
1019.56983518 4067.76738373
682.965538671 7629.60325732
2512.82552859 34.5347218696
9106.00695578 82.6866855054
266.83138345 2462.26622581
2894.94951008 7781.74115576
891.987668101 1040.36322599
3812.58230751 7131.82478661
9025.43480622 6154.95998476
7508.42264258 1469.50644743
6127.95059826 9143.86070344
5735.56491476 2705.48988384
1962.49202117 9771.19716629
6537.83779835 3558.49086113
9977.80210412 1182.41986572
470.489143443 6758.13735851
1301.23900022 4747.02699802
5055.32274422 1728.91738907
8784.02842087 8049.40676775
2906.58378017 4482.50386993
3997.15918284 1502.3959812
581.110053818 729.77881221
8242.21482544 4112.73196095
9514.7811806 7825.48489671
3153.06457486 6830.28157602
8306.76762253 4408.26523247
6262.02521409 959.5919341
7387.78753917 9162.81689017
7080.72963403 4998.41208605
9383.96260803 4667.15447999
4649.08482599 1253.86958893
5302.13991088 8143.04596729
1164.76088844 4883.98166305
5886.23386936 8031.17387641
1459.24967783 2756.46249887
6394.03314758 4494.8024106
1210.71523885 9539.10282116
9042.66597754 4332.80943111
7656.25762646 6545.5786802
6118.26412491 1799.1300254
1812.29922978 1780.52006116
6985.93997146 1647.28225455
5956.24678237 1955.5875917
6500.21146468 8715.48786295
5677.18864623 9703.30749424
1388.59462765 9127.74028206
7836.31458417 5078.41764921
4560.22918027 6817.95696277
6570.54015263 4176.92044817
9369.07173113 2103.01929058
4456.14653593 8363.47142857
8948.10654672 863.510749562
8860.21478738 7058.06704864
3315.0569137 1212.05264503
5926.2875345 3674.17755453
765.246831434 1092.1679
6039.33117766 5791.41176261
1971.39664679 4565.37313632
7649.29148792 2514.0797689
6871.53139944 8401.35963757
4827.77978202 4439.33609706
9123.59391161 4983.88289864
4885.5663924 4621.72070636
3136.16255809 9652.23144431
9543.42332214 966.35616529
870.863457735 4405.04083085
5382.4033466 4304.36764723
3310.09194682 2367.5399801
7073.13008527 5311.38087216
223.142260728 2870.66788423
4983.25829976 5912.69699385
6076.83601289 4640.33440235
9759.94163083 573.518874108
240.549093365 1730.82198479
3775.40382635 704.801245381
4745.42570691 7976.42787424
8092.59221763 1645.41744529
4152.93393623 5937.79625664
5461.86054196 2369.76294754
9152.99755701 6326.67653295
5861.58574821 2179.63485189
3859.48980153 1194.28866673
1950.55629079 8632.17150018
2710.24117173 8481.56085521
6052.41738049 9677.04996853
7707.67798165 2860.60003874
1484.57995152 2248.28931003
7667.5901912 8179.69201081
6316.98809982 9331.92390255
5688.5755423 6389.30739148
7280.69618537 7428.65303945
6197.92236636 5386.94825971
1701.99192883 8995.304589
9231.73912384 7496.82886085
2010.96707154 9693.51971385
899.579626417 2344.39808166
6062.2561935 8764.18076106
6971.12385201 8179.55488873
9557.63111621 4255.84104327
355.53942951 9390.04365341
3912.54545414 5095.58245741
1590.27443502 4898.95854692
7222.09825888 4280.84802984
7864.4940701 112.923478205
164.040667067 3209.79162909
8555.67295178 9615.89746753
8749.84673846 9899.532053
6377.89558433 8795.86728187
6769.74923187 4849.1524355
9917.12149427 7082.69273796
9833.23341858 632.602593646
620.719380579 5686.57649142
4740.56927088 5780.72451061
3214.24955408 8171.68603366
5457.59410088 9443.90937644
691.526963642 4943.17286609
8357.93362765 5089.07769038
8100.5474505 3963.29864622
8963.76089802 1199.87851716
8267.240439 8391.58119265
6596.28418581 493.017211902
5302.99499421 6761.00408217
4848.40968736 5524.90126018
2930.77873004 474.338953928
6861.07787198 652.566005128
1036.47347828 1118.78847076
8540.30642616 7665.28945297
6638.52263599 4783.79857984
3482.40556977 815.900686327
9226.81685569 8062.10276085
7098.16164144 929.674118596
8275.67683034 4682.86378262
1166.15322853 3238.61786821
345.086996914 1781.78153833
1218.16870286 2268.4911973
2503.92024668 167.349260988
3684.4260683 1288.90609066
8984.17049086 1177.90590439
6871.48369008 8630.49722434
3791.00102235 3615.78060276
2045.35203101 2511.35210418
3597.78109612 6801.55496225
5619.37206123 6125.30339915
6598.11410057 6048.79018491
5272.14428524 7064.81103217
4083.23574439 7658.52115728
6968.68013269 6191.34940929
1730.89965855 9809.30039273
8891.68618789 7514.69603236
2878.95441665 9345.14693363
7170.68220969 822.088465561
3620.62338192 11.1621408498
2613.21457396 3148.29036928
9814.83710006 8082.04098269
6724.96007409 5199.21215726
8443.28846562 5486.99271698
1431.28508046 4333.75784634
1092.57978441 7241.35466242
4113.12719797 6545.80850848
9221.96856916 9970.82749059
9882.39700294 465.076003618
1240.15697388 9113.90957701
5006.677971 2525.57972911
2258.88397513 24.6166363571
8477.02088943 9522.15965376
7807.89123421 6087.02235158
7962.78657174 7621.47199599
3490.25666116 1105.41538408
9622.10494366 9807.56507708
2128.04269985 2064.70629303
720.59093259 8118.68295398
7259.98277188 751.660268723
4910.23855205 6069.01460435
8868.25597846 2485.99901453
9948.89262028 1598.88172877
7980.51165413 7956.59040703
7886.67393585 5331.14813394
366.752996621 4313.90789741
4644.01169081 7402.6472132
7607.82874784 2011.85210443
298.585159678 7536.20959024
4584.39484281 8158.67654912
2516.2545937 3004.18632283
9354.77662322 9386.45935413
7320.2867664 3626.7892175
2576.18242676 9021.29381956
1207.94776717 8921.88488081
3282.48177894 5481.40074407
7371.42518335 2299.03927732
6223.59848976 7156.28784253
3017.10933779 5287.68581022
1181.6477823 7184.00861564
9448.17005835 7484.85585352
7795.73689869 906.381877759
6003.48662367 6480.46875447
2270.93917888 8569.51333283
7824.7975697 6004.55721702
2890.13148426 1709.65388454
5205.75520813 9320.91512235
179.926736168 7256.8878745
7698.67711772 1581.14308847
7420.31886973 9125.27860595
4744.1298395 7210.11851005
2273.92015757 9467.77764814
5100.8497656 6089.74413398
4247.40930865 7248.02510879
1257.16469999 106.533203934
9114.68177144 4312.58616299
4523.34315609 5236.11317723
2736.12018959 8023.69756974
3552.26046232 7904.13864529
2227.43073891 223.731892651
9487.19188189 3512.12552253
4686.66346192 2480.37244569
7036.54366214 1291.3627957
4229.35286174 8503.30117908
534.797366521 1247.85613875
2683.06076326 198.467394259
8965.51334986 490.297840061
3670.70533719 8534.53794584
5416.59422602 5489.31971372
2653.03621254 4697.51652655
8324.70619963 2213.70866784
6288.72082648 9148.42388344
5860.6421114 4150.71204132
7422.13045641 3773.90711165
8121.51287662 823.743671942
3742.46414606 8685.35635302
457.444390359 8267.83280547
2640.75933038 4129.74816942
611.491031535 6208.25633669
9656.24633686 2609.32015011
3353.77273933 3637.34548692
1429.36856091 5892.83380103
8883.27696652 5933.70428213
9886.74394477 5656.28869451
5482.61266769 6817.02207838
1107.99581386 8234.07179253
1542.80808932 5603.8892119
4909.45731802 6341.1024643
5785.77287789 6879.50305746
5582.26874328 5757.00526118
6032.42954159 5627.97382697
6952.44013862 8486.8869146
6072.93646626 7513.17934899
8176.78944149 8822.88971452
9091.17059113 6518.01441086
9562.98019809 9151.18608892
3584.38672763 1953.93920704
9290.31078595 9487.93118632
6858.71099008 3761.3990463
5201.09983293 15.916345439
2972.99978264 6143.86384452
6679.06870674 2171.25720165
7566.98262608 5534.30655276
1107.89593902 3720.90963421
6115.14760802 5446.7176701
8195.12538545 9777.88332373
9484.29324821 4693.75283962
4456.87248579 6601.78931998
2897.9270448 5177.68955919
4869.97307442 2153.76504732
6006.97637872 9172.41227376
2852.78595814 3302.35251419
282.302626308 9756.15107218
5419.54952558 5568.19534258
8367.67796278 3796.83727472
7771.97297776 5383.72415871
7084.00862056 8813.49440895
4060.91019115 2353.54866013
791.191787292 1277.9721457
8116.31732765 7982.35649696
7207.63006214 528.556852034
5204.40898295 2413.53017938
2378.62592884 3631.80371017
2729.69053203 6035.42812429
6084.79008997 3519.1838328
7423.61948298 2314.06135293
2296.52665159 8387.85873512
6387.7203333 2275.57959399
2959.18238605 6842.72579496
3914.1726516 675.933135024
384.176423055 2700.94454337
7572.81380533 78.580877412
8693.96716512 8672.64968717
4411.92641315 4726.66257987
7110.90691024 4143.21349176
4458.39505443 5170.2203435
6179.42783299 1585.48108882
109.735192239 1064.14961307
8581.56184027 3359.46992136
2271.63336073 8391.31626375
6509.18934664 3837.82036745
6665.38508053 5165.03098743
4100.94609711 8955.11857458
2320.71102481 4136.56911734
5725.08028768 6802.58260571
5281.33296551 3614.09136242
70.2992289578 6821.89397095
4218.38509244 2805.39097704
6719.00784631 6541.33529789
7999.53026234 2735.89153138
6861.55095355 3391.6358813
8029.02933781 7039.05157405
3593.79862924 1786.74434934
828.822032033 5296.04189892
4159.67569694 7839.22311268
7786.24520237 6885.61159979
6449.40938554 6387.93967091
5346.36803978 4747.07365491
5023.74981784 8442.1461532
5596.9561148 9332.84280161
15.9231877304 6984.57864443
3596.71916247 484.663582491
9839.33199762 1599.66011652
2043.14073251 6307.83776762
2098.42991904 5738.08631319
6320.54650434 9565.1873806
7050.09304731 4673.87800166
8947.59505253 5430.4792975
1866.1007005 7971.19842521
4845.83742093 4592.85758264
559.710632219 3416.86104265
5541.13241291 4266.0641954
1161.12023851 1681.20152096
8286.38726753 194.218573424
6023.09183247 397.573544626
6929.36343713 8902.98743396
3239.19476006 8203.40170553
2991.63456802 9272.21439802
1142.11394756 1218.49663772
9447.75752018 3159.93038024
6787.55938681 2116.34517825
5698.94392685 1962.92540403
4766.65324052 1142.84771176
1462.47235017 4230.09801502
3313.50911204 7421.82381916
9028.29677858 2387.77208807
645.799476291 6176.7685308
3811.83209945 194.243961216
7836.44549283 3598.32695909
4846.04575748 4505.95927739
5459.68796253 1689.44099594
8561.09644395 8899.60366235
1551.78339485 9696.03888964
2820.90029738 243.965719411
2428.26764471 8863.38268163
2776.66902613 6129.88836186
7615.89463492 7084.48569335
9836.85525981 8863.14303125
21.4666370888 8152.64038318
8890.14387752 8768.22575053
4920.08312247 2696.7043379
3359.34041493 5459.39015824
2164.93530003 8436.62601984
4701.5757372 7298.2214888
9925.05624746 3717.44815363
639.603604536 4369.26799965
3593.15364264 5967.17498059
7305.90959695 7347.30988398
3758.25080457 7486.13614314
2423.05380026 8544.72667324
8480.45182159 5881.99814363
425.600147144 6017.73978456
8602.45287529 2648.67035512
4029.16429363 8774.97094852
2932.36761978 8937.76476156
7662.40737928 7608.18077505
2615.02110376 64.5870229288
6454.3633245 5505.19043426
2201.26618662 7731.29473804
9060.67249013 2471.725244
624.841619606 739.43457498
2062.41612393 6431.37871897
2482.34022501 3152.84834277
2411.98508692 3604.70154895
2883.86004601 9704.92503572
2588.39008037 7994.56338788
5831.9806665 6654.01396496
7223.05837292 8627.62847556
832.171062374 4865.53841403
3794.19851496 261.796776426
6311.28580414 6695.54621193
555.896530495 9942.2579199
4904.35883949 6075.17116538
3686.51218937 5387.59890975
4449.69449185 149.075550671
428.244977061 2931.23028247
931.632427286 6559.70073863
9128.24859551 2125.06325186
8015.31356945 5164.78904173
1461.65752862 2665.77382976
9820.48483857 7006.24192468
7410.85848745 7228.50712744
2768.97330389 252.647717691
4509.59196281 7935.9489613
9410.01811907 222.246706882
647.57025846 3273.97456721
5815.01631985 701.495150009
8800.45090257 2273.69133158
7059.4265229 5265.70409755
1898.29596624 722.526516766
9453.25734975 3812.9770238
8900.8704536 9055.0826893
737.565957853 6710.49829479
7374.45579697 4056.31172592
8770.39975037 5400.95264666
4563.89403632 8477.42538538
4277.96084768 621.628301913
3637.76883024 1054.36290681
4905.54076111 5381.46585343
3553.89736539 228.921742261
6977.949038 7197.61058989
596.896570236 1719.73619447
2117.62686944 4371.17526629
9710.48067533 2292.16742908
4274.53378029 1120.48335712
2987.79226398 1579.16015414
6601.12569124 122.03253265
2591.89236135 7204.15914165
7296.46740964 5321.97950495
3335.99592382 5586.64871258
6120.31550252 782.4018345
2084.46312112 7801.05930305
9138.08560554 2297.83826031
6203.15431463 4801.42750549
3244.59649179 3353.67705442
7527.41022018 2545.68410904
5875.81141879 3987.13235046
9842.15833539 1929.59295239
7305.28458966 5221.33140312
6313.91637347 8565.4439062
569.47062867 8692.10474007
6096.00640255 4361.45033296
4934.90651928 2313.95380085
3311.41061717 4090.96845019
6667.04998414 7804.54563721
2662.89162694 2313.71557141
3124.64748217 3837.14686
8535.56489925 8944.67325156
9579.17796862 5410.18081018
4817.72741801 2623.34851979
5551.33898282 2257.20381996
920.21034415 2602.09107111
1568.8658658 2724.4138379
3012.00966354 6213.91183752
6391.13714196 677.215723588
1823.39128017 37.3070596689
3315.21122846 7389.9484245
874.785133032 6459.85152998
3722.83433018 9374.66199894
772.441714935 2726.98754831
3793.67172285 8824.22722871
5178.72357584 8185.34988108
207.600622901 6264.98849869
9616.66538411 7446.78822874
174.545877132 3972.20594791
5243.43516786 6399.57205902
6988.46984257 7401.55474637
724.013668531 985.218551668
3284.13528097 6722.80899751
52.9824256377 6699.38920129
2962.21863403 46.1288596763
5903.12494443 3446.18576435
110.457969244 1204.44309248
4954.51051792 9771.47718231
6836.24096161 4240.25826374
3293.47143221 3873.10241359
7929.59630648 492.863536491
9783.83068992 2846.27197229
338.737373554 7905.16844486
4343.87369962 1638.15461912
5515.70307229 9609.23170456
9652.74439727 6823.84394113
5479.97376785 8084.45517927
5726.0637246 931.635914518
5441.74300909 4313.99608646
9337.77604009 629.581111511
7577.46629492 2837.45431872
5856.54436226 1812.74424668
7245.00875646 5211.74580773
710.625975058 3368.0259383
7774.00021055 6391.07511685
2187.61880475 6369.82383766
6650.07543191 9330.52262042
2622.33037645 6312.75154707
8699.27164842 2310.60022918
8075.78211212 8615.89415881
9765.15902368 9651.06581289
7146.72469824 1199.29623188
5362.08585452 5446.19806148
135.512889937 1887.80650997
9138.30639825 5658.7149645
469.000543323 4326.66266127
9083.37571868 7746.40859726
8395.69077812 8462.8174759
7481.56390049 2485.91144778
3416.27001332 2187.47581032
6812.34144418 1695.52857877
4140.64731522 8708.63472444
2380.80019461 4697.20288619
3077.98058868 7177.50835429
7767.64146454 5474.83922621
4419.77026932 1523.91346211
5804.63927396 5180.62775218
1362.73164496 2609.02657587
2871.30126955 6682.33401721
8987.81991662 4246.74594861
6421.35128377 201.012902605
8955.20949489 4041.54644054
6979.55513939 3657.77476535
9767.05734184 8061.61488266
9942.03082191 6672.58762516
5087.60840613 9002.24434608
7996.04982396 2630.02950713
1542.66627039 8901.17287056
3267.93954912 825.013524706
3438.54331354 599.49958403
2270.808897 9731.87422063
4453.54631334 516.224442928
1211.55619803 6996.3220817
1844.04234946 4080.46291097
455.885852511 3010.93783135
1165.71605123 21.883752382
1877.19716911 200.395894779
950.285490074 9301.22098678
8072.33871354 4864.147056
593.563979572 8251.51433163
4253.32459586 6255.73808786
772.172179177 3380.05577654
8149.5410677 7244.5122743
6478.17057243 1515.93479076
747.57854236 4665.07216872
8688.31220752 258.321896947
3842.16044152 9084.96562138
8406.72494702 7189.68489253
5088.06475323 7643.15036826
7769.90293289 812.341808109
2873.57796257 9357.9575094
6160.38785241 6286.27356667
5180.44797529 8757.55668448
2653.57230453 7989.49446482
5665.6317416 9701.20703697
8075.44729621 8754.01929251
9657.29758591 3612.20768918
2227.0577761 6619.19390172
6618.46371533 4307.23757391
9015.17059938 8603.27760854
4845.14068147 2442.50567343
9748.36709333 6642.60453162
7465.33686088 2564.42618968
9632.80647214 7953.40739236
4574.07861993 5372.00108968
3609.94110424 5282.97384928
9240.46824832 7247.0331941
5937.70082278 2655.01902166
884.990395708 2043.39735673
6444.38792816 2446.23554376
8840.56174647 3950.11682576
220.642575869 3396.24854121
9200.93608907 6070.73133392
8325.56173823 2801.90288576
1948.22781576 2629.54842767
3022.80549171 8459.96644805
739.715845548 2668.24244216
93.8697733877 3408.05510344
2828.50653203 2235.79662187
6553.05491881 8966.3429262
5191.53618331 4440.15525776
9147.27958814 1832.90846903
6517.01918664 665.99528819
1360.00320468 1856.94128562
3490.51919407 6456.40322639
7515.87741616 2632.42370468
7022.71977895 8898.89889602
1931.00850373 1201.93523506
5100.87654451 345.96057282
2638.2700729 1836.80984529
4658.63884785 7143.80053829
2351.52042601 8443.97874968
129.784018495 66.1794972405
543.956358571 8935.58922655
7150.96922955 4240.19426475
1453.19818712 9355.88513348
3049.22263368 6359.03546979
8180.13879218 4239.03302752
8199.16236224 881.496438841
9985.85043331 5888.34889488
9405.33715616 8796.76601714
7763.29278234 4654.93446742
8368.24643459 7192.48010857
8963.05961202 6212.29967453
7636.49201032 8750.85702027
7702.16472606 4042.24513093
9513.26530582 8194.61994668
8525.35512476 2115.93066652
1788.37524818 404.595690037
5673.89918065 6543.06367853
5441.75264064 3846.30133672
1842.65995142 912.009582372
6580.31583897 5860.9355
2586.13030083 6108.403711
5026.26658419 2033.77852274
2062.24688379 4784.71278172
4101.36073662 6332.23939418
4169.36232131 9916.24935537
2494.8210399 4998.30209229
6864.5309346 5440.55455801
1015.36666775 3810.40398686
5154.64836912 2029.50708369
7423.36548673 3797.65166193
2326.82985583 432.890521477
8119.93910313 3858.78444671
2181.41969519 9092.30821807
2440.52881883 2262.53704997
7395.13294534 1143.42412895
6475.69304414 9111.11813614
9640.10110098 4115.1648687
7256.23898828 3066.91627452
481.597944231 6221.24869774
8814.95493013 678.689120742
5029.79313891 1565.68762847
2435.29770639 943.847110137
5778.02769954 3915.89090546
2010.74483207 1348.88293408
6581.7379723 4312.95721693
7954.35117739 2480.19484591
9348.93234177 2411.00474192
3239.87560571 9564.36358453
8300.41964004 636.477251117
7598.34429389 5110.18686773
1282.39082675 7457.31539235
460.828395681 1213.47922347
2980.68674999 679.401554738
1386.43387987 5754.83970231
6429.7067803 7247.94009288
160.20352042 9473.36793728
6846.52369455 3494.70077615
651.084392551 4198.51501319
3081.9161233 6895.11460973
8354.19427418 6351.02235369
297.567850775 3808.04634893
6090.11541992 5943.97983651
6223.29051383 5453.04843783
4865.13769812 5001.36733549
6403.36291184 8075.86991728
3852.05269296 5335.85360435
147.741832801 1588.58058678
6188.67732634 6398.91165635
5966.4069898 9617.25562024
2736.37478067 2468.03867546
8626.77364556 7604.51716173
5378.40195758 8964.48611436
4594.19986301 9097.58749691
3813.24347058 706.537353993
8497.98713417 480.258479782
976.677297662 7391.42616836
7324.97002991 2578.68437198
8342.98969545 5751.59058199
1831.15819377 551.938370109
3258.86820717 8876.88846614
3334.99285702 3831.90861195
931.966518391 3096.37035708
807.137430281 4131.65316477
1468.61707063 5958.53771583
7793.13730923 7131.77181487
5928.53463625 6322.75853768
5004.98606944 2856.0534187
3366.18124446 8679.60959142
5824.20778424 5975.54336845
9439.9843123 7986.09210984
8425.37881557 5408.14829655
3292.50177872 6561.53764694
9036.44034024 5082.10983946
3199.00746497 1410.28229381
2623.67615871 8447.6598547
7409.86664459 1384.40953942
9060.20879357 4331.13212708
5308.45165231 4039.42658224
8110.65840638 4788.71150598
7920.56296684 4356.31422784
6242.96851238 9702.86278529
7276.54296091 617.909721568
6127.04879686 4765.70558728
1156.63442357 5194.18666625
897.491450628 4353.60238864
4751.72205824 4077.47622095
7270.1853686 5596.13851875
9821.93636678 1840.61881864
774.772174962 9405.48215295
8165.56645184 3095.86740229
5343.70933086 4524.50397754
1046.77155499 8858.58263216
426.415719868 5811.44217609
2734.14670534 6942.65547038
103.097525162 2158.43252599
8412.90923548 5554.10619707
999.785657899 8280.00675928
7595.56721654 6053.9638342
2332.73233119 781.634260985
362.392811004 4352.13389091
5392.81520156 7175.75180403
6165.44922393 3296.08438152
1404.70092861 4235.10093774
3182.87448264 2121.2184635
4162.44032047 7533.99809703
4517.4941511 8193.38703573
1430.69024098 5101.83477758
7146.06012228 1210.99630545
2516.35036504 6323.65482337
4715.28941769 7774.26185631
641.057007938 763.73246941
7243.95498486 691.195171107
3260.29077755 4188.85406386
3157.88754047 9639.489843
6720.90764881 6515.46219543
5765.95569103 5640.9239347
4224.47640915 3120.35945317
6535.26878656 9445.72283509
887.560574774 2963.58151702
3732.95420962 2083.96517181
2993.33636709 6355.02591217
7893.14224589 5167.82775108
2633.40477861 5705.78823674
5003.9091073 3078.92832474
5990.73700791 9190.44524711
47.4444764515 4770.08962477
8984.97261362 1768.92285838
6617.26630954 3673.63802747
9789.93664875 9600.79896224
9470.06076729 1695.79972988
6117.78304612 2117.68746396
8690.6973477 489.952393398
8020.13154083 9090.03383765
2773.41984883 5325.50771765
4839.06372701 8432.64134414
5205.28948341 4347.11385044
5691.70721586 7953.26226764
5219.88600694 5476.45339179
48.9838797369 8514.42104755
6951.16142399 5260.71655692
4779.77150659 6611.3720749
3731.05637904 9974.57237977
6057.34653767 9117.91551383
5819.40876693 8554.21842926
423.961795495 954.349505512
3119.70081558 8895.14262322
2514.75994494 9236.60572032
7528.65997033 8990.67032767
1169.79621477 1521.0196744
4684.68467119 4221.03330568
4694.12284526 1344.73679733
7375.46296417 2602.37437431
2432.04838822 1995.34583371
5430.22271697 9200.07275199
8622.51181841 5360.36277031
7647.21357012 5270.16021212
2989.43124984 8323.26426968
2813.50063753 5764.01933908
5317.96085029 2537.11351204
6633.71722831 9395.29415888
5887.96404746 8021.60473748
7707.20130076 8339.33636032
1518.65059354 595.399058519
1747.39322306 530.24541765
6296.14440363 1744.58239278
2889.45776251 7899.1227529
4983.32519776 3990.54079278
9623.82258968 4123.38488067
7916.75839632 7629.87155113
9582.79470916 7033.41830956
9176.6047127 8934.8431171
6340.45166085 971.487691395
4251.83426989 2270.0531964
2447.95135238 3615.38211472
2286.62570155 9169.07424935
1544.19512436 2613.55358645
8878.02745614 5669.95560348
2837.12403513 8000.95711662
1111.99997049 4156.41468226
1000.6895486 8677.45417339
8713.28853046 4052.59808048
9851.48417011 2986.38449649
2627.19223082 1038.75101483
2260.24732079 4432.1616296
6907.64855111 2555.06522085
3436.74679213 6681.27098567
7496.76976198 2820.01851655
7211.61812112 576.45782987
3541.55829579 7855.97093838
9743.93295206 296.227409584
3608.99714597 272.327683942
153.47721655 9694.46453545
9244.73450847 6952.66346322
571.65653888 4047.23586413
4799.7244469 6194.83081833
7730.37756131 6958.13294927
7226.63661805 2947.65319371
200.359879015 906.884747261
3137.22184936 3060.47838891
6662.03737168 1075.63509074
8922.17130563 3552.33312679
114.717779333 4498.66362393
2268.69833672 5557.20639
4157.57281036 6007.46047151
5463.38302111 6622.73992888
1236.1632676 7800.58095067
7537.86746339 148.385450511
6088.67794568 5654.96262611
3177.05058202 8470.97064567
7705.85928097 2610.97543436
8109.70563071 4931.16751537
1702.42742214 4010.26884683
1753.12531223 5757.27829458
470.024535422 7842.18784838
3314.09247522 9205.09510525
6323.091213 9332.76310645
7230.15774639 9414.36372405
4513.52032499 6559.57926556
5229.02737121 5244.46967906
8384.85161177 2076.83478193
7637.25986095 7266.49400981
8984.96016185 2692.18011943
3121.87347384 8304.30266162
1406.7253444 3856.16748677
2933.47671228 7140.27320594
4196.53254918 4675.50930447
1948.60334377 5213.48800841
2679.56543893 1684.96960952
6131.56254539 964.755294378
7436.22084081 2506.80201164
886.935629747 4964.80292371
3506.89187659 219.621803729
4307.43872596 3710.80547915
4306.80699796 6041.09724507
3187.39085998 5261.07836554
2501.44659759 2721.27838795
6388.20969371 4214.66273395
6382.1148298 9377.4858661
1029.4065248 5704.01458487
8990.22878196 8220.21103828
7203.96420449 5799.89825076
3199.71662348 1961.30822458
3859.18325996 986.992158974
628.290930335 2054.19922133
9141.76652741 1045.44685832
545.535567169 9478.14573416
2927.2003631 9410.95961276
5748.66992124 9772.03486962
2733.23638253 9260.4097524
857.766123119 9611.80936179
5076.71817119 2141.82645148
166.903426113 4246.13392521
5094.83639702 8097.5863423
4294.78280364 2533.03046406
8122.47231853 139.450324947
5662.83329641 8663.61681806
6575.747354 6559.27692222
7834.65893469 6089.77036618
9083.32647693 970.237172254
5588.16941465 1303.39325077
7914.10262162 4271.93215486
8980.62122859 4298.39352339
8672.05138988 453.525449961
2519.23804429 2041.06023076
9854.9996219 720.21699665
1990.67523161 4650.51885137
3495.43104632 6126.52287434
6981.60143804 5770.77175731
9797.19296205 8774.15623641
1398.5406206 7615.93700605
6343.68840664 8130.71165833
9688.41844165 3651.3018531
9195.41131559 7489.84788948
7738.11204072 9609.29500589
5945.2250843 3052.05293546
8069.55375346 723.969977091
761.637303212 4175.05177799
8298.30425506 119.565897036
3383.44086844 353.017466513
3165.91743652 6397.28045536
2648.76967299 402.050328663
9046.55787531 6541.00715384
1112.06154461 1496.88828516
3050.34180329 6996.72542544
8537.82055809 4184.29767274
8845.93857311 7309.30931404
1987.79175331 9208.59646421
9884.39897539 2475.8669922
1537.73614572 1107.25706777
8728.40223051 9103.89108305
7024.8185609 2486.97005481
4252.71824584 3454.57444111
4999.56802706 3937.22722958
8079.64526709 3528.98502691
1364.20180398 9732.24342525
8424.15950664 3324.03260238
7524.4501297 3754.53460011
2235.18891 2994.24303534
3987.03552266 8319.23432428
1983.5305209 4772.4732411
3405.20617094 7918.85260087
7980.10121802 3267.04230051
5312.10080526 8917.16506654
8583.07004016 8071.31572173
8534.22961937 9625.64883912
9728.44473211 8990.72486279
2834.61781375 2590.85023591
4705.26771934 1691.40368317
7008.77406222 8994.58329495
6614.95226841 1296.76363047
4654.95034333 9230.49492648
3712.79611175 5103.1332486
7859.04302155 3704.82053547
9969.33646969 9472.04308087
9894.4681426 420.915990263
7681.58701877 3553.3655006
5487.99415771 9369.91207261
8579.02682758 3922.25925308
7887.1630109 4987.39376572
3975.13085758 5627.22549599
8661.94931881 5398.1688033
8311.41125466 8662.25574182
62.361379986 322.966896035
416.365330398 1687.74543766
8812.74842015 1841.25993154
7347.56707568 4908.8921941
8290.78271291 4611.5599894
9015.33400707 4796.82569143
2051.22107548 5781.81173538
9184.43516619 6952.42940523
9523.98982018 8002.86338307
7157.2269084 4536.22178802
7852.8246974 2882.43627139
3590.67458707 6541.4595436
1267.03668495 6638.04735821
7702.5957066 2747.4626094
4660.70637547 4664.18152891
9185.95454694 9368.20738474
9797.44598143 8374.44366879
6185.20562882 1867.94719837
2970.43428359 9320.97477425
9933.58118824 1613.34288665
746.148329902 393.821258955
7373.46584182 7294.94040646
9181.47486417 7482.02521194
4770.81330226 791.424425375
6056.92454858 9212.67867606
4352.76231995 3388.12993961
6981.86601356 3872.96085268
8801.7397738 763.044784552
4407.35428943 6096.77377179
156.516514026 6845.48934795
4524.29559449 9777.8495605
6338.00756452 7823.01282186
9422.46873595 4738.6250477
142.015043085 1765.76590049
2777.80678268 9394.58577119
4788.97329985 9915.93635306
3198.91102365 3330.77662183
2218.32208035 8687.09586789
7170.85952156 8361.83350768
4304.91971277 6107.04538916
8758.97191233 1877.57839576
9891.21489548 9181.75469134
169.006196137 4941.16520698
9983.10855654 181.335459407
8457.80100163 3849.78443245
4270.40423649 3247.59751361
3770.72140482 629.634269119
5251.27787887 8981.17235684
1274.29711099 6758.38903549
4193.51914765 8399.20178492
416.838914719 2538.38219313
1139.44631717 3820.36860372
7840.21110967 8817.34009097
129.858639965 1066.80282511
8958.69735214 2128.48971897
3863.77060456 1847.78148542
3961.35995312 8663.81970544
7460.07447245 7645.99693926
4823.56270018 3109.40629754
3094.43142039 547.486634792
7011.54906014 1181.30208222
3974.74015557 8623.1198269
9167.71466665 5487.63924947
8952.23425488 5847.75477491
7757.82776819 2385.04562178
9145.64309108 9896.92815858
6531.65069617 3686.01517496
8133.42323738 2569.82689053
1483.38319288 2144.89657097
2237.22976354 8381.62170828
4153.34642758 6354.12338621
3616.26708873 7005.07254909
8516.6677936 170.784016945
1428.38307404 879.683157463
7573.52296954 156.868460718
6866.22573276 9347.2867018
4682.67841567 2842.78915182
1835.32149819 5755.45483784
3946.52601112 5462.36289458
9444.8338029 3718.53787981
866.49114859 3737.9386957
5366.5545529 3986.81974433
3336.06604486 7026.97122722
6645.07899842 2622.49084868
2932.86996084 5215.31552371
7381.20089479 5766.70292718
844.882523401 6432.54138453
413.024530314 2898.55600647
9845.67597226 2874.32405605
8115.19738514 5329.77001088
8080.22407266 8603.65675846
3505.03033562 1674.65219113
8764.05972355 4002.42439981
338.375370791 2093.50776334
3101.23029365 4632.09458392
2697.72145784 2847.47585226
9436.76757296 9983.12715436
2379.52316445 6150.63635704
3842.32030457 5990.96144264
5152.09642441 9121.46806928
3962.21116969 7398.24073747
7414.37050672 9434.9773717
6350.79790687 1982.75997571
6719.46255339 8979.96837028
1218.63603484 5920.35990154
7004.50129012 6417.5126078
9643.88714896 6903.77781901
309.03240642 6836.08151832
3215.24858975 9072.9708533
7432.10882589 5081.32281454
4453.52148598 2270.41290917
235.618299814 1281.74962895
3991.4474836 895.412483566
1005.18539638 5362.12015344
2128.62521319 3269.93153326
5465.93385457 301.056673337
256.042808154 9966.68074688
7728.95622068 2068.5439647
4067.10871551 9874.74921141
3400.87909316 8162.57278348
6531.04011453 4714.80880546
3216.3261242 9331.52438336
7131.37182698 7685.84625188
9817.4837247 2954.00866975
4792.40293151 8277.05007279
8465.80586687 9925.58657194
5849.61277242 6512.6729378
1152.76412717 4519.18292273
761.994713301 5885.34458732
862.524441339 2323.44392371
7908.06315547 6396.19748999
2689.49794898 4576.10224573
2699.22904302 7188.11054035
3.35026826026 9470.12579065
4508.4472776 5934.15797962
1969.2444658 741.993756568
1844.19663223 7995.31452895
3441.96881187 7677.93169962
4848.18201963 5330.90636757
8147.20898112 5775.266886
8319.79706995 888.103914794
1799.43665976 5001.02473031
441.146083983 1692.8169329
3890.83357554 6776.39492295
6964.85797357 7567.76074711
6660.6568079 6270.85034577
7255.6935496 1102.51941744
4205.759545 322.071916921
8772.04126735 3219.86670171
3255.04716721 3910.80948019
9300.87040842 3355.22255858
4108.51695908 4912.83512424
9961.55223853 5689.59754316
3612.67055554 79.0462917172
5163.9869956 2311.0312831
4912.25752706 3239.39820622
7613.22469375 3220.43516677
5393.68417333 1944.01713655
7168.99078353 1235.01417798
8796.1887912 5208.42222895
2937.92805816 9745.89837495
8202.40024174 5941.98591267
8995.44047444 1077.42225695
1931.08779263 9202.60862152
6436.5342379 6915.20995777
3058.24184018 1481.04074251
1080.44232572 5941.47956503
2371.48596935 2948.21643734
6427.14228064 8387.85296136
1308.77363057 652.269954859
6695.00210303 6614.87040683
319.128522919 2366.34439442
5971.37630218 8232.81035997
8985.61311708 1395.07077203
829.707965832 2251.84564134
1217.62067692 1253.53425298
9222.56408713 733.073157183
5705.95147137 9847.82571287
9568.46078493 3248.12742013
4249.74733973 4549.93283082
4805.12962719 2512.25412863
9356.61409123 327.501408099
8240.23124989 2880.8437083
8447.67237431 6142.83793869
8335.1081213 3659.26875363
257.219617424 7590.87987399
440.996922831 7443.01745514
6141.04681028 6233.84552684
8050.88700573 4401.00487822
4793.59988124 1230.93865864
7734.02569488 8304.38046769
8475.9092026 9113.48323822
6023.50073304 2128.63853845
9190.67177982 989.983667805
1589.52619538 8605.59181742
6190.06355049 335.144270246
484.986897731 4627.57834987
4684.05264389 6379.13142676
4880.88252539 4307.29806419
1166.05495514 1247.65586476
3987.55006207 163.323364754
7148.38372516 9881.02477066
1805.27464464 7412.12105319
9210.01714358 4089.93766783
8764.93313014 3017.208655
2300.66306806 910.555400624
2312.62940849 8004.87124156
1447.30850126 8701.85916309
9660.03156467 1505.30963432
8824.73563845 2542.24490127
9095.92103151 6581.95268848
353.153256348 8108.28495996
6960.75500041 6301.9298855
671.086156369 9806.05103852
2989.06286808 4605.34000216
3401.14568995 9054.98629806
4130.14409083 1751.45137344
7684.37942579 6929.19502447
2470.29277364 8918.40386982
8408.66763778 6102.12489285
1332.81568951 7670.21948753
6113.91779801 1206.14375815
7901.08964603 1462.99724675
8168.17205427 7501.51297116
4640.84994969 33.391636565
7406.93630937 5959.64005967
5546.91088996 1844.25074411
8667.5120511 1396.14140459
2218.96039077 2966.38249775
2979.44470631 2161.91792
7359.42716658 331.718019452
2578.14277542 3829.13894908
7873.71409317 6491.27039131
9984.96674167 481.077733935
7147.73993184 8796.63980436
6546.70296291 5190.50561895
3739.46173348 3492.61843132
4366.04358363 8552.20415416
1066.79993507 3375.46208441
2647.0912938 8020.21163577
1666.60583917 8316.34947909
7277.17560013 2242.17492668
1887.16525877 9134.55643545
4436.99452879 6399.00863142
8216.89566298 1556.03598117
4842.57662157 2644.1720917
8101.18571207 654.967406845
10.6500649614 3020.40801392
8457.23380857 3079.95652449
5439.457849 7827.83198753
1377.11378935 205.079936869
5081.1040582 615.477168547
9017.13722899 8438.39284921
8045.35091651 1397.93233116
4647.93626592 1367.91479453
3048.2399554 4772.54857229
9301.26967146 5752.09864269
8611.88549189 2708.21711523
793.637826206 8849.30110188
4098.9203349 5231.41716035
7708.82346349 9881.61022506
912.604818565 9224.47770567
3026.85778163 3741.7630297
5013.57369218 7009.26918447
9862.66840349 1441.33075257
2698.12157088 4244.25761344
4099.81316103 4217.06098477
7379.68272005 6551.21472651
3851.87830491 9142.88240869
1511.1640486 8896.16930545
9160.92153808 478.484864975
3477.5892339 4481.2125694
1243.54310942 2281.65987585
6498.39614164 7198.39160411
1114.1855848 4912.97228156
7723.10539259 8690.01063629
9650.91333181 1692.66567312
1700.06060504 808.487653268
8109.98507587 9296.0353173
5361.1365329 3231.71492114
6678.73654544 805.474877888
4955.68557379 4276.1004643
7598.06731394 5820.00013546
1364.68435524 8523.59268041
3239.33017494 1542.85210295
5307.29710329 1019.14512308
8333.78908982 1593.67366926
7289.27079759 7954.94334119
3566.25907439 1509.91988082
114.070717388 3348.80469087
1226.20824166 3349.50652442
263.991563307 272.965045129
8765.49565739 35.7787549318
7688.68865773 4620.10101294
8171.19591578 8158.62780201
1596.67062885 4370.70060638
4383.68225226 9241.47247181
3360.76798459 234.397074764
8974.51960067 6502.05552208
7495.77676255 9003.08084821
1743.92797168 20.6886927372
4128.06683375 2460.27895653
4135.54824261 237.032049756
6228.28811309 8821.31007506
7172.27526585 6111.78720493
2243.6909115 6036.49602422
6164.4492293 3163.36782618
6573.3319982 7891.3453934
8096.25945155 1704.77687666
7099.72005896 6827.34267065
3358.15001668 8860.81952646
8411.60727761 753.426579152
5559.31095539 2692.48061842
399.750012943 2436.32111684
3753.41977401 2598.05018063
8347.35459155 5041.79224199
4625.09894027 3428.62065515
8834.79941052 6496.27168031
6734.07391203 9080.14881281
9937.041787 7811.38485509
7330.81506195 6822.54820424
2939.2217952 8789.55808554
8552.10255781 6159.08828364
4081.7368037 1261.69930365
6917.5965929 7228.69455041
9898.21862121 1911.16474415
793.439783143 4875.69849601
9275.99476586 3215.15429782
8069.27414856 4641.40754663
8270.45994212 2706.90574678
745.077255896 7567.73019657
9588.65923924 8636.4568308
7828.62383806 8560.47275888
8594.45680497 9500.26270542
6908.24085596 9685.6191528
7555.85918062 4881.8826004
2515.50887057 88.0511174193
7978.38643372 3865.3030409
1994.86245557 2555.14512809
7281.73697468 5162.47390785
7664.48524464 5487.65037891
7228.20665002 3206.08855314
3380.21719218 1929.72729762
1546.83033268 5155.54505215
7421.37019163 5976.43443081
9957.46981396 1213.82565259
4736.98005104 8225.48026443
9123.31625493 4415.90788721
153.602275094 2733.60001638
4110.41921154 9303.97919733
8173.13911414 9631.67762414
5087.06891963 2138.06638529
2356.10140708 1301.4779602
3179.6877412 4209.63565452
2835.19737565 2690.85867402
7884.32447575 7440.02130035
9023.6966347 3359.57276882
847.247086904 316.698826818
8484.52849582 433.034152564
9139.85238597 3982.58552705
5019.56131102 2191.31463775
5125.77414824 357.023244964
834.417041542 5035.02950231
6744.16704759 5484.08295363
425.552764792 8588.35543669
9618.16457876 7248.88256908
4761.26679346 3673.52558524
9473.67442539 5401.54698505
6192.90424879 3529.19520517
7517.74845972 7503.26759259
4439.54780904 8856.79652427
5617.36935779 2432.87844424
8085.05101766 2152.01354313
6673.93431129 3286.62861849
8971.03493357 1019.09403229
226.374234497 2672.5442998
3939.82694981 427.611786816
8265.9064227 1790.98069838
2968.43950022 7150.3850378
5828.83560028 355.042534457
6224.68189583 9375.43207275
4925.37288317 3530.42791166
2930.51075243 8585.5090522
4877.34495336 5035.44981827
1413.12849405 5066.57255916
7203.31239029 4416.60132201
2205.67203261 8492.52064415
3975.1563219 6749.16794454
6581.8802742 6609.9001741
4866.78270715 7642.66122498
2039.10314488 4738.99702161
8730.74325936 1863.09383882
2174.88613248 6925.40563091
1089.64487029 6212.90975442
6566.19060478 7523.57153249
7508.43335099 4755.8700088
3576.20995975 7259.10097842
1907.49977427 8538.48109168
5801.75331507 8832.4608686
6645.75852142 6787.27662302
285.329647912 1331.61707392
8038.34525338 1210.90064898
103.998745463 8525.34974198
2207.39324446 9549.93117976
1888.41458563 4211.78213406
3036.02660774 9993.99686424
9735.89482939 5600.86275714
5157.44772509 470.643244729
7630.87470681 3795.39286261
6494.88423752 1191.95451233
3366.34562955 7284.52466053
4629.65241355 4740.97334324
4433.92800214 4195.2767431
5499.89231138 746.117087421
2731.31202175 1832.52776312
9215.35819144 3839.52830274
2143.48015532 8075.08931568
7249.47717838 2512.67040064
9944.84032004 1101.18809729
6136.9723102 9238.3326453
6313.60921482 895.100242726
9518.66891307 1712.11360459
8657.52451231 6592.56013051
3125.59330077 9732.13048043
3642.34678597 8101.45650959
3789.80944258 7828.05153307
2732.73737726 8362.94699956
9790.98996114 4536.95474043
1752.07263439 9514.8295723
972.26151218 2145.28128193
259.598792871 1260.92816588
6551.74810892 4254.52010383
1387.7103903 9497.40529945
137.994522042 6863.42831861
2176.72535148 1131.12941875
9698.28235309 4110.37964222
8239.12125769 5642.96564757
5272.69667398 8514.13971104
212.520808099 5937.22009047
2164.34207434 8028.03557051
5907.96248448 2393.79915355
8707.89476686 7041.55568176
9893.02871444 7926.28483448
9990.27094539 4744.09794667
8398.1507029 829.013765707
2205.35932494 8044.28715228
177.692870169 5037.92654802
4415.27321259 9501.07394129
1711.32125791 7373.41140772
1786.07406277 602.875723603
3261.34715001 9363.6807511
4406.57878474 5975.98653892
79.6491536939 5555.69265276
4821.31594589 5818.63043892
4971.52462842 1074.86724078
4263.24679792 9544.61473392
5050.31607306 2637.92756756
4884.45354951 3820.52767035
9251.33684682 4733.17529026
3520.89796477 6905.40932414
8042.04382439 9911.49643221
3266.386826 170.130485603
1912.68684263 1807.35590589
1691.60680644 3640.13701481
8081.7223217 7520.82407664
4016.76231244 3746.81589798
4909.15577655 2445.40015141
2889.78746468 2317.87039904
9704.61619041 3155.85769622
5323.57890367 1983.84405701
7438.83615402 6816.07326945
6699.27800472 5473.82731973
2998.46797466 1128.62667065
2929.52851077 7271.3664774
4609.31358854 5502.71789853
7929.3079647 630.737926036
8416.64933493 5144.58231037
8717.46152115 2348.96229923
9193.23485512 6762.89421898
5871.42522263 9439.46003542
890.308458087 9385.1475978
2697.64883773 7879.05267981
2197.57276751 3190.27946108
9696.20675458 8199.64841056
687.265259102 4630.35739528
7129.04553852 6775.05368848
3660.52461511 9443.8757039
5612.47583004 3032.14919844
4162.30906197 2721.81990229
7496.22923633 3882.32247111
5794.6253448 3581.81581792
8995.48693983 9146.65524271
2491.02728504 9524.42953546
216.607420266 5178.20541392
3837.73401482 1987.85497005
264.155184022 481.405810266
9104.56612551 7248.24976728
5910.02882283 5688.89799272
7622.68169987 9441.27675307
4010.39562805 3060.25805563
1403.51205575 6600.62259702
9923.29885728 7256.09517434
7764.4641152 5207.57547282
3280.60577285 5169.72163192
6434.71894346 2778.30225728
3802.38107608 4496.94763193
6879.85923823 5603.25510678
7495.33364647 7747.20041434
8319.79900981 6187.83447399
6910.0528815 3482.43087961
2711.49709923 6006.01021801
6829.9975343 8516.43090394
9215.80452896 227.389466369
3022.86263678 4946.73033794
2543.86138053 2020.58892093
3513.00507101 727.365927164
736.072123011 7486.38853817
9529.00397702 7461.63401416
6677.76352594 7278.97880683
5880.2541781 4731.75854219
4928.40467975 5049.43872826
2828.03615064 4453.3635239
9207.14005744 9182.47364735
7622.9110258 4172.87707604
9220.6305668 7106.05127269
5545.02638404 9228.02144624
3776.0661568 345.908211938
9727.55798927 8303.72798631
3866.54009472 2957.31727734
8554.24175281 1675.02551581
8772.45578926 4615.23731596
4830.08247536 9829.01784514
8980.54692168 1497.25509448
8941.20707853 8458.12981951
3815.88228291 6524.51369941
7672.64040291 6723.61197187
9329.10913495 6063.76156477
1401.98764666 2766.80036367
4582.58379276 5916.77872022
4382.39427319 8772.51774684
8183.44286204 1966.10133333
270.165988509 9901.88552287
5477.12893881 7314.49561963
1321.23959101 9390.3961041
6171.76566935 2593.39162294
6918.18566546 6746.67531668
5811.86045522 4686.99042227
2853.64681798 6497.51730245
5211.17706415 6356.82205183
2588.21312119 8377.14912155
8778.13744884 2043.76918651
3374.00025405 5711.26619185
3512.56759558 4484.53288972
520.647727396 3378.73260128
4859.78129827 3349.44777369
6687.38391318 1252.94472317
4915.36616623 7827.07259142
3271.04597524 9030.52983283
6006.76944231 6052.78224372
9633.59992906 7355.08605029
7836.07158242 2035.52820514
2809.49525715 2020.83009265
4589.7120723 1930.44287078
2891.24938715 4851.41236881
4167.40564178 4869.00393018
541.836765465 4104.62865411
9080.82073668 7727.03954853
3670.33545196 8435.0357858
4831.06183943 4198.72202325
9868.17137671 4518.20543274
175.027240234 5382.40839005
5327.84352398 757.19780761
6599.42661647 3333.42733976
4472.53524949 6556.89904604
3987.92825876 6657.94425276
3988.8336835 8896.8844493
3214.91265915 4723.38167071
2648.40552155 6037.37082338
1030.91131924 2158.08894812
9108.60634508 8668.97719679
3083.64908129 7963.98361206
4401.91113161 362.410139463
8087.75537269 9410.76378256
8838.7387581 3626.10939422
3696.14354645 3893.38872235
6219.71279257 445.15988763
2068.73280756 3695.61769014
9717.0742807 4671.21640685
1419.37600188 9780.71708302
5889.11843477 3838.24934736
418.388128659 3462.45420007
4662.37951481 5772.17122837
7366.57317704 6716.77770239
2203.41363621 1725.69284388
4612.47553841 1289.91012108
9391.8398538 6709.29720968
3095.63131214 31.6183477384
5670.56182817 5759.49178152
4598.01912162 609.066290356
4304.87477993 9416.49084331
4248.78759022 2312.89993177
5248.85544265 8357.65007672
9552.18784291 7659.78413446
7136.92648869 961.521326844
4858.68266603 3850.85885061
7224.83240186 8976.36123117
6412.76073701 6388.92924673
2533.61326125 287.682250474
5749.32082697 989.976016438
8695.77450712 2363.90139124
1631.32898223 1080.50267698
2369.16805673 1691.7010922
6287.40500107 1085.9122929
6460.52600884 2353.25575818
1858.63414758 9642.92001333
6634.37933704 2290.46206858
9766.28101082 8248.97104681
5980.7003166 7566.44585101
7786.42868717 1486.00411854
3135.72490793 8266.56427879
8719.98547083 3769.51574514
1252.61906939 9286.93392222
1453.41032109 2633.65771494
6094.6727092 6586.91656987
6129.79529113 4422.54490758
7189.00566373 5122.96406822
5565.43570125 4293.41405965
6630.48615997 5694.95032922
4037.40357388 4774.56879741
9681.57461921 1289.26139334
9272.17054645 394.590844889
7617.57989458 7139.47374037
3214.59700634 4348.92653243
4401.50562782 5054.69721129
802.209996914 7584.27255276
7510.79128037 7552.02401516
8690.30670103 6310.20110363
8205.50030512 7077.84371319
5962.24961444 5773.44725314
2997.47441557 5926.62209012
3110.04056905 2284.66916025
571.961658368 4915.13483782
5031.56855301 6906.73259852
4691.69763778 8471.68666424
136.980749947 2830.38155132
7949.05669739 364.607508309
863.882304831 520.974274848
7902.1028882 8952.88845719
6775.42971893 1039.31145587
9322.46481125 1556.75359549
2208.24471591 8245.46934106
8530.37828691 8931.88275166
6735.83087531 5512.18385914
8227.90842887 4934.33825761
2515.39683521 1638.6336891
3639.50219636 7632.09162452
4842.17161603 8254.42733512
2948.96789559 9712.8389629
177.329617051 8747.23159687
4949.19477935 9465.21935261
266.704387039 711.83189578
4699.35221647 53.4963654058
8820.6798723 1257.05476852
1156.22232891 3972.33417454
5797.0996754 707.11121707
9336.39439179 621.122354456
5816.73059723 3302.35666349
5484.69298806 9971.62625009
2617.66460465 6192.06479562
9870.26910564 869.871908822
8158.47657758 8733.85656138
6925.0642516 419.664423423
6962.74708313 6347.28435628
8960.94007033 4409.47558761
6148.89785999 5156.3676919
5915.62994389 3087.33529228
7627.266397 1905.8151196
8575.08923802 4182.51521849
3482.7934729 7266.74163906
3622.50023203 1908.78489523
5106.24578102 3135.68002681
9338.98340083 5930.11265291
3407.14377883 7086.11374868
4178.82135912 844.995094018
1103.14767664 5203.55669762
8373.99106769 1965.9127401
6899.17047337 5775.17305563
5968.52791931 457.71281503
9885.58808004 8160.794202
5313.53093209 476.102523165
8121.9195878 9080.87636428
9119.41946448 8441.55444245
1859.6417802 6056.62918024
5428.97260347 8724.64924224
3576.72835001 1357.07605506
3612.88905284 2805.56393008
3959.14696169 1143.10154179
3994.25496409 7073.67868797
8196.20928012 2004.12465911
6632.46465662 880.01370948
1842.96361542 7459.41632119
1974.24761636 9666.12020694
3752.8460182 864.927500047
4228.91604208 6468.60554489
1518.93641307 9565.81667376
9592.58765499 1250.02475879
6289.90363045 4027.11193111
6777.08623723 80.8313598767
2647.60506835 9802.42418015
5464.43647197 6247.94552653
6897.59964067 7128.46127412
3215.44240646 749.408363192
916.771370498 1353.29072848
5012.27305798 1450.13792018
5077.60148888 1591.72943687
6805.79926177 2233.80127431
8470.76073163 525.698764729
3334.17003724 7570.78071092
8598.09167727 348.485303393
3360.66242191 6502.04732915
1977.684304 8492.30038945
6855.2190121 5779.96041362
3236.80256815 61.5631702563
6053.52749632 7328.05102652
64.9531700231 1651.51108031
7657.85457486 3072.65190147
5413.41452247 7100.01808718
9173.97972485 7613.90932171
522.695447979 6372.67896692
8459.16762505 3556.37059289
9057.45362613 1024.52868138
2855.49827824 1594.41489541
2302.92053459 1745.89490494
7102.57954709 5020.23601526
7258.54496649 328.481129279
5315.02344665 6759.63709239
1992.680246 3194.13740089
2543.39934306 9580.01516913
7240.54333331 4759.31250976
5631.29204267 8729.13861977
2768.8481186 8386.1164556
5447.49176725 9002.50675484
1135.82704908 1517.62421461
5395.27493655 9423.17147531
1557.01183632 9792.68030363
3756.12271057 4851.43055128
7412.83505164 9391.3231319
5845.98457589 5113.93722527
3303.231495 6475.32925896
6454.54450844 1952.32987841
1299.8475879 5264.21403691
2796.91702037 7368.0948147
9430.89894998 1016.34545364
2864.83311588 5789.37550549
8981.05796708 1857.35553205
5558.87953953 9840.95226084
4332.00611727 4357.75836838
8231.71589302 5457.26011343
3145.1044359 400.623447054
9526.05990898 1362.37107251
7129.23055253 7967.36594262
6753.6078277 9257.49089166
7514.72294415 8719.70216116
1439.04737114 3827.98276476
7235.53857713 7944.81219463
6716.68321521 3150.32133179
3995.47114087 1932.19324477
3167.52600656 4608.23530988
5819.94445825 8747.50526335
1181.27065889 2424.16293968
6387.8120831 5071.46495059
1674.86599284 6085.85992767
7063.06523021 6506.72883598
4816.49891513 6270.64486076
8372.04716477 8587.34205791
7714.67770778 9515.37241081
8211.38835132 2069.58959634
4959.45751258 5875.29147509
1257.88531207 8917.59465814
2897.81369381 4215.5870608
577.790322197 1059.88191213
2724.25109351 7302.31515223
1289.18015615 2097.22467003
4268.35183274 9269.9664247
4372.41960977 2954.31610181
1093.32658118 5305.08159778
1394.20710966 9499.29069736
692.194338239 9633.74214823
4896.42368535 115.592841694
1311.433869 7014.02832841
5426.85784362 1187.39325053
6512.14614504 6512.65808538
6257.84828625 8094.66843347
2530.75977178 9520.63216342
6729.673123 3516.97901738
5466.93093766 2904.11332356
5460.48738264 9966.61427267
781.25554004 4779.58446783
8656.2754905 4911.06332941
7099.44995003 7423.96004811
3632.55671317 2606.37731839
9130.50357346 6185.33345016
7888.63789371 137.75958507
8241.49851417 8356.46471755
9569.47228821 5572.14090519
3106.5393549 8530.13098854
1523.50996362 2446.12814894
5670.63953378 543.101555206
7359.73064812 8081.69595055
5118.19981989 734.152925025
916.44365117 2600.12327317
5584.51194029 1754.4551497
5849.82786618 9728.99014731
8298.59811095 4031.12366482
8239.11706702 935.596280131
7702.59993438 3956.639057
1108.89774034 2349.08622994
3904.20616217 9373.11422278
8747.77526049 6261.9666489
6085.98049706 6083.0922488
9968.35091898 8670.2918193
8748.06530151 5747.4675868
6574.64633337 9872.06061693
1074.13258641 8781.26487986
7697.22713154 4457.08378653
5975.44760567 4647.46671524
3151.56686538 8724.86656725
3582.82966803 5636.171964
202.992497757 9511.45906094
7737.50281846 5735.6870817
8948.30286813 8129.58631116
2289.54393818 3238.40289338
4666.57267329 6045.81072843
4415.87760608 4765.87061394
750.825958568 8137.20319905
4135.04771541 9366.3311815
1755.58472901 1290.00977072
8932.15035495 3824.4568466
6306.90539433 5499.73217877
4218.89775821 6036.22530746
7317.56455951 1701.13489271
9270.22055641 4168.23191198
8524.24374846 888.131520408
8190.52215798 2776.68685247
8582.91657423 4922.89744382
168.498864779 6218.14318144
2985.02307225 4424.52127851
2218.38752625 4939.38141048
5885.50230102 3213.31834777
5027.09627916 7113.47241571
2543.15400117 9090.42189661
9448.58042862 8864.15609961
2039.64303275 4921.81333771
8388.41217461 8695.30200861
5958.24676218 3707.32241184
389.078138465 8001.24131021
4276.43913608 5178.51490092
5384.95219443 9534.29560247
3962.45228587 1629.44053426
1047.73136376 9631.10907207
9517.18441352 893.644384812
2593.15820913 772.430878265
6902.4537647 6549.26605564
8012.90043943 822.63040643
6605.88961957 8750.03437039
1855.78846603 3837.86854201
7204.05504555 6737.68825542
8542.14504753 2021.19520917
3609.92000695 5526.28150996
2473.24421449 6739.23270252
