1592.03316548 6063.53655304
8725.86223577 322.558355517
692.036990978 9764.24684601
6869.63101174 7495.25112401
2092.11564336 4680.15272247
1779.97766014 2672.86601124
8798.40903 3931.40308449
9743.68573925 5055.75767449
681.821617764 7043.46435173
3144.03962985 1474.1534879
8293.57778342 2823.95628322
5864.89517029 6258.34528369
4571.33132087 975.238886955
723.696090096 808.049828594
3905.4794998 9162.24250963
5222.68901985 2720.23028222
9789.76438111 2115.14181135
7577.04456117 6050.03142379
3825.54828677 7537.35159242
1034.78394865 3743.54310978
6576.22630454 3650.02843282
8031.32323301 6846.38204812
6622.56783679 6469.24616699
7923.36317493 3559.68730869
2459.95563995 1876.32794208
9258.5503181 994.534960702
6408.92810821 7116.82002822
1522.07221847 6034.71754382
1404.85468697 5173.29770318
6346.6661965 3447.65463171
1842.56214657 4923.92733679
3802.82965068 8533.12637237
9312.25923255 4643.94735808
5527.47824733 7899.32523991
3455.30819134 300.188316588
9624.02170877 3172.65038611
2727.78504797 1621.28549667
3796.06778767 9327.69882676
8785.79770646 3498.78316438
4371.1125897 2088.21182961
4287.31239987 5066.14068676
9988.37661541 5535.72239097
5531.55076751 5658.08291101
7283.86335571 3372.38532846
5850.74806175 7181.04203504
6090.82200042 3560.97119467
5107.60253256 8319.95268453
7438.56132406 59.4681952841
1251.47068426 9498.1816134
4410.95101266 6810.51286993
4342.64289782 7467.16041384
2103.18900229 2884.96679933
4797.92662659 5417.78762035
5000.82633458 1308.27077012
3468.43680937 6885.56354734
261.75488129 1659.09227223
2611.8897841 5883.80221201
5919.73003077 1319.95569647
2991.64155722 2501.56099781
1800.66350324 9258.30326336
6757.24334494 9129.7087586
1288.83221548 1873.64801432
1223.16416522 9962.79880613
7526.39508938 4156.47670751
4385.14645552 1633.10895044
3764.15658274 9112.4139677
5401.14769612 5090.64963221
6360.12086845 5301.49701225
8932.18682518 3038.03101947
6338.38536836 847.966922499
5784.34516849 2391.90236723
1250.21439967 6116.78103202
4113.35846974 5894.12101934
1483.74586512 3960.60441638
5496.84462162 6416.0959839
7759.40818578 786.382722592
9172.78923512 3880.90359617
554.53180657 6936.71754341
7113.95211504 7935.21254841
5842.34439108 9540.77012397
2430.97009454 7300.04137378
7613.2556543 9082.2556929
8055.22713839 1499.3664781
294.711307026 1661.74232865
2173.68501735 2063.44001766
6660.6029965 9838.25505013
8234.6813027 4388.61574406
7427.49374825 8054.75191143
1746.07638412 2631.0114557
2143.53340815 3809.38075443
1693.66960846 5136.07091357
8866.34380638 7810.7646433
3521.55063372 4345.10767222
7222.64462769 7712.10046977
3640.90493039 8951.0557231
5262.14334578 5257.56509565
8050.02545532 2752.38003134
3418.84269004 8862.82729532
9163.84509256 6320.41867928
2545.27486585 7975.23896298
908.959494733 8524.16571493
976.649697318 7988.49296767
3973.43629945 9345.29178229
733.699272312 9136.69900669
8282.1541334 4944.33624173
9821.03137429 3078.48052051
7728.40607711 3916.82649711
3835.85589671 5461.87471
2149.35318372 8962.66809851
4313.75478461 1677.99399914
8612.98275999 7943.82977071
4226.44135938 7848.55612234
1027.08172603 1707.30340852
2737.40305511 5931.59988122
7774.69341207 1384.58775505
5308.10706934 2299.94289434
6261.13781848 4044.08562565
1553.6277774 1269.70474181
3914.30559476 8031.49570035
3939.15178323 6465.08681259
6078.39059052 4351.21736672
6261.57384281 785.772200275
6202.80066511 2204.81716185
1423.52291488 733.764532299
6145.99547365 7118.70771572
4894.19524456 6651.97049354
7192.51929502 7597.3897209
3829.84372392 664.59770917
1887.53935013 280.813260688
460.08668328 4775.86304623
7829.68440922 189.826361704
8070.82656435 3619.39040813
7100.97533717 8289.80332483
7726.85270547 6473.01777925
3901.36110626 7934.08076138
2801.41071327 5276.88218785
2860.09213211 4190.73593102
8860.06864694 542.116156717
2448.2713483 8087.16084744
3922.52797495 5005.36850302
3478.6733885 399.512081714
1492.53755599 5762.37950872
4110.2558235 8587.4407806
3534.56073328 9277.22080331
7878.23995121 222.626970178
4348.00362838 6128.40968994
2055.85301626 359.846020447
4648.78823818 5731.17522673
3587.13990103 7191.96462201
3772.1127144 4563.99613021
4847.09953259 8150.04951746
6921.0782017 3416.28396677
5320.96857227 4246.38563935
8875.96174168 7627.41847407
3801.95408369 1745.94356898
8119.99603508 392.814546375
6904.33828546 8423.12791112
7145.99884919 9871.6240198
9312.7917282 8945.79124378
7438.86431615 4590.56137586
6953.00275875 2800.74706599
5976.995428 978.371720821
5271.61453987 5833.9620435
3990.8344941 4043.6634662
3991.86375278 1683.41935691
8399.55134742 4495.45436575
4846.13137231 8536.6743198
8624.61982569 992.097426101
3111.59129468 1589.17877452
7051.56365085 2448.73637691
6374.92369478 2600.17239187
2666.07833888 8846.4607611
476.596521283 3600.67046491
6807.83798437 6076.63932595
6503.68767287 3672.2005961
7044.20263275 9407.13426814
4185.04801241 9229.23207917
1440.39430859 9689.79746274
6161.70347808 1699.57496062
9835.05286297 9125.94694689
3889.61475446 6771.25380879
8640.02931651 3765.30521583
843.986525307 5044.6793167
8425.89923248 9513.28241635
1952.091342 461.079168592
7789.9452995 4248.75636527
4316.5789149 3094.40554856
271.084164874 8860.31997549
6818.08034623 4354.06578765
2281.89133206 7705.56952719
3986.60905592 5096.31221877
6947.2833994 9999.86825
5284.40844603 7347.2216223
1491.72368395 5885.59283015
4324.47409455 569.659776082
293.391435464 2266.63667132
7567.91303375 7350.28493709
2251.0726657 990.3110702
8130.05884985 2023.88691122
8195.00093755 4079.44965166
6396.99486588 6663.83482974
2799.94527136 1662.17969322
6601.18586174 5035.90598132
9146.89147647 5966.98943097
8794.33652732 8505.79480291
2518.33245646 982.922134952
5325.65111525 1179.09036385
8097.869173 644.29980966
8229.07705701 2028.39180158
4287.69142766 9448.19193852
2198.6032737 2236.20331209
8916.20328297 4097.98344375
1089.71880522 8785.07324391
5567.61264735 9605.03244563
2887.4781238 4561.34847671
1045.21725987 1703.49487889
181.907362429 7448.73346011
6456.84643988 8654.077317
7308.16776752 6592.92552077
7825.96297022 1270.76989122
4102.17041489 7826.63864143
4759.39392219 9335.43469472
1797.02961141 8860.58399232
3339.00727051 4699.9734194
1075.54662366 599.956089804
3772.48902787 2078.90164192
641.302923504 9617.4530987
8744.06561156 3754.57235938
9363.65211698 2777.43476334
8512.82026118 75.4614387458
2006.83931972 1698.96865194
7824.30035718 3810.17877406
2564.20129955 3690.78453297
2783.53981954 4020.91681446
5346.51490158 336.630339063
620.145427264 6616.49434035
9024.95341889 9626.71917471
7904.65412783 8120.73046243
4807.66627924 6440.4958741
3014.39366351 6907.71701851
2008.22319143 359.48182216
460.589121453 8103.91568681
6999.90991143 3292.73728457
5667.64912112 1557.49003263
9608.52467653 5344.09166498
4980.09917017 8105.47058015
5935.58874407 1921.59389751
1181.42257013 1153.82372626
1512.18325244 132.663130523
1101.17023881 4174.70685285
5728.06905716 105.747434441
7827.1312083 3350.43549856
8571.65794528 9484.46022046
4060.05379256 9580.8391993
9412.4247052 9562.60619048
8127.04399168 8256.30557826
8388.35753212 8629.62903849
1643.79066823 8141.00793072
109.667338361 9854.40229612
364.023261983 9944.2134108
4189.60388728 3848.81804409
8833.98936548 2840.61944025
6195.84297509 3835.88656031
6898.39713003 9946.0404843
7362.72134472 2098.70220816
4255.54119968 1969.96418191
995.416853874 7670.932039
4938.97779014 8281.32376515
8341.64982058 1492.83143565
9695.6707078 2488.79042389
15.1613301032 7470.01274924
3805.40889899 4973.34554039
5793.54702508 6983.4299451
7603.18090951 6857.46104664
704.469245673 9869.59587523
5183.16881908 2683.3711507
2794.25644764 4191.64736504
5639.35120708 7305.49246855
7042.1650129 1829.77224777
436.350419999 9317.76822336
6913.31659688 2821.33615255
1214.47455044 9292.55382457
4559.79755154 9100.7486003
4948.22637029 2721.03960856
4611.09253467 234.423501788
2884.31118592 2670.24814783
9177.32669732 9762.63901576
2330.33476305 7821.64069698
6459.96904974 1027.55595754
2081.75438066 2323.76994398
7326.14597921 7739.32871161
8768.7604183 1922.76406233
6307.76039918 13.9238016541
5007.40441754 1681.03364011
2405.1644523 2600.26876985
3543.69944342 5608.86095548
4803.10004961 2454.64267701
821.002875823 7381.63144437
8333.4070277 783.470052834
1275.9832315 5494.22859852
8341.21142067 1517.15046161
3311.68628497 2174.06885426
547.096916321 885.004683313
2805.77798826 1448.75893326
3573.397496 7294.16768991
8949.53375825 2548.62597695
6661.05692184 3326.84974636
7268.39991189 1827.20121505
582.939723361 3598.5404917
8576.14292259 326.70114891
7588.33183371 1594.72242989
3260.08581879 2884.84643812
4616.39630159 3209.45564983
4518.83497121 4457.64892016
2159.91166675 9765.55058818
862.971285599 3805.77457451
4358.14303158 6516.99498223
3298.95996006 8016.23593143
6554.35790641 3895.93959373
7539.3307117 9770.00224137
648.69292757 3774.5856085
3728.35119884 9030.98224206
3495.93416216 2718.2276736
6563.8271322 9523.51253829
615.357134551 2325.41413917
6210.8304384 6463.93861315
3245.220169 5800.13376104
9888.23193751 3983.0172965
8616.40295761 7188.28385222
5292.58304394 3903.20063649
3164.60911906 3801.25358771
3512.4184975 483.133129428
1460.52874564 831.111104423
829.837014736 1127.42602691
2173.50490318 3209.24191751
7375.58603418 4012.25618418
5086.53496316 1449.77533317
4125.86225855 7652.73796184
1622.37685033 5127.09974254
7978.81370523 2834.54061954
420.187882166 1662.86765588
9809.02617386 8172.2645607
9771.80500761 8774.52203658
8745.02965335 3488.36911974
9205.88021678 3968.58638532
2793.91343014 261.809296478
7304.32690868 9591.85798201
7412.82470126 2529.65710555
3490.03586535 3827.06960063
7074.54044495 9967.93080388
1797.51880019 507.517615803
1148.9590498 4857.41005702
1245.31259745 8327.70344881
5381.67801485 798.625911286
8488.4825859 2870.77040924
7537.2855054 9374.42890755
199.959946717 7945.23188755
4532.43881887 1241.45843681
9517.1253647 4460.21177007
8659.77819101 1277.82621443
9721.17731049 838.944888274
1447.87202343 4234.39629726
14.8263610207 5925.94285396
272.789082325 6779.9222631
9803.75296099 7307.69085251
6540.5717977 7011.44675809
1403.15047839 2295.07362898
4454.84485967 5404.48658856
4548.67741712 3591.14951247
2301.59988809 6935.91273622
8386.16817371 1471.67626785
4642.99650891 9786.92497621
7959.05208246 2625.34249405
9191.97249575 3962.01419609
1785.93858857 534.854480543
7736.47929125 4689.54409169
96.624245019 9296.84954077
1251.98470376 9122.80268137
2973.41066284 8461.04209114
5303.35940471 3339.69975587
869.6613504 152.231710802
2029.21351767 8454.851701
5314.00178495 8338.90726397
9693.93363863 8849.78912118
8571.30430423 1828.29276774
5555.48970059 2841.38717297
5934.50069994 2955.82789842
9589.65198591 9236.31434802
2502.97467025 9574.41658113
6924.34875397 8689.7950036
6025.73370997 5747.86651155
1852.79357655 5716.16345858
4106.12503253 5145.71364849
8190.42749489 8804.29305676
9992.62310943 1111.69043029
4868.310523 2987.46468364
1252.73826125 3625.18640883
9931.67024103 7760.46249365
2191.96543807 9659.35548617
4543.94698564 7931.79506532
8698.44395169 6061.08878462
7036.62958611 6656.84471607
4107.43818335 4779.32539253
8955.72992365 7521.66555282
2209.74177132 5899.36106813
2035.27331618 7589.87388896
6674.55083104 3119.13166727
8206.27580621 4488.58333005
4818.58386803 1708.74309388
6964.73373419 630.22917261
6754.05307381 7126.04735357
7690.7697401 9770.10796213
4171.96571562 3139.05267605
7772.46131949 8750.51830395
2106.36845086 5096.27064405
1074.06869018 2452.8542056
5931.64891662 72.9010346581
434.148999668 9542.91559137
9186.48125441 1387.67933435
5044.36320728 1483.05769823
1358.26870153 7815.3451073
7038.48736875 878.892029133
8832.92972072 1509.62564387
7478.34202225 929.524434007
331.536681201 9580.8696161
1276.37835044 8405.10317206
6671.56890277 2861.74310045
6771.34501945 7248.35045098
2447.97585625 1964.39234351
8584.14650996 442.298592621
8692.26542819 5730.70674951
7599.72036598 4430.65767879
3233.27060439 8333.64763509
1817.55419064 520.21391663
8902.37045593 6366.23982151
2531.5998216 7795.5523165
5875.91891779 3278.08559325
7703.19518236 1140.43429753
4444.66961289 2977.65895761
9336.27229608 9159.84454381
6416.27927682 6599.47659718
5793.62647602 5879.59624332
4696.12871716 3297.5461276
4238.26454422 8319.27176196
1283.90058811 7735.1589242
3389.82820264 9667.31093885
848.294561273 5931.27666152
36.116786253 1814.75963418
3293.61568383 656.152510838
4812.50927727 9970.49665144
726.25143478 9546.43759433
1171.16716624 4434.06567109
7378.67506539 2829.40512997
5068.79761753 9690.34242907
4907.11810533 1972.58707335
9481.76539643 1673.78178322
3496.1607815 2297.66881313
4355.38102847 1960.78181289
9118.91469323 3658.64098353
4943.82343596 1099.78496789
3373.54706661 225.445234759
188.474081541 455.263255641
5418.27569152 918.78888299
3847.22080853 814.525437248
3114.28683545 3760.24447729
7302.89386358 8967.21524797
8522.16193331 1246.76070461
3427.61260445 575.757762468
1724.33791881 8089.67008913
9472.4912927 5916.06137193
3090.78343708 2199.37296818
2075.7536623 2282.8647397
4662.64740043 5819.06623185
3438.81362119 7491.44548346
7424.93255735 68.2200382355
2138.22270422 2294.12314658
633.093565976 8756.34788564
3270.4845267 6562.96276287
3038.3660832 5915.18166454
9271.52703483 6678.0167921
3858.05090318 6226.28581826
9224.46088609 8741.82114056
4539.13638263 1951.75150831
4502.40514821 1666.63601626
611.479033555 8881.38637364
2734.17408164 9282.77331247
1967.55967489 5692.74402801
9981.1457999 8513.00896169
8951.56482942 2225.948894
8070.6291724 7753.56483583
9354.44342619 9302.13139819
5828.93839739 9983.59704574
4527.39643339 6598.78834168
7481.05507214 2133.14600904
6850.78472558 5221.27328123
9346.5585451 1909.0422796
5787.07801241 352.03524546
4296.3541428 4339.02114736
1448.44162803 8005.65593394
6002.629048 3276.67124329
8202.92424775 7290.51261289
395.421525438 3859.54039003
7462.10812708 4903.42478232
739.544318207 277.195073854
7943.00145423 9826.2875518
1369.02168552 5702.6989451
2974.77040169 7088.83315085
6595.6970931 7970.22414822
292.15199606 5164.61742887
841.431722869 2750.7562739
2793.43363658 3461.21243561
1416.24517449 1976.76206421
8846.2941858 5149.37297614
6401.31069945 5356.92561741
3181.28568798 1320.21622723
891.895605017 1225.90920778
3969.9544558 1080.01883002
6780.17687538 7896.0933494
7370.88959163 5749.5196454
2917.56448871 141.962540635
6442.49573043 908.434052939
5797.88070463 1012.77450049
4464.20246113 2969.52380966
7610.86669751 2680.73942641
2600.1342221 1967.11531157
4517.57271765 3341.33674415
8834.25631167 7522.78101387
7928.71721921 8964.4190613
1795.64880838 7643.67197016
7182.22601088 2157.20960413
3016.06083406 9841.73277306
8229.43895 32.6205022847
1425.37270881 3608.05803877
8205.25510813 3787.56723161
6149.5650606 5505.04902648
9604.62499052 4547.53199582
1304.84336896 9920.49446992
7624.0327819 4551.47555989
8672.64594261 3399.12833595
1763.91227082 3169.98013069
9932.47903864 275.317629019
1764.34717465 6189.39897
2256.61863296 7636.06741378
4628.84488921 6921.31415261
1614.39890064 6266.40361016
3980.32913791 9530.50525155
5423.49834969 2175.7087127
3494.27516465 3731.8483354
224.028230086 5321.05396409
8447.2257937 42.551801176
6950.6297059 9801.48261746
5729.47409005 116.709242165
4092.29985441 1010.90669241
4746.49735991 9160.30767409
894.738374168 5150.4351101
8716.30288663 2655.02932388
2076.14291161 3664.20804005
9150.80106916 307.028507433
7702.79072706 9754.74359041
4793.60826835 5250.74168008
6867.78299975 697.09537474
379.704931474 3898.26137202
6089.60049054 526.540262749
971.469383675 5235.60753218
9004.74468068 7247.23377832
703.231660293 2509.50746136
7270.57364452 7221.48769311
3049.05829458 9869.04866211
655.292305332 6913.47054065
1131.25731532 4610.58717458
8319.0696969 9581.52782164
188.208486694 7014.66049916
865.300644909 3812.73394115
3111.57548319 3428.00968378
7159.53213297 2853.47585132
894.634781415 3385.15227684
826.449197701 1332.87692922
2779.65346629 2378.71594782
1481.08573889 2594.21096571
1914.75865941 834.738127712
358.527653581 8914.0406244
6168.10016292 9372.73965801
9816.55690405 7964.03212781
743.371114732 7705.61429081
2179.51631956 1503.55627927
9472.38750189 3149.3003836
353.245126227 4691.44092254
7230.22187889 6284.15578426
6518.61456808 3938.9028122
5037.52732378 9403.99467484
3894.48697713 8770.96287198
6851.32592619 8990.26247484
5190.17990148 2441.44561032
1484.98703049 421.106025681
5704.54939079 722.965608126
3372.34206481 5158.33010255
4591.98525344 1872.91555728
9521.23469345 8441.50686738
1446.24400573 374.384036452
6639.53113437 2241.43996549
2066.15560757 7594.25330468
8034.79324149 9444.63560042
7258.88153243 9081.25222532
864.13152711 5709.19216297
9846.44016083 1669.69455446
6312.05988523 3802.74999885
3853.55682821 3947.7785673
5602.55302456 5361.56729257
4075.25124048 2422.75654024
4610.31299195 5253.78578134
8927.28218297 6471.72431185
5.04103922211 7992.09079962
8160.75097752 9673.87972641
8984.75790222 8421.10428439
4681.04381639 4166.86857751
5344.03004741 1765.74602662
6386.16316225 5326.9817809
6499.69597733 2106.00732624
6035.0070275 2658.4001406
1744.31057756 1191.99395935
4119.4271602 1832.25653534
3034.77368428 8209.21068776
874.897527255 254.812920231
4765.36846758 4567.21089306
120.144930035 9713.01904479
578.940281063 995.687469108
8733.04779056 920.275897338
8856.28819387 3108.30348674
9544.47271998 4936.9444158
4182.36167482 2292.30016349
375.924573517 3362.93069807
837.447004502 4508.1829001
8179.27105156 7666.07764124
5510.48152617 5642.84209778
9166.87955541 9264.84405191
2059.20023267 172.043053777
1948.60321013 1204.03047295
4447.44316015 5571.96799708
336.663058019 2229.99335685
4093.91763352 9459.11590402
1867.7860486 7533.21019765
6493.83328342 8025.93336928
7577.21262606 2353.49524802
6980.80456437 4061.42393284
3752.40072063 805.353186339
7171.34456306 5406.71015338
7100.36791671 4729.7503692
4922.85671116 5861.8933432
5350.89712649 8472.42710642
6149.08666466 5899.14942341
512.428241676 6976.7147954
907.49381063 5874.55015042
9517.78076969 686.143117676
8960.82788625 1617.81595478
1229.84974171 726.091876243
2092.61244142 7181.16721116
4215.08068355 1897.90236981
1618.68270023 4613.5092808
411.586200766 3131.06970754
2018.43739016 9228.77290087
6776.22537685 7475.5005763
4544.556164 3429.00262305
3424.03293491 163.047380807
901.554799317 1291.15858101
9600.17576738 1935.90123486
1050.05304239 393.024547041
2478.9497345 2015.98575237
4228.2697335 630.709710242
677.793967622 8389.40514055
102.009246711 3882.87467245
4738.50400853 7634.4656294
4109.45371357 7138.625031
6141.5887898 9116.06521196
4789.62978232 7220.1297673
8725.21156344 2306.87792218
8061.28797677 8321.28470962
8401.17578304 2401.25086541
299.153639758 5899.6326929
4533.09126819 8061.66724761
3252.87956898 817.528034746
8995.05269776 7227.84528154
6746.72845294 3318.83271913
1569.37140909 2577.57405256
245.677039526 5901.61401395
9612.47158245 4838.09960608
2847.24768999 5275.5361251
1642.54565271 4385.82225641
4183.99293065 7253.79169826
9682.21463436 1873.6987257
6618.25841155 1027.31857801
8726.50647326 5045.59162828
5770.45312058 2280.192588
4015.21320368 3171.20630852
8443.91049214 3793.22742302
7600.32986465 9690.31680968
3840.3116503 9445.13478893
7196.64018437 7626.40179187
423.905716757 3033.08425478
4130.34953965 6192.33161602
6741.09471609 7379.81368042
9307.09806115 5749.86817803
6020.89310512 1371.5175357
9688.42728704 4263.24326275
1364.54487361 3758.30203052
4246.99850732 1889.35078293
4518.59410773 2825.94181592
9084.53049719 4378.59536228
5152.42000775 9916.26038703
8408.87298249 5693.73755166
6317.17366791 5931.96089973
3495.2381409 609.621314144
5232.61800309 7646.14991797
7714.01385825 1046.187189
3406.20385941 1601.81180856
506.998366159 1499.90796883
7657.38644034 5423.13027789
653.005873079 5654.93197694
6313.58075537 2409.67385693
2313.6571819 1816.14588041
8719.12435825 5417.66268272
2281.88626195 2958.00477737
5949.89109865 2784.23414853
4172.22812401 5253.93500786
1185.16209834 9810.55644024
3222.58392879 9451.67305121
1824.33987202 4770.25024316
5719.06969253 324.596697561
312.341433566 3185.10670784
1216.17690576 9629.61654921
5466.2229785 8125.33037183
8213.09619287 6628.88200192
8264.62560862 454.146814958
8654.54537438 9743.01441047
6377.72551916 8116.77041904
8838.18426776 7358.66874065
8562.74597177 415.586058464
43.5232038953 8655.87092164
9435.05370185 7633.96546194
5286.49556655 1165.38185723
8545.09934118 3301.23919523
6232.70960258 4585.22981772
4496.85078232 8675.67340736
373.909582891 8178.61813832
9598.40893755 2114.29208503
839.34116388 9275.82037597
4807.1208202 1931.00529966
3265.79289137 90.6726904141
8369.59471083 4700.92138007
1064.42282204 161.523530649
4499.99009771 6014.8794041
1615.96807605 2228.68841301
4981.26214037 5401.47980647
5894.2277671 5079.596643
7476.45553703 7649.58728731
1004.51296739 4962.50357997
297.833474092 7067.0165065
5231.43173237 186.295286756
9128.23755111 8509.8475082
2182.90657026 1873.00839093
9858.04239261 3301.22327816
3207.77208712 1963.42325465
3492.84620756 5161.86736439
3393.10655701 2086.38473547
3518.63596894 1727.78209669
1700.50303219 8447.09179917
1425.84634231 8853.44339671
603.155103639 6402.34540731
5552.45572755 1510.36880418
5428.22553974 2843.4521845
8325.81830303 2659.96271729
1788.29505687 4693.74266134
5055.95446339 6027.07194973
4506.86483234 9771.23080515
2276.09349196 163.561040989
5308.48371951 3854.05895342
8070.78587021 5490.54489365
100.89189749 2360.8879701
4786.54047354 7203.87372241
4969.82676829 5139.7955673
338.354514417 3063.63591191
3938.85005334 8466.87573719
1807.87228028 3985.74274634
1874.8153388 8171.35802582
2516.90523953 4990.28446817
9037.94443914 5605.25227817
884.538665615 3541.44441804
8861.08256567 1857.74007662
4883.82064212 7996.63919496
8454.24028512 4405.21054462
2847.08531413 6270.57014372
3716.06832577 9842.94499941
26.5353946388 1063.01486066
6303.6042083 1993.96133904
4957.71780879 2218.29884153
3519.32389979 9154.82975549
7236.15346288 2442.82691322
8286.77703789 8214.6550309
3741.87511559 273.830877465
9447.02721718 585.680042309
3672.87705494 1128.25992374
315.075800416 606.654368833
6883.44759184 5879.18417909
2342.17401962 1037.79306977
8261.30652981 4551.66066386
3531.06986482 3763.38123585
3489.63350574 9420.13517205
1613.44961702 1716.14148475
8018.91045845 2960.81109264
102.250183658 7232.34772572
4499.42622092 7206.7547012
6320.73579487 2683.23731128
691.512250764 7606.12903836
4992.40555368 5166.85520606
6233.69278935 8476.6229087
9213.186013 3344.06773312
11.711688012 6290.87456712
2274.24850965 7499.2364744
9951.1122261 416.732603496
4658.56366386 2400.69536117
2721.78221991 7137.66153853
4274.11899946 2648.40757792
7565.30406495 3353.48007509
558.00388327 5213.73257897
9942.83925613 3363.75146314
1303.45243775 7659.47355958
9720.94285393 6830.93825886
7899.11955513 1789.76618209
6116.26987548 9517.83322297
3723.54676531 841.692441473
1647.07948877 2775.82719716
4767.50153617 7941.90912066
6448.5256746 6322.69125093
9251.04285435 2977.11911743
6443.11592605 788.73857226
6279.52308058 9025.21458615
2022.25057293 4124.42031144
3902.17782294 3173.35896481
7624.15586364 2998.67795577
3879.52093377 4451.04788272
3778.15594633 3221.31190888
2592.62057246 948.971205334
5357.26928605 9194.21393482
240.957150111 9497.27286307
2300.52809016 5789.65807763
7375.74510761 5843.26911536
4459.21948088 4894.09400137
8326.48272684 7544.83209753
551.697309798 1952.95330198
8154.55513174 4934.10898951
1940.67093532 7496.30765842
8381.9664175 1151.80411068
6161.83700896 9828.34456426
9900.23813054 8298.57906569
4436.84137976 4809.0491666
5714.32629754 6410.87237367
4841.03999928 8967.88475783
3117.28594087 2018.98390818
3685.96400202 5988.92103079
2482.57098654 876.935873801
8486.83363362 1412.48709191
7032.30971502 9023.6583222
2822.91738728 4668.76867213
5676.62457689 8236.04858979
343.205089412 3359.24839515
9048.46584639 1050.52409241
5743.56041274 3542.62656197
3243.91265681 9646.02049712
417.347951223 8929.99772848
8818.27815373 2965.9868766
397.365187275 5047.33334075
4635.52311115 7679.01933862
575.657493086 7354.52221158
8897.1468731 1330.63237472
2335.19573457 2473.60948683
6020.34879342 548.184062429
560.113513716 4316.95058761
2557.50662555 434.57533151
8956.99295796 8548.1529392
3906.76532701 6167.98542981
1530.63834427 105.275161194
7217.77818116 719.409278932
1136.32932026 4533.10395447
9572.72766306 9918.65020126
547.993284903 8512.02770491
3355.58485517 7664.94859965
2509.61736597 1311.87794748
3934.99909201 5311.78750372
1169.13835336 2004.56941046
9179.59290726 2825.64977953
4544.37961104 1336.81863916
5643.35065109 6464.60620969
7005.72422552 4740.09763706
5162.25828196 8750.13403528
2986.97839362 962.183892476
63.466744774 9310.25132784
6678.88336159 8662.72388004
8020.34030603 6933.65468861
2581.6883816 2693.28809224
1577.8434036 3991.15129464
4074.28780517 8467.52706654
5285.78341261 5194.8976499
9523.73597081 7359.28092536
189.670075952 7262.904165
6629.46916913 2405.08626107
4855.97432996 3162.24693208
3961.28787664 9404.08921049
3352.92997437 2374.07976388
4395.7038133 9960.07085488
3369.00646237 5859.43854607
2584.32206417 1161.21364131
910.381832133 6736.5681265
9999.4615583 70.5241147525
3507.27480285 485.533966795
7313.39632728 4066.93093896
9838.2845943 1896.44432269
6246.78511071 1214.79073144
175.394361106 1529.71912215
1050.60820579 7762.48160511
7499.5556785 9913.99008118
8378.51101867 1512.97622015
3378.70747548 2210.75934665
8762.18148264 5293.40305247
4595.36349186 7419.36423901
8656.09808552 382.405158285
3907.23043978 5735.44332625
3301.41756165 7555.86889465
5258.40593515 1496.0253971
6283.59764755 9157.69990947
4973.7488245 9363.34862723
2058.7930559 7565.01233473
7076.99677264 118.536706812
6772.60749147 3013.72398875
7641.56759903 8590.06616905
3603.73604496 4589.9759801
2172.2370409 6858.90798333
9141.65207981 4635.39573011
8227.22859454 449.181119328
5549.53154927 5905.40088652
7027.97503867 1502.22638281
3264.43700557 2665.78362368
6607.10023224 7176.73727281
8369.38352252 1191.9176425
5825.92214007 3686.56396463
5554.57306849 469.10921079
9680.00884158 2171.72085581
9175.51875296 752.465057892
2306.43208092 6245.41429002
4450.5910378 5582.72455987
457.3749126 82.1062568079
6386.7539607 6737.7206554
2188.04509988 1409.47850673
6156.03581294 8794.03214896
477.685491011 270.596083642
7795.21989798 8280.63336608
6927.07758851 1169.38244507
848.713016941 9848.58608069
522.045403533 9174.34528812
5919.14666529 2504.35673636
8765.66418779 9696.4167041
6523.94167637 9281.47545553
9562.32941235 5224.59535096
2093.37523115 1503.06030072
1746.53871751 4409.41345229
3785.75996219 2977.07684161
6442.97945551 1355.1308203
7429.43862237 1512.94771667
9234.09911053 8582.62323752
8344.78273576 914.539794398
7620.3053266 1426.87995581
9119.13808933 799.567788384
8001.07023558 75.6778330118
9864.15561324 2921.6533688
7541.64558694 8219.7974596
2232.05720895 7573.09778231
566.569947813 8693.75717923
1083.9073494 4679.05682285
1482.09994263 4197.97343898
2065.70908121 4079.87199276
9956.12502522 995.617593812
2711.0397217 6567.92639351
9313.53602158 3254.97235255
2478.53469368 1452.91200527
5285.12780534 1533.41347718
2802.62137068 4079.51802521
9963.31312079 6657.70228313
6954.44225559 4805.66873616
5448.27101788 1545.7906287
5667.9118842 813.507490308
1738.15089177 5304.83604054
7300.19789928 8159.27610144
144.638011631 7685.43709127
1571.79411672 261.538873378
6119.78498826 192.029175642
3560.67014163 1173.15764434
6283.08543065 4622.89313529
1872.05680721 9410.1794654
7446.97821146 9455.06329244
358.956536214 6019.01561517
4034.48644328 6643.08372595
3518.65653498 4076.03071556
1768.31853074 3002.14891884
6283.2911575 2207.32221366
4169.55253503 5380.36849909
8002.72795667 8171.23611016
4252.51481463 4258.51938308
2916.12931683 4310.75695671
9978.54442 4000.85779525
1780.26432096 1269.86861508
2106.41860894 7993.46840791
5266.22144464 5837.36086103
2866.82668588 3584.68176904
2970.77355294 6655.14349424
4123.48849729 9447.65495654
9665.96860723 8879.80738999
9931.94483663 298.747036332
5334.50062816 1372.25623511
8034.8878842 1356.83770953
5688.5423874 4521.19990415
1881.4190795 5948.71016365
212.577955033 6953.79082855
8297.99247458 4709.36300763
1701.74262935 2544.80502471
8630.72131476 3390.11878841
1911.50237884 4403.01545727
7482.0389728 5318.34892104
2297.20137338 6405.82591195
8428.98882569 965.590108416
3382.72257161 3129.18366176
5247.47574929 1872.82446788
5167.41604512 1621.92744442
3230.82801624 5617.73731714
9303.18181263 2693.67962461
9437.88391444 7860.84729196
8432.17478813 3547.06177335
3299.59733912 8568.181092
8948.3236518 1187.75560028
2658.48407285 7697.52219048
6800.67493124 3408.27766442
8493.41458057 2871.61970594
8480.2731284 8795.70919299
9073.9249188 2574.58528663
5713.8352113 977.970916441
2063.23095795 3482.63657533
9547.51255382 1347.25424281
6427.30747175 8041.66700241
4213.35198846 4787.82031132
9167.43677034 4198.0934398
802.999378592 7335.11943956
7327.53229886 6689.52603029
6541.10081865 1577.86711538
8732.30518657 1750.75972595
1555.75468942 3182.53513145
7387.81916848 7281.73768592
4217.00202314 6083.90586425
6891.34792206 1667.02501387
5038.87859181 5440.670976
2306.73050652 1327.61039016
2557.48726585 6154.13910167
4230.61643052 5544.69886707
7969.91518546 7869.7098008
6384.53024347 3304.78130734
5383.20430887 6156.52256558
1575.64032707 2703.53677005
7682.40769083 6083.57358357
6697.49696348 8324.51112567
3906.37107251 3920.65694216
5222.56985077 2927.43623344
9039.42711352 4821.50326541
5070.59532504 6450.65984098
5612.5699885 3914.85576509
9687.77086588 5294.34666882
783.625790975 3161.76100399
5879.74726281 611.461299933
1980.6514246 8969.96077031
5843.72385777 1280.69425009
6501.88819619 3445.43790508
1351.51085444 3677.64909641
6741.71139212 6096.52946519
3700.88890944 5427.31575636
6023.21599406 7499.77608134
4706.14182773 9792.31167085
1680.22190282 8173.74619623
752.748089438 5518.92198196
6570.08828157 138.299677007
330.166134132 1662.36354614
3875.90293395 6360.51848925
5214.04535894 7108.21458304
6894.10527255 5232.86058368
6998.53135249 5377.43793532
5691.17177062 6664.28345562
2581.47888462 6525.34288507
8859.6205063 6539.00003324
6316.04831236 2888.21029944
6988.02990348 9479.18700658
5889.36255544 7038.98620243
8538.20455174 4503.00163479
4231.75306345 2866.81656948
1128.69645777 725.527451833
8204.97082855 1867.62545498
7921.10159277 4026.51775643
2709.59524264 639.650749776
6869.81676849 7369.9294013
6042.1261783 3298.93261574
6763.49570312 3282.93099311
1809.54216027 2077.99952598
5639.15275459 9793.97710988
7302.21646913 8116.05603297
5812.1290203 9389.14992162
9859.09901241 295.019861678
6635.7166855 3816.33915294
552.083886974 5172.01583945
1759.65623037 4648.40292668
144.731050108 8583.57166558
7844.61995655 7256.17300244
8335.70921534 3778.23055045
8407.62588459 8676.81117989
1327.76640833 9641.85335038
4917.7990953 5323.64474676
4283.57465116 8897.78948942
7510.04542627 5362.51668467
8124.85276472 4894.01848078
221.262830347 9236.34871719
6793.50489449 7088.08827377
9392.83855702 3459.26873675
913.329857673 3064.75873813
5153.93244208 3022.87841941
3755.93175574 2219.99199812
4022.59753878 470.470150433
9840.19103202 6033.25933606
3395.29954954 980.912745269
8751.84508005 5628.35118365
952.902072307 4090.26118691
8880.68237946 8375.83974349
5131.08841315 3958.96615613
5362.91045767 53.2007574447
1200.12833072 5593.77247674
7863.10720501 6523.51982783
5210.03222139 7089.54869379
2571.88061864 9492.49064958
6186.99771806 9633.46797056
9102.74914953 8703.19093554
8567.56373129 3702.58223685
8404.38197425 4887.98719724
7629.4293096 5930.85189656
5234.81431058 994.818655347
8677.90286645 5227.55374935
1809.30449683 8151.572059
3796.29176017 149.837328134
4918.66538487 9897.76645804
5023.46515402 8839.35026513
4377.30296434 6781.16527151
7866.79139953 8197.83773902
2419.78425823 2296.492448
6394.51706312 5559.2625922
6175.61967492 9556.08610672
9894.55653383 2321.45083821
3393.07109352 6786.44944463
1515.19930384 7569.52790579
5535.61000969 2768.14148656
7585.38334388 5867.00068743
2932.11934306 9277.63171701
6169.23680039 6409.06312055
9749.08633173 6217.65975976
2273.53797945 2397.6164338
8183.80390487 5421.38838112
9599.77824514 6531.16002595
7498.99632243 5782.12417941
650.447443266 5754.26317808
5568.41275914 4355.46766709
8111.78425174 7542.84951626
97.8473634856 2080.49855481
3224.59679822 9455.25513331
8459.52077907 8818.35146785
1609.2736248 4406.06483123
1683.64966409 7388.11026102
7383.45668089 3571.41887249
7380.45594969 2910.26635856
1829.04463833 8881.10117442
6754.58406171 3497.84751351
9888.84072273 5287.62255837
1145.92922474 6202.92530791
3194.00590344 7472.04861659
3231.6481967 2064.23991752
4276.86940333 5029.40098464
6702.08569644 7148.19752454
2763.10394776 9854.68598932
4000.02621317 9512.02867798
3505.2850123 5098.44462068
8761.31163998 4066.77603484
3517.60577204 7456.77901943
6759.35800754 3545.93633608
8030.51569644 3439.27475011
4967.90036387 8176.08535598
1497.62722455 6258.54276275
9600.38301494 9136.10213605
6177.00306141 741.024679506
7207.4509714 5642.57491039
5665.3346254 1515.40551599
3173.94198179 3569.9696841
5052.08321561 3704.70461437
2888.90842956 6073.21468216
5993.89638527 8034.61375516
1517.54984238 7797.4276394
7733.46511767 1234.10773636
8164.31686024 4822.65779046
1865.93138931 4909.97415173
7442.02299835 6589.08472963
8216.6366385 116.618725919
7237.73647525 4788.91123569
6286.72693337 4105.1912575
9437.96752527 2225.7662579
4925.99132407 3510.94715454
3625.09921395 6029.61288703
8448.73280754 5571.99385893
4313.18129137 8203.74094886
9804.25090901 1.2820187821
5053.36453257 6629.84780209
13.5876431177 8258.99715799
9134.66241061 9092.21738016
9601.38352432 5456.26973894
7090.34652726 4130.66371336
6597.93051627 906.236445788
5031.9022025 990.919837516
8295.2674965 2290.84630696
6573.20184044 3726.01558137
202.779780572 2617.4896197
1471.71230879 578.044422255
7787.70241068 8290.97399213
5671.8411423 2395.48295749
5233.66953222 901.625055335
5181.71664092 2875.4102725
5879.97074478 158.32463547
4805.78484959 5736.6611974
9358.95135868 6227.84181898
4405.19236576 2275.11499109
3057.8390438 9070.66687698
9455.53783876 1183.71106646
5765.0476757 7382.60580799
8445.3082592 4476.87408212
1649.46781555 4937.0968879
7600.55637994 2128.66563945
7922.08928595 9146.52638475
3995.59291197 1464.96619043
7911.02798732 2976.78108786
5442.40292364 9139.83463542
4776.45464239 8061.68021441
4258.30312858 2067.85709865
7482.88358092 8133.89425519
7381.81308029 2618.19985815
2361.22679911 8255.35894064
7480.59080565 9390.70542256
9962.77437784 2694.07058156
305.242799107 7730.18256766
9745.46737711 8554.81355895
8775.68693956 3276.63287792
90.2393059232 9228.71938289
3815.54604839 5792.60491473
339.108117736 7937.95111266
1204.46389948 9095.48058483
1080.68086228 8317.38228629
4073.87870467 29.5105217486
477.906179961 2922.37476811
81.5011985094 5266.76069692
3135.62726303 7047.52542539
6040.82067682 7655.89628364
3631.36626876 7374.03838782
9823.92591314 877.010338644
2377.99592918 9333.72774484
2417.06719401 1455.99072722
9028.16330515 1681.92323267
6160.907046 6527.78824787
5107.73757885 1294.98948108
5724.60142993 9857.0249617
2372.14076096 5098.24407325
5556.88821405 1207.50518216
2398.23584691 8871.20295665
7093.14492211 4281.58659433
1226.44338064 8162.56308552
5563.7531438 3807.2978487
1520.62498552 4567.85040241
2577.68239015 7130.6795589
3310.06617787 5649.72326903
5704.47086038 4660.93986336
5803.41581759 2666.37955983
6364.77456484 6206.19351462
7477.23224775 3527.85988063
7845.71095259 4253.30327575
1005.95175942 6374.67390324
2618.32931295 3093.98475242
6633.33241786 3666.99903535
9505.61959812 7316.07675918
3041.70009802 7722.0742364
3847.05285627 9900.06528169
7627.78448199 7690.28147041
3015.107602 7400.36668249
82.3572493788 5897.45414024
278.450670263 5914.28781736
4379.30715686 7917.99724873
6008.47354186 748.853969921
1809.59818293 5404.16015535
566.122643278 9982.36622706
6486.53461263 323.382182301
4535.73999627 1627.3777698
4507.63516791 6995.04730609
3631.15938958 9389.92191769
798.319226956 9001.57281306
2832.93445045 5392.61595196
9864.34037786 4919.70260101
9605.23731279 7798.07239086
9576.74889432 1139.37913252
6812.16329308 3565.06025218
3525.28313583 3206.76079917
4044.35581196 7974.19053814
4045.49042763 4228.24114924
2234.73250854 605.434328815
258.542964927 4654.36519855
3644.82438257 4737.31609602
1126.01961892 8511.32922243
9591.61186161 2810.20897523
2826.78967568 5963.88026234
5111.14461731 9962.82309431
967.054942432 4864.04200957
7244.34175335 6248.51414671
1950.02120727 6743.30869482
231.137540491 6085.40510896
9171.91865808 8235.25761831
4599.65676275 6522.24763149
2324.35514838 5587.47962803
8342.09562018 3323.2416236
1150.31850918 496.425396993
7473.62698665 5100.58577864
1935.9611931 3440.74450629
1630.80167235 1015.63893496
3999.69716407 1559.82394154
4055.43548961 5370.83347584
6426.20306606 6053.49794975
8271.60907075 766.715182354
3122.65792359 352.385251142
1555.63717143 627.15152741
8475.90168171 1233.91737213
2675.40195635 8226.09757661
4594.96312458 4282.29610724
4389.62974108 9722.3583381
2297.70019097 8292.66730123
5867.0283931 3287.43373086
7201.66283738 837.930783304
5742.69687313 3292.76089146
5764.98183947 3938.29072801
773.979938146 2109.09315252
8068.34426107 5841.00970168
5269.05596971 2011.77038615
2059.2195156 468.561682488
3919.3848918 7423.32602701
9039.67993034 9584.43952112
5082.72456977 2472.91059451
2821.62800592 4989.83505195
2822.40266614 2476.86390905
8677.65627881 2408.66028749
2898.43041613 2897.34296013
8007.83492969 5318.03697713
5551.61106995 4098.62991902
1777.99731208 9513.03665879
4247.9029488 4252.70474028
910.46160196 5961.68408631
4640.85832017 4337.16529553
8491.14406168 8378.0515583
7765.33696464 4133.2243304
2368.45616452 5750.00460521
1021.65871977 7767.78596686
5954.20573969 3252.14549581
4060.46837405 5179.75606912
2373.02620533 3089.51575441
5852.64107697 9851.57823383
831.739086596 6026.79138969
5160.12953206 3654.70536596
6001.14553167 4589.02445951
4699.24336976 12.3842538918
5184.74799575 8222.74526928
3569.46923517 2845.87845107
4211.58641544 3348.94311038
5314.7810147 1035.81350519
7661.77555832 4523.28224311
3126.75078923 6920.82259198
7696.10416796 8718.22407367
4591.92362489 4288.6190729
6434.68634638 6553.19975706
5145.07248951 8752.43144636
4861.69537667 1508.8498922
3727.24466023 4097.40907961
429.75102369 9933.93058808
6781.49715345 6957.48236076
2992.75598365 8043.2832596
5767.00922621 5210.13522805
7245.33800703 187.3623209
5121.86685934 1568.86628501
3522.76373749 2260.92895832
155.670269489 6246.77746157
4118.19180005 394.167610378
3365.84014841 3232.80160083
4016.31645456 7923.9716303
3001.63469432 6124.68059228
7672.85344061 479.871953017
6073.41782757 4453.08331237
1033.03278916 8646.06614696
414.794934609 7842.35267503
3063.13794826 5793.24944115
4419.14479153 3860.62279955
3215.82688167 8889.40560798
9922.00567908 6591.57721676
6913.06236106 5340.02114039
1521.3010233 1420.73135178
6569.625715 6790.86816752
6596.55932936 6857.55752082
7021.86479231 4064.98025842
5217.97397221 3458.56528001
7022.53414929 8876.5112932
7652.30738993 1957.85234402
195.850123085 6789.74620326
2809.4833889 9597.9642882
2859.96266162 3861.3814301
4603.65912087 1281.912534
7041.46573365 91.3281845266
9340.79129959 661.801513526
1185.55378216 3766.33532303
7020.83375058 7553.44147517
605.765555543 7350.90911521
1563.83803118 7807.84328649
2036.25065743 7677.22687439
3183.41624711 6133.85939314
2490.88856748 1984.36417948
4571.9759654 5502.0745552
9960.57573926 9497.26700053
3331.93708257 7147.23705729
7241.19901404 3496.28831764
2311.91102226 9324.73836104
9571.81515687 3230.4335029
3237.93736323 9631.10182996
9145.70173605 8563.9277035
8441.10626922 9929.84631818
4361.62527658 525.416443607
7830.85167077 7493.53927447
9450.07469094 1224.02338464
4585.85524659 222.073987757
9414.17206719 8363.08024179
9079.82918605 8730.25376441
3576.47268092 8533.18896742
221.644482528 1764.55124714
8282.16762543 65.9087483914
2320.51987161 8193.32538053
8910.04980664 8145.34992632
5811.04104664 113.031697207
7288.1750953 1142.14622598
5632.60600617 5179.12755709
244.11114139 7136.55635849
2086.3951109 2795.20674083
8443.86605405 9587.86596226
1269.66769984 2586.48786122
2404.22189223 763.583113128
1330.91451697 5351.30961083
847.537515272 3026.5030047
7016.66644567 131.167656539
7358.69202711 1614.84550427
2763.14354615 4498.52691327
1381.33312673 7102.51728375
4794.25670818 3319.52511533
1648.85359423 5790.87442708
8341.23208836 5890.85199902
6216.2193096 5692.5060783
6694.54562224 1480.48832597
8651.164463 2543.45777592
8194.18256356 4774.21543568
9707.59792576 6856.39351283
5571.62493119 9624.57083838
5142.49693959 9018.7718044
5688.13111809 3708.88983426
8195.40660501 6125.23185295
2312.64994497 9642.12691784
406.684881924 4202.68114132
1038.48841545 5826.49436096
4524.66200806 3030.08484043
6897.42747752 4304.71152341
7589.35303317 8718.56729928
9203.76961147 113.167674356
216.269088982 9859.46343697
9246.20668773 5548.08552898
1988.1841822 4066.63726574
8260.40642866 4472.62576409
4078.47494991 7139.9109231
8520.20589397 1488.15196307
4132.45520992 6561.08588578
7942.56255335 4306.31858336
3541.48618629 8372.90276525
4217.44939311 8366.08191882
7446.70814432 6386.71024905
487.885726942 3878.85071942
8252.36239991 1069.24300629
3538.3613939 1138.45632203
9691.0698885 2357.32647213
6424.0992011 3255.40718735
1847.49345457 9904.29969937
1237.95681736 1266.20190997
8182.49122369 7459.12518565
2234.0320359 96.9843489865
287.980267948 9613.59843018
5195.23610486 3933.58028055
8119.94831794 2337.86832105
9966.07064741 6497.03100024
4447.56575122 927.721380595
1440.66991137 4147.43800863
3201.5623124 8028.11403836
6913.99034702 4281.84423582
8841.21204586 1896.42904939
6517.86570408 8993.82654398
4721.8280478 5080.70363507
673.907899101 5342.60325726
5610.23249555 658.159610088
6811.31054949 6012.06889385
6784.14714408 4759.83272448
7790.40094378 1515.71539063
2026.12459601 4151.33495699
1514.7832299 7703.74028749
3042.59805594 88.1214781171
2006.71081127 1233.96633822
1254.38997978 1831.72236543
3125.51942571 1116.64469348
1119.72059952 2260.21515167
3493.12088067 9163.87853179
3686.73670581 1671.56153559
8807.84214175 6700.50771846
372.490703251 2172.08656876
5263.56827285 8848.42206257
8231.73821886 3508.52860727
9584.87813904 2259.82887353
7989.57084271 6031.71324902
7896.24460403 620.233452624
1324.22931796 80.6492921089
9401.31634674 7717.04168805
6256.33335018 2954.41367441
4662.00806721 1538.04151288
4892.19788942 6436.28362926
7516.29158113 7320.05577769
6656.16288544 3235.94320505
9808.91130836 9235.36758571
5888.752599 4912.98275242
4547.91661063 4953.33891633
9003.36112662 6897.63539862
8357.40975349 8746.31781303
1061.18093042 2958.46377561
7696.21218922 2896.85468614
6177.36909319 9898.16208855
5890.46063715 7792.29130295
826.637898347 7491.76193258
7150.55418557 8451.29946287
3935.72871948 1087.38311655
3199.13895654 4763.06107803
7660.86303211 7527.12179759
1099.150831 1281.12023107
7578.32442897 3372.57884936
6757.57107482 2549.94532591
9622.09975625 5510.24441195
5547.92008668 87.9262035459
2929.84669695 2299.13664445
1979.92640349 1516.1529441
9870.20329963 4660.22342244
2087.37811427 8012.18922461
4791.27792964 6728.8856479
8046.41244473 7802.08787986
2473.54537533 8255.91263077
2418.58793706 1386.29045855
1186.33364046 6846.35958217
2367.20290978 3675.45123162
1498.06152549 9809.61863293
2557.38541372 122.896386218
9631.96044302 9842.95326556
1447.98697076 6764.4846596
9913.52600035 4288.80942714
9708.79574596 4214.43645953
5713.56760782 9346.70156002
155.321984608 4907.74398565
4185.68954671 6276.74588242
9150.22542463 524.493450892
3472.38360068 4850.44961125
2080.63060391 3121.42511033
6287.48549661 4071.29438918
8179.96376886 3217.48625708
2586.38989564 8531.40550771
3301.44328536 4620.27210328
9786.49462804 9446.83920467
674.027890908 4747.57893299
2330.26849338 4724.23305689
2286.89776298 9684.00032725
900.352295133 2294.83884727
5544.57919764 4005.52710089
9288.9098275 133.777664436
2605.565029 2104.47913976
7895.61404852 698.486954778
9146.19443836 5392.27427871
6481.55192548 1991.42374953
3986.91998039 2505.25587616
3006.33333919 5571.7643849
6332.99317791 9459.4206134
4650.2952707 5515.70464644
7798.59060308 4399.30712613
2740.07211003 4596.31311138
4905.93134646 9117.03824284
8340.45321997 6793.32362194
9633.37933143 7706.82404683
4141.67821592 8654.19324427
1811.8089938 3064.95070633
9200.23373543 3555.38528238
7138.59555203 3278.30165312
8517.04007333 3367.91228363
5347.35793839 4241.54557019
1114.44037542 8433.68426026
3054.20187873 3609.60275882
9677.70295976 4650.12281291
6232.19999596 952.14302153
7470.78517455 7890.46994525
8787.37116463 4821.03699626
2763.70525036 4091.39206231
8954.94937436 5594.54248927
7898.505713 2546.96658198
103.766919065 2735.16644349
5287.29793509 6859.08518324
7985.34106127 4976.90374833
3342.67608134 5562.22639069
5008.70993014 3958.50066114
1100.85345836 7141.90727046
6377.05832877 367.282183256
2133.65217952 2562.08972361
1723.10227589 8560.41866618
8618.59208611 4595.04526048
2870.86599733 1368.14460527
3855.38353933 6251.98916086
3067.7604651 8679.91765415
8598.11044221 6130.12584796
6777.79372666 6244.03206434
6011.99863689 4919.62687853
9307.12364458 8709.80588223
9807.809791 322.663285308
2639.15700218 486.19727578
6621.73059085 7327.55208553
3410.12165794 9691.84885588
2756.12403127 220.866144757
2545.4003488 1371.74091156
5652.12071948 1241.67681571
1073.90850012 8223.67458358
7089.25947856 5065.22739606
6306.56766253 4354.75259544
8848.99553162 2502.87416896
9555.74231837 6585.86034048
678.477832889 7039.90356546
9174.88242469 8597.67421079
994.254619657 3994.24382038
6004.23901679 9986.67386949
8180.32162359 753.320124938
1094.1777081 3895.97306721
5934.76621057 4293.28566102
4069.0127257 242.286938384
2395.42723522 1348.3480399
4418.01303968 8647.102252
3157.03086749 372.003777913
6920.27119739 7802.42405971
6383.28287175 3178.55747133
8655.42511289 504.645248813
2180.1853035 1725.99555945
1650.40244732 2598.91162359
3475.22782088 9319.10309629
8839.3800787 2353.70453182
7596.72278733 9418.53275812
8798.25360231 8779.07258738
3793.66081866 8284.16455853
6361.88920069 6005.48922089
7330.74554138 7626.04718748
825.842836331 2482.69906058
18.6098216327 9435.21339061
2384.5500117 7337.66142106
1085.76108027 8100.75678601
1166.52398937 2671.80182473
8777.27185789 3548.59782053
6584.47129387 8116.10634568
1618.27773098 8943.80319598
5984.55815827 5160.39202899
3602.37415579 8282.04110753
7782.00328663 9831.56624859
7520.47780679 1063.91784171
8941.28761569 7732.70181446
1009.05283345 5305.46721186
3952.38881706 5910.07965703
8697.05256331 9761.12360603
9299.77042287 6195.91706528
2519.5374907 8391.09210068
8925.58383686 3678.24942351
3023.6802687 3959.70324645
2294.7507806 6409.66784838
2652.02202525 7297.33596911
8485.85836606 2546.59294627
1673.60154561 7595.81652151
1574.16039817 1999.47214977
3670.99551808 482.022036292
936.178510918 752.736769527
2164.97099713 9056.9552555
4589.34013543 1687.03295907
7908.25026466 1277.88378127
301.339107013 3719.22911383
3917.10494268 8847.1415747
6642.182214 9883.8674674
6674.99430545 8407.37047391
1822.30615422 2017.3460916
7222.43306008 3137.67601273
4506.75366359 2947.16060094
6019.21444091 5622.85414789
7886.12067276 541.485674361
7158.1205217 718.151043507
3794.31362039 7770.37640279
5367.26458848 322.440140204
1056.56014057 4554.33631998
6404.50584991 2986.10051714
9580.75935082 3649.7809483
995.573774842 4629.4506776
1918.25313408 8088.67650093
5055.62200469 1054.60785096
7792.05237751 7261.30480675
2069.83341759 9213.92448865
1302.15827708 4004.51076805
7385.86495338 8726.87481748
8062.03088216 7110.58120236
3417.52052104 5675.83360657
402.536561683 331.633589407
3881.95406909 8790.58562484
8007.95369972 5951.69668924
9253.57720063 1164.8703348
6793.36275326 6385.8217446
6827.92389976 1170.70622368
5587.84602139 2489.39107856
7975.59720898 737.961450253
8204.28007022 8410.14411531
5317.33163632 1651.37147832
7170.1027336 7528.72336416
9929.56612358 9668.58049163
6552.05613127 1787.46367268
6702.28264988 1121.28411052
7442.07181606 7838.82376797
3296.72350369 683.774829216
7990.07904202 6202.38954238
7609.18328443 2308.84669219
7469.7400985 6116.62033228
3100.13910018 7484.6895542
5569.80789449 4880.85072024
6346.87841117 226.523163533
4173.64625529 5946.58239736
4878.5523997 4818.62897885
5433.1469767 4573.6905667
7423.57205791 7217.95953415
8006.27794941 606.76508991
945.329886128 8305.1637406
4040.87950858 4641.36987644
7900.04715772 1653.95351922
5578.37557307 5386.53639601
785.408426982 6169.17212845
4628.77132972 5993.48993197
6990.87311723 7193.54894576
6318.47469837 4097.96724379
5490.48377606 966.453428769
9710.46385049 739.93894592
4080.76885503 2181.22467359
89.9122062317 2240.03968105
2478.74521278 5463.03992737
58.7583775429 6568.23764226
3261.97137381 8686.90983562
672.720673846 9348.99540095
286.159817637 4503.48157255
8739.07251025 9268.26747936
3704.49119003 1558.31169653
2165.24995145 6684.35766308
9834.36318649 6172.64273812
2247.98921266 5959.17066656
9541.16254339 230.018697822
9838.56692927 3848.08142248
7987.4570101 4355.93780453
9927.90711808 5989.04289154
9770.95187019 4384.47097745
5813.07831031 7735.11115378
3522.58595436 1740.6512401
9842.34086946 6388.00126571
3045.45868398 2114.1988943
2705.9741231 1647.57252376
782.148973322 1739.93948228
9438.40114459 7081.09035243
4183.11232474 1787.71141825
1122.36242346 3099.07993491
2551.20571182 8290.27565097
9681.68595141 7751.56190392
9562.09318055 9864.94806578
4362.45116963 3349.6836345
373.017393966 756.335715522
8328.22801437 6989.86229769
5812.52050984 323.49469662
1111.57940179 7688.49064777
650.304910108 5301.93937792
4626.06629796 7008.63791182
6610.62626649 6048.81647223
5590.12585071 9213.49551028
3817.12525164 4790.69705075
7857.47326834 300.292376889
7661.55661717 8771.28621921
6496.40055072 7431.89332846
7259.68688644 6282.45121593
2562.45183415 171.880791227
2152.76485007 8310.43910811
9248.4540261 6478.39416364
8490.26005027 7879.2400995
9411.99952816 5517.50149011
6722.76197998 6631.94768064
6213.37230554 8555.94255191
3434.24280649 7436.6060596
1328.69784805 9067.38995991
3300.663341 6046.3740206
3495.44069456 1870.7776842
4618.2915455 4113.98267011
7954.25720272 6205.32245678
7889.92530923 8419.03691333
9434.77223943 7425.18731948
3358.83964346 9390.73817134
6922.35553377 9405.40529251
8586.99540049 8728.63224877
2056.58375256 2431.58365044
151.588817199 5410.21740471
3282.84280537 9156.7325223
3299.44257628 1064.3011923
1165.62645545 196.305246508
8154.21626892 1726.438799
5588.31076419 7652.36417035
918.51813921 7863.43074777
6638.08266819 6901.12685984
2666.33862538 6045.56739489
5163.46608352 9375.5555355
8885.37463703 2670.72364427
9947.0380221 211.103536428
9277.01670594 8677.1515107
9045.52869566 7881.7915166
6130.34781667 3652.44608441
188.35125644 1046.04575999
592.466125126 6525.216857
5764.61189458 6497.04780142
4994.58805263 8253.81822478
7844.59309043 2880.59506925
5626.80773989 4227.57168756
4485.78855914 3937.72855523
5251.41208962 777.316168243
4677.17899524 2168.48462638
2870.65564724 901.295607867
2581.2660374 3798.57129054
8938.89808521 821.587581977
1852.17326624 6841.01280344
3869.69368964 8245.84539732
506.545087633 1043.6248298
7051.78563377 4408.68073668
807.863467991 6382.63356155
6922.50032777 3515.87842688
1184.94980499 6530.74864052
6876.80917126 3893.82035015
4508.25285713 9953.60980594
748.263457813 7915.5207947
8669.23648352 9222.76533218
9110.15269797 3274.9358616
4798.64459106 5676.99284659
5901.95812559 5439.09056946
9995.41369444 6450.55419793
1865.11786881 9578.87418422
1104.60785833 2611.39485685
5311.09774865 1289.50121536
137.46331356 4080.23555417
2260.91712892 5493.53845458
6993.10436778 9363.49869856
6387.93472026 3740.73298349
4619.24524326 4212.71525537
6238.458201 3507.5556545
4131.22056467 62.3557323075
1632.82105573 5739.83842517
1364.22848969 334.352580965
390.665576267 7351.90971116
7842.92824672 2706.46350056
3696.32377199 4773.6151154
5711.94730787 5876.69809244
7825.96626809 4027.85099045
2404.69745771 6844.32309481
2333.64010371 2923.28657766
7315.78779084 318.103712065
7470.38379432 9198.78558522
3254.27487646 1360.85467346
2495.2568796 7726.40603171
2523.78003878 3117.53500013
7477.70820496 804.112074288
2692.41293372 3021.57231656
8755.15019407 5390.42796327
8449.90233934 6854.47709165
9447.19773393 7665.81042575
5118.48368222 2117.53027204
1428.60968349 2036.68929144
384.351296098 276.043960434
3470.92432708 7310.42538679
4668.33110521 190.47436564
1723.09465121 7414.55919875
9807.04969914 3234.31478298
7765.9073917 4126.76891637
9391.75469449 7142.08794485
38.391010328 598.539375717
4722.23613138 4023.2989561
774.610276041 5090.36963862
6709.45759435 6910.9247598
73.2184173486 3769.34358631
1043.23611207 5837.52658402
8598.22870761 3674.09833101
7414.92819647 2071.59223311
9014.57229095 7841.17199943
239.981702542 1858.11797796
5183.64140997 9494.75688833
5633.05560076 5089.29528352
2136.9980818 6445.19978331
4631.18311975 5870.45701818
1623.37596594 5407.3971751
8117.42568714 1309.11348023
6930.47603134 414.23662541
7050.67791295 6708.27619905
1474.32654177 4516.65612897
5497.9978179 2045.86534211
5475.44852311 514.964551902
5426.62967183 1774.09229964
8659.37193125 757.416396104
3591.97323087 6632.29480561
9568.65024584 385.939306957
6169.83225798 3731.2880309
6097.78046765 195.930350718
420.107799201 4362.53322562
4873.98547791 6015.24880183
697.979078572 756.836741222
4755.63733797 1721.36554097
3021.53857486 5336.64148016
8849.68493744 2760.27018986
4822.97083737 6437.05186622
2919.91834325 3959.96306622
7197.33455995 4865.51202295
5155.04055437 2783.25118062
2075.57504202 1383.39198886
3319.37685308 7161.36070297
6681.69904678 5868.51997834
8516.25376562 3030.52457781
6478.78031377 9415.51730668
2703.74970814 9734.50859284
8625.12646618 817.763429105
8513.3147218 8822.87638947
997.622357456 5559.22536251
3316.57352541 6727.14202687
3742.6496669 1916.37179303
9604.66639932 7267.93721649
3525.92440483 6993.94870612
3554.96196416 3588.19102262
5657.09801484 817.685235549
6161.2027617 8070.88975854
6222.93706615 8031.92110885
3518.5158379 3063.35976247
7078.32099395 7063.69961369
550.394919608 8597.66915163
9477.55519216 3866.33239447
2996.84954789 36.4949579764
5711.5331307 6219.20537062
9592.74441997 4059.16784377
3248.3861604 3910.14749615
2560.47134506 8300.60056613
2427.42022247 9127.84995547
9284.94270891 8130.95623905
2327.61211439 5264.0953769
4124.52754207 2584.43334566
1457.59923139 8777.89060685
9643.72865222 7573.892499
2391.8839104 9048.90970255
6700.99864062 4382.74292312
3813.52390317 4606.10632348
2914.02147924 90.9153813227
8709.02477999 6407.68513828
4613.95413821 4263.72831746
4006.53685399 7827.16709475
6047.23570238 2011.42981532
4813.63920433 3151.98776747
4445.24244459 305.671487241
6168.59057618 405.407394036
6534.53409625 8693.10729237
350.525942457 4924.51005785
1623.07030325 8497.09122357
7304.32077481 1719.31320931
8382.17080967 4507.15403603
6201.32438994 4048.25978524
4645.45510099 1676.23869691
2154.65422266 3649.78118907
2294.14204082 8088.86439718
4795.92932056 918.870023
8408.96014174 7120.39034033
8828.4944334 1203.30156575
622.278456573 8515.68267569
6995.25536912 3024.33019323
7695.64554432 4228.78805887
3889.20283674 2962.3885589
499.976464148 9590.55600619
2309.86710183 4527.64519111
173.244969007 2687.07326833
8134.77777793 9474.58764297
5311.79874064 9456.27347997
6657.54272893 8272.35617919
6406.25771646 8727.83427298
9429.76700012 9224.97339729
4868.86020432 6800.19957983
8332.91982016 3456.34396347
2619.13947256 8630.9754726
9608.7360484 4979.56157944
9573.48922388 8690.52290152
9696.21081073 3165.16554476
4853.68893582 7192.59948404
8833.11065719 1000.48418828
239.517853352 5009.08399969
9635.75074351 5120.98692815
101.378057112 7939.21590152
9212.07322646 6236.93477768
5136.19239338 3089.35532609
1135.92267278 5715.00579978
6593.94456496 9755.60363162
8218.64900395 1687.75616531
7873.24741884 9395.28680009
1108.87007179 7525.77486078
8234.0101409 2738.60786171
6403.1419985 8717.9100148
4718.30516242 4106.39030806
6203.15941912 5994.46027567
7403.47330155 7159.47087394
6480.37882882 3977.01701208
9166.63945943 3958.98200479
9152.17946567 9211.35223617
6319.86261316 7264.193217
5177.93157285 2581.84074607
2623.57764089 6642.92628909
9347.37587952 7571.45311744
811.06704457 6359.67571269
2535.6720841 4992.44339836
9847.40102248 6444.33426746
8920.51081495 5339.88106895
3419.94198784 278.304270019
7559.04112422 1117.77744263
1696.59320937 4662.2382828
5102.99112932 878.368909448
3918.91523407 7892.29700452
3348.19697692 2474.16237095
9424.54492212 5132.50560675
3866.94418208 1677.9345823
8036.85081057 6715.2133247
6306.50543979 8820.90443964
1085.81082617 9100.85984495
4278.1721671 6638.29557418
8885.91142773 5870.61095578
5103.86805336 9125.13669945
9285.07873512 2425.36991178
7040.67313177 8644.65300213
9352.22314258 8725.5916752
1306.770643 3822.21870746
5663.53296054 8208.76534527
1084.31511508 8284.07544499
6517.15935173 6584.55101107
8209.97221664 9176.9800723
1045.35483942 2703.24107928
3586.17387925 2004.53199865
5505.91523097 5821.71645019
6819.18263971 2021.70213496
9913.26783797 3717.55251597
6966.06309453 8169.14473509
5066.44444641 9486.70565945
8481.51044052 3110.84212569
8568.6272582 7875.85288748
8254.34053155 7945.76441393
8388.52747805 7800.02740838
2906.87494637 153.867682117
1093.05487351 4163.19092629
5322.6206771 5159.73573765
7172.47993611 3434.13591082
2504.43823638 2086.18007683
2798.96303642 3338.788583
5994.43265056 7072.51243913
1044.43073653 3886.89252678
9518.94539625 2692.61711702
8494.14484488 3476.62304554
3423.33599418 3834.76997235
9649.5531662 3433.61296388
6593.13966929 697.34602011
6504.37910106 6230.9175438
7311.58688898 7975.73879467
1484.61016161 754.854868792
7270.87205421 2771.01315271
629.563784925 5256.37699057
6531.11214788 4665.33947762
6307.25665821 4696.91632929
8351.1903558 6847.75186232
9299.43715376 7948.99233332
5828.75417352 6391.70834773
8599.07310206 1902.58712883
5543.54611309 4564.26195627
2261.90750117 6478.49665249
6770.79507065 4716.68481562
4376.45540135 4281.27393198
7618.30810528 8345.17644904
8762.77580807 4994.2341525
9874.92922511 1181.75818569
8232.30992857 8106.16515136
1969.94992357 500.133201019
8624.52084797 110.374797061
2414.86802403 5750.02095147
1108.2418422 1905.04831239
4857.10271409 586.281192073
3761.87187831 7936.12543134
1719.05136496 8944.70151897
4609.773662 3294.0898742
6685.85532099 8392.80167238
41.3748546601 1916.16091036
7579.53689011 4763.34030668
2656.74920685 805.988882399
185.363080686 4438.75538295
3312.89558363 5833.68264182
3317.78709439 150.02558478
600.016433 5447.51088825
3856.47154901 7985.425724
1467.8376954 7489.26732206
8372.87223164 8965.94572932
613.226426049 9966.99227468
6902.90118684 3351.28929319
2966.58308853 2108.00489101
7322.33909394 2060.86463908
5768.80431639 4591.9876211
267.397578042 1170.9608498
5837.56392467 4228.74242276
7649.71021589 3684.44160202
3502.46221098 7244.77255322
8966.03271775 4790.2433866
1629.774611 8574.05305363
9943.54951736 6204.94028049
3313.86592142 5570.69200378
8418.6784596 8699.81365311
2539.17317711 6587.69247501
4394.90527066 6479.60175515
38.3192271588 8182.11922302
3947.72170836 987.317746469
7850.1703773 4100.69273833
9234.59467975 2271.9885494
6134.96677615 6640.98605015
8896.85787219 2789.23873026
6603.41834874 5188.96457487
2095.28417725 4410.79432363
651.832479258 5388.0351205
2063.18380504 7666.04104085
7193.22526122 1224.90703868
6116.85835371 688.206034382
4190.86264085 5545.68902239
1786.03712119 8143.39801902
9754.37437339 5880.47180414
9284.25508518 8117.20491729
4941.12520791 4143.59612226
9553.98591466 340.305818391
6179.63472868 9578.33515495
6472.45147056 479.926489604
8722.54432902 804.591133349
5366.69906788 3320.09676634
3484.39736208 1974.65294589
1327.12724216 6496.8514769
8344.4356456 3186.11354336
1151.1271621 281.430068183
358.027800638 7915.43093315
5299.45892313 4514.41033723
8039.81923094 7917.6519383
4995.44411883 8146.97783935
5448.20825755 6152.7401504
3706.80465539 135.373734142
7990.36945456 5353.9527169
9474.11237211 7667.01031096
2833.37015878 8865.43399289
7305.78134264 8393.81161443
2856.24845508 2257.46596142
6077.66102753 4936.38622599
7891.22579991 6770.43238739
7707.58368462 2769.12010773
8656.90105534 4962.62037206
6453.32715038 1125.27960436
8869.27224574 2044.1825521
1398.68254254 3741.90315584
8894.122896 4116.43417479
6937.35126686 7267.44602682
5403.310738 826.405224999
5553.24107613 4715.95570304
7052.79818418 2529.56650677
9258.74567539 4136.23988017
9919.4184328 8153.68649368
6467.87724846 9275.15751867
1643.70037291 2807.81078162
322.461031466 6257.69408145
9491.00477073 9501.00411529
4809.64782259 3760.17646527
7660.83269787 1306.1493263
9222.08893742 2823.06366876
7023.34678133 1756.41511514
280.93641317 2714.18657764
3905.98223637 3197.23196795
1061.92983498 4608.45637653
7258.15567315 2075.70077288
1123.42099226 383.723262668
5006.20496501 7109.23476161
4387.76311038 9703.97070345
2958.83180549 7225.08388627
3500.4483955 4302.05612469
9055.36955959 2432.66763421
5535.70387365 1358.60009538
9424.37962944 6385.57067195
5188.82172845 1957.43054631
9124.78992057 7489.98573095
8570.03462656 4493.90343394
3049.10575915 5928.42096451
4550.38973259 2166.06247403
3861.29404659 190.018554557
6055.83347027 2519.65948808
3135.16625723 8355.37987931
1482.26396091 6460.45988439
668.511531443 7579.5236053
2967.40097096 5704.6700676
1355.21556723 3708.77299709
8905.33946364 9499.04971854
2160.43841327 6197.2819925
9781.84619047 8600.05375389
6569.85227602 8645.01309801
7081.98185991 9391.89448006
3719.7174338 5026.26391443
5496.72603714 1855.05984489
8466.99839467 4065.21515043
6849.03390573 5404.26362457
9795.7317103 5886.67635088
2981.26887898 8748.8336063
2504.48001171 3262.31353888
3556.08562967 7841.42668988
3895.21221287 3003.55360024
2123.70269735 8603.41901907
6249.27733127 5190.93477577
3075.60948796 5234.69652933
8300.0495914 340.665695569
9845.74855128 6951.82165127
9634.56589521 1419.73893963
1265.82527453 1887.77473728
9191.4118311 2824.4042036
9088.08287478 6612.95775763
1635.55405029 5056.03887932
2982.02565122 9610.21075901
7422.10280381 8167.63830926
6499.75270163 3708.51043228
9411.20770624 3495.68341133
3824.99847039 8863.53968611
7364.0327182 5672.34133995
5205.14759955 9266.01424194
1100.98858002 7709.45736895
5881.69861715 5231.7149132
4726.68323383 6646.60107466
9434.33006126 1908.34460666
1916.50404967 7040.4745048
1562.25933147 3843.04796422
1113.50788427 523.731513945
3078.67539581 546.296888015
1206.21893371 6660.77081234
1330.07643185 9109.30335884
6600.42135307 5069.21749797
9512.97732816 9042.2105464
1515.38790062 3760.33662451
615.690598513 1718.50683896
5519.34323689 8186.34106434
4700.63539409 6173.3040368
542.258287048 8597.65189069
9730.1095508 1452.61787678
3882.48414588 2127.37565713
9558.08872655 1680.86390576
1004.60858222 2576.95992234
2469.74005914 3993.76879673
956.03074766 8142.71370507
6017.27624504 3710.60684719
268.432021322 7768.03322564
267.506123836 663.910721283
1263.50929089 9923.39787228
3303.93553012 1605.57243548
2123.37598953 5074.7388773
2952.77153258 3410.70761057
4044.67694904 6600.03110584
3145.78898902 2393.36007702
2422.46256012 3167.29095757
7679.05457693 7956.74041302
1261.73444885 6134.09983612
5258.60420552 4871.77207206
8485.53861016 2863.37751747
5725.87240501 8642.29734638
641.851810098 722.127970825
8350.97188313 2263.28397765
5848.39018406 3881.60733342
9200.43593907 2321.06080397
1994.12415288 2602.62906427
3452.07264492 3615.87351954
1653.07105952 7676.06591742
9354.98404565 672.844574557
3888.55055195 5982.27107901
7260.11405528 5956.70687629
8751.38495265 5900.8328325
786.143697277 5252.65510675
2710.47899991 6996.58552443
6249.47748506 4925.27533832
7487.87302475 3680.03936434
365.333614815 1641.68046552
8410.00736923 5527.40118461
885.201363449 2668.00813293
4073.28957848 8813.41685773
1559.41275442 249.133324979
9825.06597117 1933.90914432
4248.49791017 5959.96105385
3804.31739219 1402.03946739
583.653994737 8842.00468024
71.1971823808 1509.4404742
5865.09880616 6418.20103796
7088.27451456 7488.11462849
5703.69006033 9705.3450603
2409.57229138 2280.44395335
882.480743263 5447.95880872
2811.63787529 5543.15519195
3102.87264667 6955.87239471
5854.19038648 7509.69189345
1391.28179931 4635.28023116
1731.70112051 6958.04260045
7757.14772847 874.396326774
7376.21749303 9133.24249915
5412.20167832 2674.81002947
847.362698955 9891.31901694
9035.74638271 6440.37199096
904.084800642 4827.09250045
5741.23831606 3213.5346429
1221.67563638 263.485571941
9093.82071024 8697.62868358
2142.30020018 2920.67391205
2770.6278379 668.085876172
4100.06102821 7516.7148393
6625.49190869 6761.71608236
2224.22008256 4329.87061046
9069.9713174 7367.21937836
9606.76124311 436.037656739
958.126566848 1909.59267066
6567.54663209 7022.47077165
3938.86895704 1321.07018818
7003.42644714 8178.68699515
4875.32002457 2631.3297403
9172.17234951 4952.58108319
3325.92868501 4518.06311616
4169.48770129 1876.71631409
3258.65648195 7668.23778026
4581.19252379 9753.23415198
7669.36121532 7042.69819336
2088.89398557 4882.74934049
5566.95911495 4796.0038667
7574.9401475 9146.22927459
4289.65438598 8803.35735202
1282.38014101 3263.47119159
104.384579022 7329.65155852
9784.01623664 4576.80345858
5406.54530982 9748.59269888
8425.44585906 9015.90523265
1635.84663187 2263.61698259
8296.71181671 5797.41019227
5375.08684053 7954.66813724
234.698366101 208.051541919
7393.31730698 3292.8579598
8686.98855283 2606.75719517
8769.93114568 9263.70058998
6624.57838795 4591.22806213
7532.55864686 9417.42875653
3991.10115243 6286.13403557
7891.25732524 1371.35741514
8254.50288314 8621.32045803
3165.46132953 9004.26940502
5734.40133551 2493.23764692
3072.84198216 628.691713946
4638.59490634 2329.15927748
1753.73448972 1231.14993606
36.784876684 2533.92456418
1986.67080965 4086.32103144
5723.82534385 9583.94675708
9767.89344383 3624.16421688
7190.85006101 7907.53928999
6869.56271952 6863.11465503
1748.45154153 9191.95742556
5607.78830606 7551.85105756
2499.90340084 4813.82635394
328.632434124 7113.37023911
5187.32519036 7349.62604616
3548.17203577 9761.05870037
8891.61621924 3913.52475381
1224.42240983 2671.06713424
1784.85582238 5305.92157927
3329.20225089 2334.10983322
3251.70255381 9763.17983877
5190.34065725 9820.10376727
371.144063554 2154.10361597
9196.13711079 504.470267835
9497.61821833 2536.74374065
2802.17558949 278.063395375
372.472980145 8835.93124238
6857.37199175 2071.02918205
9701.27678014 6186.69389529
7123.68114125 7238.29475778
6632.34037392 5351.38420703
6418.49586312 5726.20061244
9337.33641624 2338.90059871
2141.14009154 941.219050789
4303.86121607 8366.52787131
1617.90688666 9663.12651839
5173.66672433 4456.18406853
747.033152814 8417.44457857
5496.83532933 448.598629538
6332.98524126 3372.53572487
9071.13059237 7436.84282268
908.337124556 7057.93409173
1158.07550457 9954.60583467
789.412086275 881.254689075
634.198980227 1928.10089607
4608.37932546 7500.88355782
3306.45916039 4668.53925837
3574.63606242 8247.78755536
9923.74697571 1759.80057847
9533.77109757 9426.63645232
7680.67403701 3621.58242817
3110.98193728 891.96587693
3025.15785895 1001.01553774
5686.55479489 6418.65888321
4541.60720235 3686.60215989
3522.29476259 8498.56937632
5288.46831837 6186.17087248
5312.19276623 5004.17544491
2777.38695056 4839.99056146
2368.62383159 7300.29058844
1036.22976769 9397.75558259
5854.74800198 3858.14396681
2846.79360611 499.890151319
4174.72173401 2170.68039837
9371.29691095 6708.33235757
1285.96030654 773.193640201
9759.49563964 3499.85760111
2079.19883673 698.554579926
4878.02146078 1171.75769161
2154.92422795 8972.67141682
4045.65692643 2076.71844167
8230.59877057 4860.46701717
4111.29634919 2284.15764042
139.076425266 6667.47272572
9919.72351559 2465.10363143
6939.42611693 471.745878148
8429.0902134 9793.0295204
5433.01705412 1232.78314683
6618.88996582 5878.60447754
8504.00144498 4195.44814592
1782.01051383 8454.08013938
3964.36429944 8750.48575726
5894.22612568 3698.17447091
2665.03794504 2300.98133338
8226.33428915 9751.68426873
823.670254175 5794.52825227
1.98591210325 7629.11304355
2569.31384696 6643.5498948
3174.08723325 4830.24421981
5850.99985615 6009.23270732
5635.82307196 2586.40493947
5060.14458087 2032.78731295
4970.53256911 5024.66939185
473.610602176 580.689521354
9770.52188012 4986.8366441
9361.18290693 7224.21255991
7028.05471493 1999.84996312
2675.37216788 6324.2858256
5170.90893055 1529.38879777
4202.69743912 6428.7796266
4103.58365976 5035.49846146
3929.1078541 4078.46244924
6779.27671477 3320.80396054
7245.16844514 3951.31219114
8991.66494908 7748.5343404
7173.6266414 7553.05694535
1485.34123185 2870.73937086
2434.80355981 7628.02537693
9023.00354088 8349.88548419
9580.29805638 4662.99893121
628.741526094 8445.95756835
9488.08908124 3880.01675313
1978.25011394 6942.4430178
4383.07566443 3231.13411794
8195.06652715 6167.19310188
5979.23853416 9274.47235115
9238.74656383 6053.74410786
6979.27517703 6196.56251836
5548.57592857 6618.37286538
