8377.78904361 6348.9747969
391.256838615 6277.24634924
6338.45452127 8866.27162092
9325.90068044 3252.43351662
4594.37114797 3377.68617636
3007.61895493 5036.44713171
5336.68180014 5581.8918881
6226.09528645 1734.65104911
7061.44488887 937.962251917
1737.69794986 8416.53010706
2118.46214354 1174.25137785
3851.28371046 3485.34648529
9532.39039786 1155.55634408
4290.24225179 6465.57276816
6150.69051657 5198.49198812
8416.60532063 4214.83457713
8638.46536519 1081.33306785
2744.12018908 3398.83933485
2485.91442892 3000.16340148
2326.12200186 4547.86389496
7993.84653734 6180.85743447
5963.25214577 4413.02200943
9882.22922608 9725.82900567
7006.12452179 6389.43037424
584.00168231 8835.50796541
268.419575359 1041.11857644
1039.20317004 2721.04301218
9441.54661292 5596.62672491
3620.15369743 575.752121931
5727.81777192 5536.15584363
8057.09924225 8601.31661941
8280.07604909 1477.75613014
407.455674682 8749.99053825
5679.39687508 1532.23959699
677.113261376 7788.4356928
7012.54920806 3673.30949454
9567.56695146 4648.62100743
3039.53354075 408.667779033
6667.30486394 457.560974143
653.381270888 8032.69997627
8036.39622466 653.63350744
7753.73496181 2206.63121258
2546.03167473 969.471305358
8676.36979992 7230.79835065
6193.60833241 3282.55323458
9224.86297765 9626.22812686
2299.94659735 1771.60741258
8602.6376456 9192.27550447
2984.97998836 8836.42783655
9886.29648167 1888.39580629
5686.93153159 1399.18882863
3343.33035377 621.261982253
5192.8036169 1066.71602944
8868.18330751 711.153622766
2861.52947382 5411.41135052
3525.49712833 583.827790734
9053.61793339 6626.05933703
2.86627200229 2104.92306169
117.965244664 3930.01493657
7455.86024719 7027.97329424
4261.14257459 7563.18590635
1555.59670156 3545.68566753
942.057487942 4369.03474664
2312.95522226 1201.99347474
8059.23572952 1745.82288654
8783.9343682 100.11165408
1332.22266789 4634.08810822
4325.19171924 3974.67486502
444.849688492 3383.25871946
5819.44684849 5391.29060561
1143.27255401 8724.64288996
4266.49378491 4088.66909262
5554.96675604 3052.1205878
1953.92990886 222.712455443
6635.82886342 5099.70686736
9155.77723714 178.177333145
6639.26025446 8285.29968551
4963.51637611 67.5830314562
4926.10961616 8996.77267073
5017.23362819 4073.8204316
1326.11506061 5451.41314229
2220.39708654 8547.70963631
1069.81533503 879.124828277
4740.15882345 2581.06349921
7179.64311059 828.233400314
2969.38215613 1741.38166485
3318.20162105 4310.95072283
214.653040469 5731.01894337
6270.87684361 4304.53795664
8327.10145435 4177.55681507
5057.5812564 1256.04052202
4383.4295969 4897.9621724
2295.2099997 1726.72887962
2180.78577986 8439.23547892
9904.89624431 727.839969076
1037.5861571 2121.31231869
8059.3245914 963.255233525
524.085283595 5510.16304097
7602.22562205 4800.84853564
6010.67132544 5638.43747247
9120.57919761 899.220803847
8751.75621994 9014.78625075
3014.28712294 2419.7352515
3874.39358088 9734.35475941
7217.17520579 8222.83250486
6440.93026995 5600.17098765
3040.15878973 389.059168418
9723.08330511 4448.38480428
5112.16880524 6779.65408577
247.418598077 622.974216542
7146.5123437 503.738455216
8063.69400796 5309.26967551
2715.19493843 5728.10565728
6936.12661558 648.43742753
9160.0551072 7403.19230489
2558.68551557 1708.48813622
1095.7438331 45.5559966841
1550.30976903 2041.02916733
2580.06394615 1269.74310075
486.527626641 8117.69461162
1494.33598298 3781.94723693
1763.73955869 4511.19089397
2941.91765933 6859.19210834
2782.13204207 1156.98627918
4256.36254301 1859.24323676
4832.15766511 5331.19575969
8922.26234382 5578.03095786
4878.8371982 5421.37185756
7717.58730146 6684.70149228
3201.28386102 2085.11783369
1492.03724542 2064.93244029
7392.26037841 8134.66000086
4014.42335357 8337.02650723
9039.88309523 4165.56095085
6325.10555289 512.879667481
3574.64953405 3733.67852921
8823.25167861 1236.42716668
2996.58417996 6706.88701412
9566.07872475 6618.8778812
3272.55825243 3883.77520073
1182.75423268 6389.25986247
5478.14686945 109.262681692
6934.82741869 6298.62266831
2041.57504697 4036.85770399
5148.19294939 6689.30883495
1827.80879137 8790.93895231
2456.00921618 8255.17008539
5260.89165553 3128.46072334
9596.28499061 6775.94201802
9501.43999375 3857.44834823
4679.66275018 7609.33418489
251.731576447 4062.34761658
6884.79053675 2591.41973878
2379.66439415 4320.88101591
42.6843765451 2729.93966945
4014.94493062 7489.1666002
488.099272114 973.330786654
4842.00824969 7311.50556864
3021.17621037 4900.70804119
747.145661318 5273.82853432
596.627017418 3475.39139134
9185.28692368 2720.73308887
9968.89966839 7927.40168779
9214.00867024 6353.53601332
3630.39836493 9419.76957908
744.456955141 7919.96218915
2373.7435749 7361.28119649
4547.61662368 9442.45608817
8388.21356633 7043.66224763
667.350103168 1571.08883226
7667.43773772 1550.86040901
9623.00557069 7411.14790417
6703.68933295 1049.87014511
3514.49030294 1036.99097556
6578.36128482 9871.29964088
3325.50478715 5395.43168132
981.904129513 2614.79110973
1017.67764443 7286.63398587
5465.20137683 4471.05950177
6653.07479488 8237.97438787
1404.91373756 9228.89199662
4037.05468312 9029.66199344
2844.46221611 4097.53675197
1275.49841845 5070.7678035
9692.95823426 7706.51877293
9610.13787137 7650.55366745
6345.08771744 6923.56434489
2363.15599631 5778.25641162
2142.24374929 3269.88794914
8734.67530023 4213.96121516
9116.65573073 5626.85193959
9935.25970733 1402.28193832
3290.60130721 3049.29588215
1943.77652424 4984.08101991
6251.90165566 4042.56719605
8982.70823215 4404.12451472
5867.26894573 1767.36795862
6831.8890839 7126.43673549
9375.62974848 3109.79234084
5065.59183017 5212.49018244
6256.83176211 1465.4454966
9389.52378327 4099.65075274
1416.33407761 1513.37221035
451.701470499 2727.20858593
6488.25157209 7702.03676898
758.471035932 8416.68257914
5088.34334709 7609.43209568
3546.59470314 5069.947063
1357.98438834 6129.21422936
7293.28050685 783.34123842
7016.77966084 7613.30610272
7206.37059704 1405.55534537
8854.21022286 5323.85135332
5055.64477419 9940.04444062
7692.58772044 1815.83247551
2146.93299259 9225.91556481
4649.57909912 309.149810452
5076.78141313 6627.93365885
6129.09473768 8766.09908786
3971.8499208 6667.0264316
7649.07641551 7561.58228559
5649.46041957 9092.56605216
6410.70528573 8688.87335083
1466.37952732 9761.46930259
8197.93105789 6220.26488095
9059.33521412 6569.75165665
494.284407037 257.099284713
3348.50070402 6323.96811348
3724.42089957 6957.21444467
8926.9834936 2251.70172887
2788.89041373 1469.04002303
5285.06292888 7732.67118128
9446.82079831 6884.62315979
3010.83964598 3512.2957782
6116.2091668 668.513794844
6229.87805421 3042.68248088
9248.21345661 3607.10176045
2774.06694635 8127.32127127
5701.48323631 5678.77366896
9147.65223062 3602.70133596
3332.54637147 488.88120102
3951.12891713 6451.64007259
4320.8383164 8450.4225972
916.569926348 6644.81215592
6444.44831613 6084.58185917
8067.37674168 6233.02214344
3796.92602783 1058.07163589
8883.82048058 3256.03447413
4347.80731459 2324.73501074
6847.81541919 3009.92415339
8069.97425574 4338.79472802
2683.95061197 3193.22376073
3800.07888481 3883.61084127
8305.04599076 8805.55790301
1557.60562752 56.9495088462
4671.58553281 1240.38302269
5312.59339919 1008.3468032
692.529903177 569.233270276
6258.38657675 3488.46008896
513.449994215 1923.12733432
5687.12731587 7429.36664748
8679.37694627 7683.78501123
9889.31457249 8136.07291511
5760.03251985 743.477116077
9849.5430601 6516.56715432
6702.10174279 1156.50080969
7950.11100132 4640.93349915
1470.11317892 5210.68879196
4948.16449101 1065.29026476
5995.78718365 6827.84986035
4179.08634939 6975.56202753
3066.30702953 1673.72645007
5196.55892789 1002.99999551
1196.15312058 962.767522949
5053.22132339 9858.93769394
5079.54997191 8822.55975988
517.70972389 6039.3641254
5363.19850994 5548.86377757
8268.99253461 1642.52272703
893.445460266 6391.63531682
3422.29333305 1642.36479889
4366.90391388 2253.79513417
2340.83434571 7676.82833258
1365.10926566 8927.98535163
8677.51944002 1769.1027633
2066.98841472 5433.34879721
1530.84325374 5852.5363257
5039.23807188 6439.9852734
7400.26463538 9876.51764267
4605.61037933 3984.97381065
4211.94610802 6976.78744247
7207.66669389 8802.94778754
1258.35578932 5126.80897879
5622.08678671 9474.093763
9479.31675346 5253.43516764
8166.75575272 645.896626755
3172.45112461 3557.37010609
142.953132877 6235.60323274
1554.97671487 9498.78483463
2797.07557433 8269.9055223
1522.54357567 8167.29359904
7661.78525576 7946.83428318
4286.71632192 9638.69701788
4611.6564823 3078.22802961
6038.30239454 6207.65402437
5841.01797679 2120.68608115
561.018677538 502.832284503
9505.72526864 2811.83717571
2776.26350819 814.686065693
6898.54103731 1651.98930559
6569.54691636 5499.90672153
265.05359938 518.745013275
8688.26108457 326.925230414
1889.95649225 3965.89558022
2970.09889604 5428.16806448
8171.8017159 5659.49513565
3979.99390598 4956.14001439
1532.46966794 2372.25088759
3978.05030155 1785.93543023
2984.31229908 5754.1798582
639.340018259 683.803522965
6064.33682684 2057.04580277
4476.34079715 4898.5961421
708.087097089 1637.26887432
1756.94601396 622.039196678
6150.21270446 8884.32609578
9565.38320584 5718.61076919
4953.70021837 1918.85742632
8473.69890227 236.265003243
5274.72436721 3754.29303866
1048.20511147 6460.29106297
8845.55781861 5604.06464108
8588.71176071 9166.04883638
577.985678685 4722.66131555
1489.38239602 4270.09959209
4442.76475264 9017.31495028
6437.36450256 6939.71677195
7029.82453562 472.712343119
3681.91574361 5421.70974962
6948.32989626 7265.23799051
1288.39563057 7154.46135576
159.218189801 7708.54830654
504.487540962 6845.29714848
6856.00569198 1858.7705055
572.249425872 1197.81141602
2491.42071559 3705.1296974
3316.07829999 2995.65321408
441.656416988 6021.56848895
1976.97067451 9906.16538151
1348.80833867 5750.45042048
2970.15601528 8323.94458512
4277.9988112 429.135539375
1418.17481992 8071.83673892
582.992867306 2239.50038282
4131.45150948 3638.28743331
8746.25454201 1783.83566185
8864.81460934 8578.21883953
1021.76360397 3290.95027158
4437.02456173 6344.25777855
2931.55950655 3198.8038094
1386.37875631 539.668232263
7931.68380949 7413.81381655
2867.39600648 2713.35180282
3872.28573305 563.986989814
2224.43380187 624.510084139
6100.25450784 4143.6823202
4584.19386582 6140.35957679
2698.43938528 2373.44114931
8573.86673764 253.109621369
3791.4955018 8397.86823278
8769.22306478 9983.13052308
4638.89185475 5668.5795879
7050.69049893 2695.05358273
6573.20932608 1088.28730776
8938.6780865 8361.43213063
765.879349144 9326.38663057
5078.48638777 3356.40326624
3060.26492341 4586.86917818
1091.62408444 7692.77179017
6309.64302803 5607.04314322
8569.14327066 2457.77877707
8452.32483649 3891.77429565
3837.42501426 6649.69763119
1847.01764833 1312.73637482
3495.49310333 9450.02822522
602.012354929 8792.74252639
76.3489205828 8062.23583371
2788.63110988 2772.82566983
9819.31647738 6590.58048457
149.959632478 3187.5684811
6509.84322127 3828.05004426
7230.83864618 1714.33053912
9167.1565834 712.213340452
5324.45667621 4270.89947692
4173.67648446 5611.46294993
3652.52432173 4361.43501646
9885.76912349 5306.64876882
2411.44825347 8277.88159106
5599.6168796 7999.82596534
3389.37751186 6399.99043604
40.7217170163 4063.62484709
628.927768807 3555.05901123
9724.0039423 5528.58561918
4349.09107352 1167.69792443
7301.20262595 2050.86347088
2326.26580224 2706.81526634
3296.4834518 5909.03490909
1817.87513566 9327.98902261
8522.5395733 603.080522395
3396.48808506 7736.87881386
9026.23041328 2257.72724274
2774.20744604 3934.83467417
6067.39224641 9203.40945566
8330.63435586 6058.88556627
3716.01095593 3758.67393355
2473.40065857 3879.83802191
8719.03476985 7942.74441861
8762.86282386 4533.40480034
9586.87176201 3363.14331916
1065.7182378 7340.11466016
9665.11421134 2483.09568823
7584.64672049 6465.09112103
3977.11471762 6524.83122978
989.960378884 9277.20016996
5041.47775714 3217.61531041
4062.66838566 8943.42161597
7835.83305688 9386.4110033
6098.16569676 2330.70364311
2832.66957928 1584.94630485
7080.29651855 8735.55543993
8490.8417437 1212.11119127
4815.48351037 9877.28000691
7640.92293055 5207.91246593
9743.53269797 224.583304944
3682.05801645 1230.25753792
9136.84940053 3916.54743852
3385.63977572 1935.45356236
1649.78534029 8786.66358077
318.73296844 2500.26119348
2110.92773163 2585.03095195
7296.25443631 1988.64288793
6303.10292088 9792.11698436
6546.93032935 1217.65926742
1443.32735636 8444.6297361
5576.17416182 5282.54629966
3262.13427677 1804.43937839
7534.51956007 8046.59855933
3849.76152549 389.95698091
5927.96126214 4855.77470005
8897.41482059 9534.71516622
17.2318555708 4555.68734612
2674.4984974 7979.48129031
74.7971123462 1780.13265566
7486.58912092 2377.01437974
5321.13067319 8352.80161185
1741.59976391 5188.84389108
7433.71917132 6217.64115598
5945.93686731 9553.50231705
5958.36284039 6483.92753484
475.101837941 3172.50820455
7644.59790364 1107.78513079
6799.52761801 6332.52362846
388.283899954 7623.07040576
1038.09979495 6594.18570692
5578.67430519 7200.09939153
3485.62944822 5682.01977856
3451.3144864 9051.61774932
3444.1240925 1308.05474919
6389.75554511 993.343753679
3517.55122311 9718.77513031
7605.39173132 7991.56793531
3903.45175073 9020.60763818
8316.51313658 5519.72413373
9468.32477354 4353.55147894
4443.76241923 7.99417185992
9910.8516778 2848.80745974
2886.4129121 2464.93143666
3847.33115955 4982.39532048
6165.35599734 6836.31741475
5570.24744817 8701.6226715
1212.24487218 8188.37201132
1512.57170619 8430.39388761
6568.32008186 7569.43372694
3599.10434714 3617.25160394
6430.56816062 2036.15031978
4954.7009739 4609.05730992
1212.46027893 9324.30242322
4838.4249055 5547.89143057
4846.95535265 2420.5060782
6170.68936006 4570.89209655
6866.82058907 8510.35277053
7893.71220571 1926.80033663
493.224155276 7021.9208341
4391.20009096 6251.58592876
7256.51499319 7074.16059321
2743.40797719 3079.28690719
8372.07242698 3289.37542336
219.592988151 9078.10134574
2621.69033147 9445.36545604
5405.95784433 3432.82044747
4697.6635888 1486.08652235
3467.23692297 2061.17087674
6478.5065513 6746.52554563
246.462099913 9617.92815997
1437.99259301 4154.20079132
3035.73535679 3015.18454905
6137.33024197 8644.7844966
9243.59249474 880.420811866
3509.42257369 276.7377284
7675.60696071 4844.73707502
5467.82150178 6794.57187209
6542.17122396 8921.81764983
5691.64889518 7934.6364976
2766.01190113 8923.1400648
7348.30579339 4134.21216451
19.623542127 1606.5390688
8929.19902725 354.484176322
4258.88125195 1049.39624066
5820.06531017 7171.46429311
4371.17313639 6574.54707229
3016.89264523 5776.54847768
3856.08307821 1686.90893869
5514.84807801 9725.52066448
7858.79915607 424.194742827
375.537254341 1571.68380103
4076.68738847 1387.43246687
8454.25014776 8689.33127126
1727.13111653 9409.3046968
3507.03877761 752.17965384
1268.7114812 2314.98132758
2033.25149695 6420.44156953
2035.86236624 9236.84152282
3246.54622669 4531.86507275
8406.42164124 9221.69744926
9249.92725447 3932.12058138
1173.44330874 4764.22863921
7447.09661829 6177.30245231
8511.80370807 2204.91992404
8032.67853665 9791.03431946
7991.02570567 4273.98296171
7034.98325203 4782.42147225
6349.26728097 1257.18380699
3169.00577513 3397.57789075
755.179412739 715.162315218
6386.69994454 8179.32680476
2084.69911985 7735.3806695
5470.98616352 2540.01643718
9942.92861336 5057.54181992
4721.71460179 5340.01938704
2582.90080907 9724.95984497
2215.59554537 1034.37465443
2385.02296948 2454.00374566
4566.11631665 2549.39306643
5871.58821933 8494.08651201
7312.47007898 9000.30374398
4979.05176909 2502.25043553
7.24262692696 9310.27371183
3100.37290094 8085.08888488
7709.08157515 3111.28566801
7863.54420786 2035.80669633
1335.32445705 5567.49062588
3704.56437691 4727.09473604
9032.3581951 3462.42824081
2464.11039297 5228.31770122
5136.26262966 6946.59164576
8009.9175735 8774.17988536
1257.38812496 4696.40808787
9050.25542394 5391.05257837
7399.33834235 1076.23182664
5882.78828529 6347.35967666
8424.01783047 5173.57647999
4630.30831453 4985.23061624
6860.35218836 1745.51662181
4125.77847143 1671.15235895
8691.81748676 9463.43853195
9771.23181286 5993.53711509
3884.76296219 7734.15919582
3764.04670311 5244.44690244
6041.84775337 174.147129703
658.940482977 1942.70338599
5644.19022055 6415.66089867
6217.59862166 1893.1066176
2097.19451199 574.341690474
3352.56702811 3912.8236598
4819.73411178 1049.72889002
6607.11219606 8479.11533916
7129.3813772 7681.64776378
2952.56613597 7222.53668028
6239.54217045 4304.94942863
5623.66259041 6599.06406581
5731.21591366 4914.36114959
1636.48256884 743.710708137
8322.06345578 7731.33815133
1415.11887172 7672.11584657
8747.93468043 5307.54854198
2563.84801439 9800.35636939
6719.11601001 2670.95788227
9767.96548027 8013.65452826
1786.57363307 829.69305873
7007.75886903 2274.08053476
461.177512214 4346.91276311
8189.53790423 7359.70964364
579.079557857 5721.1418038
9535.34479717 2583.03387508
3444.73912848 3653.22362717
7394.62418532 8791.15228053
2903.14358118 8563.88821854
6762.17493614 1625.07830345
5803.64967248 7321.05849732
4466.79788698 4082.19857311
3052.56926854 5451.61129093
5348.70933559 6087.6881084
8022.78717428 2139.87968988
6871.29092829 7228.97662387
9126.76945358 1238.40555133
9110.45505637 590.36399479
2811.14575289 3907.48154132
8798.80672134 2902.34305833
3984.65038135 346.841486277
7814.30502959 4402.38377354
3262.11620157 5276.37292096
2384.92187309 972.0307813
4194.96969951 8297.6031786
8326.18302555 5282.17330142
8124.65840413 3318.46151121
8880.26243661 500.949030296
2899.89606565 789.396460628
5467.15447686 3538.00001592
9147.98717423 3550.48281681
3266.37120326 1985.38535829
1991.37978126 6274.5899979
7254.34725552 457.828648716
9989.26667446 9300.58065078
4303.38213881 5042.16469035
619.650782906 1939.22454763
2954.55618725 1732.1195163
9306.59594169 8413.9843001
31.0489955672 6369.64348635
2007.00327878 7946.56860891
465.541975468 6605.55942769
1286.09346837 5380.85282938
3047.07577334 2763.54011106
1496.11848325 4992.88272789
9940.16346101 5906.19763251
2215.0044209 7740.13844344
483.646630776 8390.86311363
9885.75971642 600.424982967
606.851376638 4846.88787755
1168.85637774 2082.17272931
6998.69182066 6615.71395026
1550.82959778 967.415829142
8790.19148491 5738.94409836
8743.22684195 2653.36020698
7878.30704164 7446.27401647
6257.55940705 8419.18018101
1346.44559713 740.377368117
4585.17297936 6653.72453297
9272.27141171 6955.47437587
4779.389749 1653.16242533
543.112117077 9822.8487248
4493.38631095 7481.2081985
5563.80164559 8974.85306741
6532.48621104 9884.63995865
2396.06594472 1150.00377574
7433.99613822 8575.02320017
8856.5169029 3258.93146066
9457.84957589 666.413364835
8050.10208362 6782.60696345
1903.10296219 4865.95829339
8360.08959573 8067.62349771
1016.6380852 5849.10493151
9258.19683893 5363.68728696
2650.24382955 721.41543775
6379.20090141 3682.53222862
8922.92790324 8044.95238558
8423.45255493 8351.30603618
5840.98320585 2869.03514972
3319.37292811 5005.46648829
6282.32202392 715.402121018
1808.81834103 2831.44421191
8589.5429924 544.281377576
1643.29910328 6105.1501093
7117.20350122 6395.85187369
498.971220051 1248.43253568
4895.06803555 2230.11010785
1503.9563418 7791.19163542
6566.7302612 1687.22646353
8659.98156498 9665.89746021
7509.25954062 4617.30564319
5349.31064191 2984.18457926
1566.74828417 2284.16251937
5746.08761737 529.194515644
7142.14857256 9851.24720119
3878.73223744 7231.40971716
9619.71367742 7526.37493703
8349.31276697 7710.88086813
3007.48671102 6756.50891957
6115.72051423 6743.73088392
1157.18698793 7276.2931556
6150.2758726 5330.43865164
6844.65715697 9943.73571055
597.064418432 1481.20236639
474.084990927 5146.35426594
3476.19962248 8719.52140513
1115.08831199 5343.96959019
9485.98274609 8772.22407051
2482.23313093 9515.44462811
6209.90709682 6792.672947
2929.22018326 9714.08838611
2716.36609048 2319.50162561
5332.22627885 3217.50246421
7933.24990447 8689.31439914
8091.31321148 3658.3135995
105.600099498 9297.21576289
349.78969903 3802.45937888
7112.75664219 1989.2625699
4246.30762026 3985.84601353
2561.96455374 5857.40839756
3697.43175562 8450.31570864
5187.61668261 9328.1138411
3767.60266713 2895.5286524
6095.09333017 9258.17620604
4750.40637415 1679.90035304
7998.19391291 741.705603269
1889.73546447 5027.6730749
5506.44231938 179.204717602
2280.2822951 1443.19335618
190.897037137 809.401371391
3861.65059703 1541.22111881
8165.7721469 7493.28793814
3435.32059706 3480.35077768
1648.75870767 2880.39913281
8335.82709173 1395.28495821
1237.04414048 6308.28810384
768.142188647 8592.06225007
7609.59642678 2507.18812275
2102.59962229 9594.87246436
8826.79994582 8961.46521462
8803.49279183 1341.34519138
2647.09698463 8576.75288048
843.225390586 3465.47334723
5842.63219541 9699.29867999
3713.85364471 8010.42938078
4052.7639739 4959.4903266
4978.28901903 9431.91852545
3117.48790329 6741.1193226
5824.33593201 7631.09583219
8613.28431231 6259.73264256
1121.1628598 4982.62076415
9038.15221654 258.904428297
1154.81934342 3416.85275919
2280.68462933 9743.36697674
2600.24499266 661.779686056
5420.11380486 6853.83830544
7697.32941863 2155.03639552
6083.1232013 1525.81831536
7190.37432673 159.202599577
263.797803704 9006.45506406
8806.49999279 3053.79847543
8384.74854698 8290.07914321
427.649472976 5186.4006047
3675.65507526 8648.06913529
1124.47850408 3339.29371229
3153.55344142 5749.428458
5574.98677796 1954.28047026
5822.88440389 637.579640047
2535.18154278 5721.79780984
7790.40008118 8048.9373221
7550.05416963 6319.90737341
4828.59756677 5006.2361444
3626.71727821 4436.66388931
4086.91757969 5018.76146467
8953.79098679 8876.74365531
7390.35712883 8631.86603214
4585.51894131 9077.58191991
1342.30392461 3088.04885864
7287.02235194 1735.71743208
6063.4553418 3188.62691661
3925.19857762 143.719402406
9586.56556318 450.763602976
1298.2016351 5371.1729703
613.323196816 4703.08529872
443.719808355 4096.69725819
2233.67665069 2189.80646722
946.396182171 3898.84653379
270.724681007 3032.82483075
5951.47448788 1880.62990377
4984.85452431 5112.33052068
5961.02432496 6163.29246184
5889.81767822 5200.91977403
326.387553666 6336.21816179
6017.86566424 2259.33042188
4082.39073934 318.99638457
647.331714656 6072.64423225
4716.52214897 9545.07104773
7932.51713016 6064.59979944
1913.47512078 5740.62418699
2656.86944413 6082.01004314
4729.70328305 3748.19692887
7289.71095853 5894.13007664
236.248680112 2698.10269895
6068.36632644 2957.47775
9374.03810007 7385.20163163
6287.35751588 6218.72594011
4196.62974788 2867.82154433
2887.27649504 6735.91427209
289.838250755 8781.51427948
522.797050261 9046.56925614
2745.14489023 1274.22936971
2223.07752249 6746.9489111
6196.08412497 9274.31286174
9264.3405173 9802.03899963
7248.34482659 7095.86699052
7954.60292734 1133.8975318
6798.72190338 2805.8933111
4955.34188774 4983.13860667
2640.25983518 1220.8221293
9767.37506286 2490.85145493
3610.94000019 5950.17433527
469.43816233 4067.28919988
6148.19235069 2868.66248164
8585.4313018 7197.19519232
8111.17868242 8604.25438434
9015.53952653 427.89948146
4445.96202584 2834.44507036
9912.76743662 26.93146336
4760.38240009 3288.12926433
4939.46989085 5088.49797173
8068.51154285 2960.40313367
6115.83732101 5395.56606508
8528.38622426 6454.33380049
124.91729106 9269.68164121
4527.85506143 9228.70728546
818.455012806 5628.29858185
6382.15396845 6239.02101319
3348.54004915 3528.13111259
3927.86140348 4462.79952516
6246.29436998 2780.92852262
5319.36995392 1926.62224163
6436.3698901 7245.86327391
4161.38535032 77.8556835342
1098.36540083 7012.20014858
7980.88292973 910.264241924
9184.11963532 5137.50273649
3816.44294495 1361.56660167
1658.21328065 8700.44527578
9014.04920871 6478.54634154
7466.31865068 5784.79567387
8045.04745733 5169.40145211
4011.04903603 6522.53202897
2852.00223269 9144.62232189
8897.51190218 5107.83650051
175.39159956 5753.7670004
2796.59707826 7718.95480177
1887.59142196 3436.46565986
2379.22338488 9514.42267566
6422.9740716 2893.09959424
1983.80090291 6484.20714738
7110.65296624 4012.19854087
2663.50863708 7556.82973643
1541.27574752 182.066174666
564.144260118 8585.66238243
4737.9929763 2981.24611408
8498.03312768 3020.59828313
4925.11594744 9221.627519
1913.36173035 8687.19135282
9071.53044952 1081.48789491
6260.96549557 6702.99464943
6955.12659012 5799.77792401
9038.26065753 9664.34520027
5118.83107548 5088.78203065
9020.7486409 9637.39177033
9574.24603992 4341.79240813
9675.6887707 6084.16858519
6120.4797381 5250.52110929
9086.429956 8635.52976104
5785.43734577 5224.88292997
4456.48569277 7143.10459101
6219.8663185 93.7827607418
7676.58794729 1665.44725032
6281.54712736 2869.93452392
5268.77372494 3383.27950279
5670.6621059 380.752877776
6350.08436464 4545.29889307
9256.69197413 1800.08057088
4185.29313329 525.872376801
2345.93201713 5964.64658888
2934.19336859 8436.03999182
5908.09754204 8764.55769176
3486.21082141 7930.4186327
9960.18698338 948.083698573
9224.632433 7762.62488249
5436.49126585 7090.3571903
2383.85175345 6391.40224814
2111.60488244 786.599554611
6218.87874059 7075.05986369
6261.86679133 6394.40378914
9171.32777562 9433.29109207
6785.05564316 9303.55805997
6866.16628436 5241.1807582
7329.12231041 9049.74321988
689.21152553 6707.70664071
129.205702633 8036.70102156
156.772470932 8618.65632589
5551.82763313 942.913063153
2666.45750797 3911.74200009
2770.42032892 9592.0520001
380.695366086 3772.59401774
3664.42075932 2413.67104536
8887.85261861 7790.38352266
8032.95632569 1490.39352133
6805.70549367 3973.14348202
5347.69672498 972.444561049
4547.8061199 5775.54145023
1907.33953279 8929.83188873
3638.05072896 7564.58976491
185.416928007 3342.33770627
883.611296812 8801.03969083
5008.02942337 6143.84437544
7930.83995562 5642.6262786
3155.6827333 3414.52314182
5947.70906013 2269.50492082
1611.89277626 4599.3301399
6382.56069487 172.111864234
1976.80906238 4882.88213314
1479.60835703 7236.8816455
4296.97802495 1587.48872944
2578.15547422 6911.32826038
1703.64967117 8931.93945361
2283.49469546 341.871983921
7204.29145538 924.438883863
2976.58065198 8806.65117575
7600.96877387 4565.69289591
8162.45477913 3535.16282071
3787.65022092 1905.44485866
2750.58661452 4227.63404581
2328.3517571 1026.74349454
8381.01120658 3385.48612328
6231.74412718 6544.35796554
2233.13865838 1336.32819505
1748.9696736 4456.97793616
7740.36445627 4115.24652665
8830.5436178 4308.97037982
4797.66640957 1013.93620468
3514.42340569 2341.97579405
764.448868356 6967.04505315
7759.77711885 2559.24237172
3670.44649784 7065.04673636
9689.60413136 44.152282833
7480.18254224 2448.04208868
2452.87783847 3096.71142921
5628.29321996 4901.87661594
539.375575909 5510.6789536
1028.82037036 9460.25210479
8123.94331745 8352.37725449
5147.87308832 5166.3363672
8975.05744336 4202.21075039
4234.53515596 2204.18369763
693.649725822 5601.17258478
1715.76089359 498.957014645
2958.66757557 1387.59926089
6632.86351074 5901.18293755
1062.35531821 4286.8560206
7958.97853949 457.412263309
8714.28689183 6367.22385839
1324.15116845 6708.85646809
8435.47242546 1898.53592184
8131.5525607 7664.50816806
1389.6204119 4955.36155586
9239.31644481 3187.25160347
9736.66075103 4618.49878035
5442.86230571 1459.91971941
8813.35404361 3416.01710718
4367.18026981 3262.99123326
8303.46554354 9597.13096099
3409.73550386 9528.45279479
7968.5851217 6856.80023677
2426.54842773 6940.8672129
4439.54038604 9931.16820647
3026.7104053 276.849341626
1212.59407529 9377.70856976
7369.12556126 7890.45769973
1329.43726166 7842.32085897
6332.06814839 3766.36384768
8450.20662891 6011.23636329
4631.295228 9331.02409858
2601.28548154 9755.29152192
8233.40346463 1512.18700087
2954.46428294 231.378684003
2673.24950986 3969.37627543
6171.6871749 8929.17584748
8077.07287462 1116.66916397
2268.9884599 4994.71594689
2570.20719994 5103.01699687
3654.79574919 6861.21964785
2918.02267151 1973.46976579
293.211456046 3781.12941428
6391.77346286 9753.99328279
2963.4166347 3419.2080917
3793.38681756 7945.3668389
9721.61776754 9543.32858289
7982.91542856 3068.09173603
1271.44297788 9566.37747992
5434.58045988 1921.59029205
3563.40710183 1966.87259692
8131.72236189 1621.03755054
2302.73509523 7725.45027284
5222.14750359 4598.38536819
2130.61110647 9846.07763292
346.68720303 985.207613402
5324.38299126 6908.85078937
6191.01205355 5711.83538272
2513.07671997 3493.12984622
5246.57896613 1281.55755322
5995.25884326 9469.88811889
984.750409352 1678.05959294
5959.13433254 5729.07431918
6920.30635099 4287.78344902
7278.06596546 9275.32634583
496.228526105 5337.48238692
711.904903568 3056.93504826
3919.63270171 3309.3102846
7175.04098046 1773.08884704
4445.10231795 3341.60252821
