5044.93508089 6487.69973768
3874.66296311 907.588842731
604.996292788 4656.68080965
7909.66843588 9969.71471404
2844.59894258 4531.24129144
2977.12841551 6215.14746246
6418.64068793 8759.66237277
3626.56394062 5509.90425235
9389.23714852 1623.49372187
1849.05131427 3759.13996582
9508.48970257 9112.53806509
1193.05101688 823.48751562
454.747452398 8120.04204297
4743.1488753 2359.16888838
6764.5491047 3302.89992646
3419.73420887 3441.76082947
1447.30893234 2159.7426829
8931.62125484 7528.10685698
2043.32841383 1176.79931295
4252.11537977 3948.1642558
4979.63923126 673.538296301
818.074080449 887.437556851
584.019283723 4929.73794906
897.716806191 3835.74109869
5156.31139684 6246.71259266
1538.28287869 8253.73480106
5747.09066189 58.0543583255
7649.52794935 4756.51229875
2313.83854766 1955.15804435
205.234036893 202.944406118
8998.3908493 1879.13790374
7304.03000514 9414.34851457
124.888034794 774.079164067
821.219920197 2682.88155641
4047.90227905 1287.7583483
5633.6322635 8626.85394273
5338.48595132 424.527697098
9905.90406504 4606.20112229
2731.38111153 2585.02198701
3761.91450828 1376.28981397
6708.13222896 3394.77671145
4866.49542416 9379.55356841
2347.68113878 2942.90788709
9451.08074101 239.909383905
2520.49329322 9430.38471857
1590.59440186 1052.4995753
618.404469311 5506.8159806
7296.24632094 1145.64862346
6573.60073767 7123.1690999
3725.07092622 8953.99261623
3152.67445257 8815.63686791
4754.2160973 1985.34068264
6100.30922638 2058.40437258
7462.29896701 955.276202159
6465.79698077 1541.86114673
7553.86276966 3523.83673592
5186.44330066 8642.06446333
2832.92266204 8071.49023092
9031.96051931 2756.81299881
6618.57767841 6055.44546661
6839.01075215 5760.43725423
2953.9706311 5631.29937737
7333.54441869 4578.61814754
7786.45462484 4345.30140275
9649.42634448 6208.42530336
8770.1962016 1325.63687261
5754.32873061 6268.74029242
2027.37407433 7433.18110758
125.063057299 2110.83793227
4943.51348813 9386.34084846
4397.50089875 2507.22229128
8327.15302591 3669.43704944
9648.77986723 7682.87148033
3070.25974287 3478.59445385
9910.27665066 6233.96080281
146.558828679 9339.51384909
8109.51497707 9353.06255066
8074.27776194 2017.34875457
9981.87266552 6614.05039657
7640.68571202 4545.41293822
2109.65519329 3726.87382783
5221.02982545 9915.05604137
5459.51547609 153.807639272
6095.81408239 599.980333538
5135.64130068 7353.68138667
9379.27468823 3858.34533439
1677.58613499 7444.39069877
8767.24072542 8532.02265512
8306.16021422 9285.56419935
5064.60631288 3197.87280936
5533.06809016 8814.00038269
1744.90727775 5169.38450269
9611.52017452 8147.54031139
7204.24513541 2579.96335511
187.992432022 741.53791167
9310.90738324 6986.60530394
1930.9153188 921.592579403
5007.32083976 8641.94184168
878.17637009 6573.86875703
1893.20599603 5277.07814068
8064.59698517 6997.98848162
9177.90178903 8227.77775119
9276.89351921 7987.71825479
7913.23644265 9541.36352205
574.930554741 6191.19039896
1287.36446336 2584.71805632
5417.30696474 6252.49948055
4200.98700003 4862.8918564
3184.61259925 4146.45862438
344.505771296 1468.7848855
1731.6330887 6216.75873435
58.2978144715 8105.92534639
6680.93303089 739.679450671
5617.16233425 7835.2777262
7623.71984989 1093.33445013
4970.02934078 4338.6442105
794.690100239 8633.66872986
1865.36818253 6534.35687263
7293.40913825 192.675692168
2143.61629384 5205.72861312
4398.11889212 6523.43320617
6030.50337982 5425.85426214
2613.94595482 2285.9128426
451.116934603 908.568375269
8865.36238489 9213.5789869
7465.97038516 3005.87554331
5637.70612162 1293.45089885
635.484109537 8019.9579283
4533.65341956 4981.86745593
4992.54380605 241.955902591
4749.99156511 621.981567289
9507.660435 3787.95617416
4948.5461049 3994.08119441
4991.27865155 201.777548972
4301.29623866 9143.70094439
8225.89760006 9396.36861083
8617.83246543 9736.95654787
468.05995956 1852.91972516
3609.66888064 8456.20431159
3401.85886072 8788.91310736
655.565322906 5647.35392188
6684.62354564 4868.2871622
4388.22409816 385.662994001
4593.27025819 1238.25596508
4768.24389057 8841.12665114
4963.03751478 4908.78147609
7528.78203931 231.939068127
2898.37879512 2057.2292733
8392.1481199 816.403956069
1453.52606439 5356.44873857
4081.28699323 3766.96888101
1748.19575042 8997.87710503
5767.1202731 5437.20492599
1401.77794377 8671.90238299
4039.29182265 1325.84489398
4192.23197395 5534.15852244
5553.81023103 9209.7727781
7250.88776032 3325.32538453
5797.206645 8610.72220906
4674.86186293 3543.78041658
5201.20087761 7019.46426966
5075.90822233 4932.34124424
3596.86120909 4499.14421546
7716.86063363 4740.53544253
4489.25542385 5580.52885216
3181.07062505 3426.71094217
5507.30652293 7679.04862608
9188.41744649 5061.49927297
486.225514563 9363.60904886
9681.68136459 9211.39369087
8780.9431596 6836.71873794
2250.94407034 1128.88277063
8959.59695154 8808.29115758
3898.0195819 1908.71492072
5216.5217972 3615.68017662
2071.03860188 5393.2129948
6580.33563868 8132.80678184
2629.50549462 4266.63854313
2526.03478124 442.879076186
1755.09838592 5074.74326882
5698.78034275 8978.81115154
7054.73279786 9471.07079679
8298.97104689 2278.34158212
9277.82427743 6036.87323054
6658.95544019 1950.74029684
1468.29984744 3956.65016321
7076.14559186 2766.28190207
4541.07568371 6795.9172224
4226.05603401 6577.73478772
4239.22267722 1882.49546799
9676.45246707 707.688270144
7920.51197916 2785.65683666
5548.37213674 9642.18038832
7747.52399406 5750.3677238
9267.65854532 422.645508007
7907.9305071 4892.05351716
4589.36586605 2478.79182972
6535.65645458 1119.7480912
1875.51825767 9297.95676481
885.157036921 5031.31835019
9063.0324048 2618.19608791
8809.67362385 510.654426733
4943.48316779 885.450556825
4565.53373261 2203.34798937
769.573704449 3983.39444237
3017.59593203 6004.63244651
2373.70394915 9706.61968067
5855.90831507 4683.26629296
7194.52608867 1117.82584793
4022.57563442 3886.64446089
9421.49278178 8075.52721121
8325.89770555 556.110704353
9963.38289771 9635.8604578
1088.05470953 4244.87146669
9007.23938855 9168.86398672
7701.87896971 7209.57813806
974.762551687 4363.46951885
9412.73435444 8208.52924545
9225.47134235 2345.8814671
1208.50947399 281.914886237
2925.03812323 6117.22033476
3647.56392409 4015.76590104
4847.97876236 1519.72037699
5359.41481804 4199.84047169
8605.27156525 4565.23328479
684.495012035 1788.86859986
1451.41974945 3886.98811134
7135.67707723 3035.29528563
7278.1522381 2332.27633555
227.083281947 6865.59465238
6819.18818096 42.507794388
6866.57890401 7358.55947631
5578.64550344 3473.96353842
3926.36227091 1857.34006261
1114.9543031 795.602344302
6729.30149756 6416.50690686
7427.67582956 8238.67893478
7057.72455657 3474.0304143
8685.08747385 1645.71233796
2039.78115452 6002.78949173
3266.87398509 6570.41532219
1473.56064465 6564.15073295
3150.02496527 7697.9007451
8763.8579817 1437.32890063
5841.40782783 1739.19889514
4227.86194647 5683.18522034
3012.01810446 3638.23601567
9592.04490791 8382.27494561
2351.43237633 4583.38389003
8944.06516345 642.74861098
1231.2852725 2035.52684991
2183.44351858 5234.12157442
4742.65969857 302.333894861
6740.15896942 4566.85748939
4140.43542013 4624.13371457
5025.90778883 2751.05807712
