7134.5316979 3808.72124483
5769.34068619 4897.47948993
2876.29696344 3049.09549134
3012.57900445 2567.42193925
7052.53445416 4088.21377154
7219.42251178 1647.43792465
5340.30972225 4365.06724244
2150.79665396 3153.69823299
6478.007838 3803.28162368
4592.78252442 2937.1769013
8952.80566941 4090.56839314
2436.23711487 3408.31027157
2459.43872069 922.248921298
3920.52506876 1690.49797094
2421.82222241 696.603055069
7742.96920177 2714.94461486
7161.7362342 9326.81130096
4500.35494277 9781.56749328
7385.0972202 4619.26520214
2913.78243187 5093.23016482
785.909672965 3545.78382803
1972.06000664 8219.03093622
4286.48715514 8051.74396181
4760.74498684 4413.5599893
3963.34169186 2248.89304131
7911.13959678 8012.2335952
4450.38446083 8321.29397642
663.502642928 146.184901081
3947.85354651 1371.72284663
437.815225568 9974.32766952
9904.92889152 6897.1431236
5382.92260153 904.982496533
5023.29895025 8402.3457074
5254.79882931 824.875015066
6328.78370889 1318.48285192
887.522382105 7042.06422388
4339.44402724 9588.35867929
6921.00202004 4187.95142788
1210.68336796 2545.70783722
7039.19489416 1791.23579831
7663.89555117 6830.3048095
2341.80019141 7656.66876878
7734.38040206 4068.48190671
1924.23809672 3149.81721039
114.731622869 8045.13908773
4713.59152763 5085.00808236
177.359175446 88.0707296798
690.808414168 1615.76656591
6963.76889651 3841.92426194
2632.20363625 2073.68603193
6620.24853826 1770.80552231
88.0559995081 4071.96396058
2912.88975431 7009.6746491
4129.51625202 1049.43193905
2566.4279894 4749.76362121
6105.18590554 5800.09297167
4426.25961438 8650.6541095
4301.75215756 9241.33396543
9075.23912118 157.453918567
2128.17495615 8196.57996064
2973.00923244 4674.1773844
7203.53288951 2306.44556654
8783.54276683 2528.33568033
7188.15273181 2035.67769533
4703.77237507 501.596534652
2902.47675266 7945.61110367
7769.92224213 935.230761215
9997.24423852 280.979184825
7098.53426547 4574.41452878
6215.11149269 6829.59962807
7194.75221197 837.196852717
2752.80303086 455.587896846
80.5747729088 1519.80035145
9185.09670477 9115.71494015
3857.87980901 1274.10088012
2010.51204814 8075.51437768
1965.60536657 8744.51915643
4013.35734832 7599.95802478
4608.05787151 7691.72062023
1922.29395808 6700.42301454
616.37824328 8376.51537529
309.73444073 83.5452547561
4271.17096521 6946.89627781
7713.97127291 7304.85991331
1670.04944102 4737.47338509
2007.70641706 3320.17096457
9649.76889623 687.642870954
3363.3621698 4468.78964444
3493.31538949 6289.09916912
2669.08614373 3563.92388472
8127.80197631 2513.49491505
4358.47231128 2089.00523677
2866.66570295 4777.42567265
914.641910989 7057.81197911
5900.10713684 7513.15243478
7256.99083496 5766.87554743
3357.12695446 4803.78227843
8861.75937423 7750.93123677
8515.3629306 2532.7706038
865.421794372 9525.97965709
4626.75629007 9127.22961942
3278.13635245 9367.88809511
4235.76232889 5954.28470892
196.100098534 9911.04867849
3791.09230439 6154.84958823
5073.08582845 9943.07148722
3695.74364914 1865.17251236
3968.07544035 5035.01515086
2617.69595186 7203.71191983
3134.81929338 8612.39716208
3289.33238501 2583.33840332
8743.42120804 3262.02564702
8374.08443992 268.570395201
5057.513849 2135.38674864
2942.36268579 581.25938984
7405.19403073 751.806191407
7445.38883492 5903.15235998
4947.06893247 3505.18511274
9305.03819769 4181.24485534
4188.94319595 4956.62887411
1802.06352193 2597.96490527
4775.42392559 807.267589308
2835.62490028 193.012515535
2565.16100609 2410.10460045
5628.05689082 5634.33950096
5416.01828896 2464.06709242
2988.46101937 8272.53841413
4059.44922236 3517.99222081
4697.51743886 3002.61475515
6540.33197216 4913.73230749
3623.75680347 8035.83732731
7276.99539817 2344.23487514
8072.20397269 8139.57658573
3870.99056803 8632.51526743
5957.44609495 2345.32636975
5703.84533536 8125.43134828
1287.56057009 6260.46244499
5987.5683675 5688.85748326
9555.02551614 5112.18898238
1575.237565 6436.67154008
8422.25731802 3751.68508578
2525.25257204 3615.85067603
221.584962412 7890.37078085
7898.30180862 6398.6510888
7195.81004737 3954.93946293
9425.02833047 7909.21095839
602.223514088 5790.43125485
3400.54272521 7927.26131929
2167.62798378 6423.46068077
260.225988403 1302.13574507
793.765106152 1600.72619046
1320.69566782 5895.36298167
5237.20517845 4821.72374062
6154.4952453 1386.56094456
8245.90585021 656.843605535
9793.01164953 3267.48304588
7952.30373924 9352.16268196
1599.56132073 6948.50421436
5360.78654523 3982.88514804
3314.72442859 960.279144653
3422.48337786 2858.77181203
3597.49796761 2124.1876878
3402.60305719 1281.00023978
7414.24079155 2992.54244639
5582.45308482 2517.32887859
9373.87514452 2396.28377246
9304.26050225 6958.17908959
5919.72670679 6115.38278415
700.305926866 5971.35955267
9607.01751709 6443.87576824
5535.37839036 1845.14319861
8691.5268448 2468.53720255
8040.50481107 1643.53513657
8724.73998892 7277.90452064
3347.94338364 4088.77145813
2969.64773994 9055.37560341
2810.1417109 3429.6451313
8388.86325338 9116.81529162
1906.25877278 4461.18162995
8884.83508023 4259.71799544
6329.45859443 6824.79218824
8717.49007429 3802.56506485
8984.49088567 9502.23401332
4563.43001267 9875.4539567
3056.25961277 5889.75380902
5039.61042923 4650.75964816
5768.86751858 9221.73137183
8422.93501173 593.862314739
3674.66682393 2290.17986354
1067.33064247 9488.95752488
381.46419524 1264.69378734
3168.45541965 183.985159364
662.515319534 4160.66464614
408.332081546 748.550683261
3956.94461358 2290.56317955
7321.85234132 4672.68716875
7077.72028806 7987.39799444
8507.31062221 8272.61075598
5015.03393377 6155.13737864
3463.04200174 5849.64733364
8997.28857448 1376.00110294
6394.3311943 7487.09897396
7915.50074353 9100.45600795
9331.46587441 7177.74423635
1391.33193895 304.052541411
3850.13086876 8368.10662801
6527.78898665 55.1610926748
5456.48976804 6382.69475112
7796.79243377 4105.37086098
4892.77286591 2690.37104585
4858.73880907 7844.59787756
8836.98165282 7951.465688
4569.08510129 7210.93726906
6426.18943483 7065.90949239
1404.74178374 9141.77356418
3069.4167146 5058.53251382
3145.96080733 5638.37123347
7420.9275554 7609.56661041
6802.86075066 8079.47028735
1652.19773591 6152.60767424
6813.50487139 1045.03426981
6303.74681748 8223.04067061
4291.96435818 6441.25726292
6942.22231085 4859.92174296
1479.16895202 6001.68642166
6317.98141727 5115.04389471
227.395169851 4578.78499925
5432.944909 1868.09451917
7686.82117331 2214.66425718
115.417881703 7770.81121058
1611.21963228 9479.88597008
658.246947221 5733.79486565
7743.89708096 3731.9832946
8047.74057875 6613.0307032
4338.05384389 1945.62381842
3382.9735713 4194.43151619
7452.78402607 2532.18053708
1246.49854977 9754.38325054
2625.42247005 5442.99668829
1375.40506017 2394.4773572
6245.49898097 5915.28961602
9447.06488992 33.3766736814
6387.66083035 1333.63367318
474.188683075 3903.87883621
7621.44681161 6125.86512131
4347.78662188 6190.30471554
9729.45178248 2319.39495716
4070.22390292 4150.88309256
8783.42550461 4454.20882644
6855.12928846 3434.7139881
8657.36475977 1895.11917209
8173.73061099 9573.21437563
6727.52870646 9714.93424505
6294.81885247 8413.69749071
1950.0756461 72.6123560849
6715.75548779 1715.01460029
4984.5083698 8611.2213691
8115.3902707 863.60704898
6059.46306125 7136.11500972
2397.52574793 3334.58150086
5379.83803329 8339.19655059
8743.41308759 9731.07145479
8677.57642163 7721.00934368
3035.72085038 4154.33750867
7229.48010512 7609.10670037
2734.79781363 6598.12449536
770.199631423 2895.49070513
8336.44624801 7326.38917692
8045.16841579 6357.91405385
2286.31112362 7826.67677675
9886.59609202 7154.13855009
5041.5039294 6873.58153289
4255.63330481 127.815423038
5512.27080772 2319.77960636
4854.95198761 9413.15824143
3674.90169665 8293.45847649
2551.04149975 5399.11033602
1401.95712367 7987.52149204
2760.24172697 6340.29768522
5609.01042898 2873.34923255
2453.30673334 9110.2716843
5692.83620341 971.256864347
4109.70834392 6416.20171511
2848.14410402 5159.00791123
6897.59143744 4418.27511351
1975.51639313 6601.28104108
2506.70196717 9348.9185081
2341.84707746 5642.12549193
9398.28740628 1850.22061852
5739.99356574 2526.48106765
9470.65646901 7902.99820771
5708.82194539 2988.17190846
811.972148225 6205.37562009
4606.09651495 8187.37665477
441.221485954 110.345796622
2545.10939874 965.77769171
6754.21967599 3762.10076927
3388.93748539 8069.97050604
9851.17530748 2684.6599664
7759.23985305 7332.87737669
2946.12381995 6327.13605252
6145.60205211 609.753596951
1648.42664797 2922.48226901
8325.88793575 4367.8101337
5389.4551219 4464.19396873
1730.20173043 757.870087597
442.570855473 3019.23171345
6418.07196504 1406.74980471
4890.26077158 2345.50322133
5081.31454378 3949.12029725
2751.10473776 2557.51271068
9045.26496756 3823.8915128
8776.74949853 9709.60711597
7528.61171523 4585.01912039
1202.0548641 9327.50183532
7354.35259175 8069.57750763
3451.88695135 8472.72997542
404.575889435 5560.75112098
1245.44377666 4333.03288472
8061.84938891 2119.07032595
3275.8845262 860.132515446
498.113662058 6654.173436
5046.84159988 9862.42293685
3731.06767357 2445.91930736
7219.32907041 192.890910825
9341.89436257 5740.5183327
7498.39205628 2414.57435418
6012.90077659 3543.68718025
2583.48625339 400.603862048
4577.38192938 1031.32171163
7304.82129177 512.311538721
9093.4860034 2617.19935927
2030.14897268 9260.68132042
3485.64940885 8720.700006
2611.02159198 8678.3804561
6831.06953049 1849.08141661
2913.13631851 214.142114406
4757.06622976 3518.4409915
4734.13414436 5361.61489615
8488.19204693 2947.78579287
9976.71641855 2152.52842866
3605.20793102 6534.28150085
4280.70433266 9622.94568922
3501.17774605 4953.90478786
4402.85400374 1005.66877442
844.650542061 162.334830651
2941.78297079 5294.97611987
7883.635539 935.102454176
3829.18416292 8354.40661526
1792.43024733 8241.59803468
9626.21029867 1716.9348353
205.071520244 8785.83641432
704.056441708 5843.09906432
9775.71031216 6974.06928773
1883.09786151 9312.35495738
3528.90941731 6560.43985435
9794.86040127 8101.41567783
2971.4466771 5766.83628665
9587.380765 2156.96020267
4411.84046107 7731.47302553
8068.48568283 7635.35900996
7624.69758047 3660.38355483
4519.78419856 5373.35933444
6213.36378637 7412.23947626
5387.33234795 4696.58011318
5648.23712924 1378.02723788
699.640226897 7185.74249056
3756.40666887 8453.95961973
7257.95725717 8686.90594506
113.274171945 1950.47959975
1160.67558383 845.819196752
3139.61654585 8017.87874173
9545.68561037 891.664267907
5214.45676401 6322.68607111
7967.80957006 1217.10329985
5445.8960945 3571.70100481
2568.80243873 9348.43359522
3150.97676576 8104.99538019
9792.20439795 6863.96567349
560.96406758 655.663378906
391.468991129 7497.12874149
8705.27209453 3291.53032429
8268.98931101 1051.93715441
646.07800852 721.583160102
2766.62644538 6447.11575522
8029.17878428 7972.39536601
878.252849991 1165.96462401
1769.23442058 6248.58096996
4498.81017981 2742.03309947
6829.43045846 7721.75257262
5139.05270365 4224.4025299
870.445593173 2580.2058808
8042.87376534 7957.65723927
7917.95881385 846.18069264
9410.26125369 9588.92217665
9489.80647083 1518.4359032
8594.50388993 692.592638301
8483.24505794 9523.09635256
9020.66699452 7163.45012636
6586.48457111 2493.88766228
6934.64369203 4973.64410826
8732.40521356 7561.31324277
4390.60031252 4221.68255575
2148.89951633 5134.89545073
84.0342645055 3348.47188882
8761.79994043 4836.2363439
1757.84043741 7621.74794002
3846.78412377 928.105963507
3091.49215287 5114.34975954
8728.56607761 1188.8272132
5966.61460595 4103.18398075
5185.99377894 2603.96837046
4120.62660205 4902.51819073
1396.06221625 5314.52585217
8036.39947346 8759.84629987
6608.44487151 7718.36471272
5413.29878694 5328.27204483
305.568016145 542.74359632
6744.96336252 1915.89500688
869.392746289 6467.83199371
4797.51589989 8474.66046519
8492.9016411 4093.30906852
6862.14551029 4944.12142444
4280.8230824 9879.90213345
914.415284611 965.037269522
6589.84233298 8589.42420424
7174.58237886 4349.30224649
7074.8040692 8760.42071388
3337.81459892 4011.20257608
1960.88011 1726.2777463
6584.00109812 4041.29503645
9222.61025058 9566.49734007
8630.78538714 5470.53205001
5987.47656068 7730.12118887
1204.66226027 8603.27122449
3244.52457699 7770.58376562
377.810002482 5333.38881475
3430.86732497 9626.14100689
3076.15674708 7586.56008605
5363.27048606 9915.56738827
3765.1589676 5085.23201489
5013.09931496 441.477936113
863.793904761 2897.55265806
55.2802814154 3320.07759378
3095.35771893 7690.11640436
4831.89851905 8781.65508199
813.611923048 8907.00486391
4304.54399399 110.113334835
3879.62733745 3038.55690537
1189.10422341 3593.95742115
9168.60970286 3045.08713669
4213.38213639 5589.92912128
8812.81316897 428.035760732
1189.09673672 211.000301097
4224.30602757 8948.02926787
5711.1626254 9913.08650825
5066.05462924 4684.84720291
7947.12261875 8495.96291227
4347.02576671 8144.28486599
2623.67766447 5704.19313811
2100.32011833 7503.23867198
8738.31373482 8256.60829543
6772.05709773 6079.0523956
1902.62925658 5785.50590708
660.97751485 5320.37316119
8037.53001337 3491.80046154
1706.66672154 9367.98665882
5538.72020488 4712.15507753
7735.31067552 1119.89625555
1457.56380372 980.905297221
8866.01810897 8613.94627358
9836.20230199 8562.36147926
7078.86692008 8943.09813895
5336.12798435 8733.81137232
3044.86964359 7983.78811156
9842.49008211 5349.42564769
1249.70380948 2891.56507885
9070.79672137 8482.39874279
4097.42568804 5435.56431689
7078.19190289 4876.68495873
7596.30724678 6989.77446616
2351.05186034 9180.0848307
2334.01986951 5294.44287962
2515.08939119 3830.92312667
2767.78482689 1194.64048026
6100.23768912 8015.55053071
7113.76681827 1693.83540863
8360.30395297 848.237814985
7359.22103985 339.778429856
1722.7137988 7276.86753746
8873.60465037 8687.61800133
5162.87533006 1524.78378741
1975.73445731 9633.70005248
6638.46850827 9414.28203581
5402.58971706 9959.89056417
199.009564555 5260.72550855
2451.62524432 2103.84855519
5776.41360027 3783.81790754
9474.62742145 5467.27161656
2334.08042942 3474.87386312
9180.51244944 2228.18477512
8456.24832894 6698.27268232
200.953382341 7107.48289896
9448.63983905 9487.21665917
2152.28431598 3642.92324557
8919.38114748 8800.86638125
836.203053969 1884.11044587
7085.24670357 5512.99454962
3748.62467771 9064.28471297
6391.93932283 5214.82707683
7641.25747676 7195.97815007
9125.62822767 8886.12198205
