3002.4387281 6675.36210642
5733.61935289 8970.07332616
4637.34311864 2293.93209043
5207.8429813 4399.54774279
6775.40709171 1876.96801922
5319.54558036 4013.15465259
2745.74340694 7297.57481116
5341.89324757 9398.10819524
5628.81560258 6648.88505811
6816.26038795 6412.05767534
4637.77673795 5246.23659111
1127.38993459 7185.63364902
2135.23310691 1988.15057228
8673.07314682 5685.89152709
9927.18963096 7528.78125039
4407.09936767 6335.53612907
7962.5200275 1994.76101313
9197.35915384 2457.97399627
5057.05117443 9535.90046936
5574.11674592 9415.1240598
1072.25886182 3250.29371854
3612.74146925 8270.25326786
4337.23193051 3698.71532444
3930.95944289 1018.34820984
5359.21139693 2186.62796442
2781.13371085 2696.3815685
3919.56721393 8553.60471339
1421.84192599 2944.56708147
9456.60838488 4430.21472527
3289.4416683 376.187785104
7417.25716332 5027.21041347
6299.09239612 6989.39685228
9733.1650741 3187.29579547
6213.38073743 6199.63860685
6698.75436534 3985.47773503
7439.42261225 2122.78520974
6052.65630011 686.692484171
2117.39673814 1793.21246544
7529.88441617 7033.38377933
5660.81738247 4783.66896491
6031.74494994 4621.24206372
137.986303601 2210.14612861
4538.74372821 6974.29689485
9185.89993572 3285.239448
3259.8197592 1627.27045725
5530.40557454 8867.78328862
8312.06871036 3494.54446314
2564.32002311 3101.30937315
5788.1380796 8942.37491336
1307.82118945 9823.64517032
7101.38204513 1467.46907914
4173.26050421 5841.02805608
3783.92309381 3940.89229553
2297.63597566 2559.27134641
8796.47104641 9972.35700554
888.931333287 8011.42278798
4947.45057512 2236.02423195
1217.89750573 7037.34918645
4355.83496689 442.573074168
1911.240686 6139.08717255
4570.02478253 1297.40473492
5280.90976242 4882.19095159
8168.58095905 4975.88811806
8417.28893566 4750.22355319
5070.50780734 3429.82752229
2190.54680537 4277.62496258
79.290874763 507.978594712
956.78487911 7477.80760852
8324.83988262 5070.77237448
6856.94458237 1725.04386559
4758.13427059 3814.5143139
2121.04113144 2947.77469377
4388.34969423 7030.53161568
3230.68572259 9052.51620411
1027.49972356 121.295239882
1014.894659 97.7260107237
2595.38654635 2602.99082566
6798.33358805 4531.13471183
9301.04394457 1109.95255195
8033.27533513 5577.09983985
3231.13651031 1227.51849871
243.288898202 6226.45988376
3979.49501318 8189.58617283
473.333318689 187.430769558
2854.21320933 7936.18602871
5317.30224188 9880.41920716
1858.78191636 7322.9397615
1853.38273178 1796.67224218
977.966322671 1808.49226429
1672.57811958 4206.17455956
9530.89218896 2804.01930208
582.103190043 6618.23019697
567.24336174 5840.84878421
2347.32954194 2741.44003026
1471.67617954 1970.4408946
2267.27724713 1861.82907183
8314.2628839 8773.75070021
6997.73295746 5868.07605856
9643.6253323 2508.4166042
3732.15188719 3679.08963987
8902.79001049 8751.92387062
4554.56762293 6391.46639699
2471.29450128 5856.15189441
4953.28545528 9037.14228649
7665.38560536 1554.98571925
7669.74900615 2766.19560143
4131.69058953 5167.45426552
9397.10108432 9505.04958844
1614.87857239 7778.35194028
8060.58102725 9946.2410048
2968.25718915 6122.02831404
2017.0315278 2845.4273431
8115.87675704 5187.6538819
858.163513459 7284.31420922
3949.10680647 3174.56674529
7424.1445184 1238.72705881
5370.65430069 1088.39355771
8652.47375245 8988.97650112
366.700579791 1981.99072506
1117.64566562 6728.82159368
2677.35161442 827.467390536
8973.69710368 1578.35025335
9087.72435727 427.946467309
581.240807112 3151.86937013
8757.30862767 1499.62917957
3607.77110664 3746.39635154
6887.33322662 1665.23266452
5232.61706987 8419.19753897
3345.63002746 2115.72139973
4470.5768626 2055.80902806
8314.00192798 8539.51745653
7268.01037842 7138.95766521
6742.2051234 7719.45467567
4246.79320756 7907.07896114
1294.29913935 5104.34432117
1108.38229813 2776.31524463
517.376536526 7314.22073746
4166.45459532 2697.36934301
276.600520522 2897.3515635
7000.33030995 3362.22888959
5559.50893311 2148.41390061
9830.82342218 7094.13410896
5238.18734063 5901.64884221
7586.14408634 3482.80276348
5223.27218259 4992.06980672
8178.9071175 1275.5981163
3008.06135371 7861.30945216
1299.12415013 3753.93936208
5715.39618288 1645.12052318
4930.82516867 5781.00269957
2229.6479442 5766.93655808
3999.45076707 3416.43524829
6278.96560233 8389.87507356
3484.18962054 9938.34194019
9250.33005042 1657.91448267
292.085792088 4531.0878642
828.153074405 9396.77664778
3866.94308024 8198.85253507
9140.4486624 9387.02853371
7737.50592753 9353.46285121
6981.13511391 5991.95194425
3131.43855836 5234.48614314
8637.51104276 9499.07335533
3376.07150894 4926.05610462
8061.45828299 4622.06204843
1439.6718752 5897.95262963
9878.07267398 4213.6037439
6353.84771377 2269.04144116
9052.74440142 1927.32350131
1840.02942371 9379.79198984
5371.68750763 2282.47251464
877.756806696 9640.96448679
1104.27906543 952.203179431
6984.57069944 3415.76116803
5759.86377745 288.985281332
3949.76177305 5142.75732222
5198.32121237 636.673230497
1801.35198894 7839.13905192
4898.57409884 11.3769038174
1944.42149851 5920.63548718
3717.47551211 2348.14670241
4473.68789293 7136.40995382
7566.862141 58.4619313784
4935.72729901 7010.04637582
6279.03659087 9781.72362091
657.332773922 8968.02861403
7426.56246216 6583.38181521
6153.85167688 8879.62187458
9480.56868536 9880.11026989
8608.11798174 5580.99874556
8280.61037339 5814.59333489
8150.95678924 6775.65377384
6937.10089076 4816.90310592
4602.28823376 4537.43721216
3982.55817623 5245.53594488
549.90699906 3381.59819139
5363.95793741 8145.45849607
7722.89712532 181.383974467
3367.05865672 478.560356298
7509.67296402 156.588040901
7721.81985059 284.500313107
8935.75566336 5231.94737362
4576.25084213 6476.17838232
549.121896415 5640.16541879
4292.58898875 6954.23531446
5732.0324532 7749.6952245
4984.51660007 9839.84195459
2184.02539897 2170.098557
9551.12908144 8699.47935562
8276.57965769 7609.7151996
420.460137904 5610.95281395
5201.19253024 1716.94668633
290.370397524 5661.6784891
4678.57887258 9952.97613323
493.546595854 9723.09454937
1838.22007411 6427.97126403
6878.53495968 8092.55940303
6078.25461977 2588.4498398
1940.55620231 7737.51806189
2612.56047416 8317.89446312
7860.11255672 6772.88459922
4727.48174205 1403.44611698
9725.98964836 4141.92508883
8266.3966079 9990.18554483
1243.11416221 2356.58874505
7801.04566238 7794.17114077
3071.00668656 5499.34384723
3785.51341606 4800.4733889
9044.87915259 1397.22782721
852.26970001 7153.02432426
1724.01427888 9410.39090862
1292.23552149 4960.52638967
8224.38102153 1108.35897529
9805.59065241 6884.85502023
5118.22307468 7882.0255277
3209.90782223 9741.70774357
881.590054792 7676.46991324
1572.42240436 6896.52779621
8505.60256186 1081.4597077
1163.04396659 1866.49716095
4767.09777047 9011.91291875
4225.33656592 4108.87614855
7949.51159145 1109.01266235
6965.49108902 4425.87374346
1336.17756904 3027.33093222
6604.29334116 5770.74324366
4325.15494464 8543.22143341
8478.57636085 8768.48795985
9454.72281642 1919.29535247
7942.36634415 2278.05896003
1917.99169542 7457.0360143
1314.47773767 3410.58419115
9366.53764008 3034.84903112
2841.83226194 7695.1551066
2954.43964042 6214.26342294
1902.19997054 4592.28522002
6741.72426193 1.19392822274
2868.29082859 7678.02603253
6308.15948898 3160.79933717
4407.07424175 8960.92814637
2707.34127356 5818.93884855
893.419818619 4032.16413616
2927.18596251 6973.93513929
989.113679341 6777.01170127
4230.7003279 5290.05986135
7893.36294197 5531.52639356
6998.17124134 3947.91771152
4933.01932824 7534.97107682
7592.9591472 6417.19977562
9244.09677435 2077.31600037
571.964528169 739.254296235
8459.59801583 6427.83247361
5672.26045632 6012.45694434
1840.00198989 8344.98995319
7545.26825611 5063.4570031
5097.04064963 1297.91631141
784.966572345 4002.95330535
8151.10102411 8705.36350515
1612.31209291 6383.29228163
5127.80503103 355.464045757
7779.96411961 9371.9081852
8223.74328361 8047.10497897
758.863575584 6521.84182577
3453.3036697 768.605812816
3592.77039322 5932.72940272
8294.0593182 9640.69940505
8530.0415551 2831.45784724
2885.79679022 8245.64470282
4644.20002791 7412.96169411
7674.39217195 3045.00845127
4048.2365945 349.433553876
3905.54448528 5436.07837199
8281.59053303 3437.18401326
4893.75994159 7771.63463424
3992.63204362 345.213158977
9462.82907724 1565.95238397
4644.66987959 8139.99982657
646.665974619 9859.59140495
5870.61169261 4286.30980186
8486.41286159 3148.89341713
734.963968127 3572.62926023
3290.98834029 9332.2489367
4570.81429743 4627.48188221
899.843908971 3973.99574031
7062.7622241 1881.30054009
3140.71845583 3373.58792114
8498.67862262 9850.39055879
6713.43537613 1091.99015183
1022.47087219 8385.51578519
3018.51919291 9544.42952229
98.3012096887 687.300418766
8795.04967506 473.640453713
3215.80302058 1196.37362073
8281.2800654 3744.95592165
6671.10291946 8830.62247372
7025.50309664 5659.88824943
7933.5070706 9675.45362627
8043.15923378 8690.94815697
1591.61282136 7038.397934
9660.98317068 1512.0916503
6143.23661554 69.3749066559
7322.1299741 9354.26469929
4160.47914285 2273.52409885
8433.52911458 452.832979079
7697.56244835 8349.03218552
489.130973793 7267.04316924
5334.73588015 1592.81876747
9943.09278636 8348.87945855
2539.83837639 4188.72228192
360.4274559 5278.73966913
9534.65267467 1372.16515387
4614.02799055 2684.20525447
5889.85810275 2157.73878965
428.081605446 4551.8427169
3178.52759223 8988.3381966
9878.27944303 7656.33455837
5786.87620435 2033.67942946
5968.38139038 5849.51999693
945.909582644 9345.61079991
1183.38358248 7154.7892469
9456.23732828 3875.19966899
352.597657198 5508.11376004
8443.61244495 1207.82221839
8166.64486872 6877.44058136
3110.67721459 3944.12757218
6515.24098728 6059.77349141
4319.93539246 6222.66671863
8703.49633093 9883.4647657
4612.09140705 8501.22008318
8410.56358641 2109.87565361
1371.96555959 5660.83557056
5108.93003327 3739.77195078
7228.87637225 2662.05895195
3487.87103799 9158.77451787
6670.25818814 528.985121932
1920.91878685 9549.51486918
8832.37063879 9233.79606261
46.6755162679 3375.12859763
6636.24660533 812.027265903
9738.56367707 1703.88439169
6620.41595101 6054.68899935
41.2071736557 6282.55797817
5360.84433786 9078.75002486
4604.91383174 2334.20072881
8468.13695408 6753.16717842
9476.94697794 3838.43598357
8393.65366528 4630.56690035
849.303973992 7175.86536519
8300.12743675 545.92802451
142.652262907 2471.28111084
5985.0725646 1641.24795399
3830.13989821 3534.67479042
1175.87225225 7177.12523228
7338.61800811 1227.52803272
4719.37514885 3410.63147307
5891.87693733 9638.03238206
872.541339514 498.816560606
2253.08921469 247.662435973
4314.43101052 4055.91881177
2255.60872051 1447.10802368
2153.82097477 5527.00984256
5875.2406234 4667.73774587
6984.68145775 7977.68352742
7763.6557825 1077.02380228
5845.10418844 9315.21257162
6566.78817427 4431.49196581
7029.73673706 459.621630109
308.578408488 4246.84090009
6049.64126674 6474.10960033
8961.11824361 3530.64925501
974.512387155 3973.71031621
9838.76513868 6386.42652729
610.772235916 2462.32755272
3105.45071859 8409.1075143
3780.92652882 3696.93826353
28.1462059896 5501.83257126
2593.8157183 1026.44347536
4792.67738546 9313.07222114
2794.96985557 1132.56579041
4289.15377265 476.25469694
5426.07807845 5992.90912354
476.069681518 1684.98924199
7948.92434739 4622.283147
9299.18304223 4252.61076949
9280.82741424 721.023758507
1094.64665886 211.881026126
1734.24404941 119.98708585
3802.74540846 4918.08556538
8773.90924018 5865.6004267
8736.95324709 7013.64914037
1746.78850348 486.207912894
3891.38406143 7538.44921787
6244.59754651 1598.75656393
9203.48450959 2780.72220425
5212.23913144 4052.79832706
3294.60677157 4705.20334027
8021.35206728 748.332757602
9758.16252334 1881.71898248
3510.28625093 5567.45374532
6954.4283903 1110.44017891
4713.29638309 8016.31830308
7898.12323642 4710.36018048
9416.36588862 486.963876991
6680.78571948 5895.60004514
1421.44846584 1204.73717688
1777.54184732 9111.4851654
8739.82248664 6165.53409451
8497.24713203 8132.05786943
3326.68522912 1759.11596371
3574.27346176 9644.7256661
5510.84532879 2718.52735479
6350.15173168 48.9736266112
2628.3128262 4924.47250853
5488.6577024 367.540815944
2039.00930879 2654.60373225
4618.48081661 236.390935269
3739.73979264 623.190434961
6374.58485686 1203.48817728
3159.04393788 7467.34108147
2119.5942315 3308.64120342
6388.76886767 2756.05385972
6635.78153479 7488.33566364
7029.16133661 7283.90410401
2403.64724982 2284.73768287
1202.57411875 7556.51427155
4088.82921041 3721.18053078
2307.9243029 4171.84013128
5919.42626499 8337.13808179
571.034682293 615.967974556
7581.63064441 1686.7066966
3988.64660487 1378.13264178
5875.82577122 4317.2314858
3885.65976329 1052.21424579
2058.38993231 7858.79204633
8796.1746312 5478.83243326
7193.38512139 1070.82173203
2521.51279981 2254.43651793
5873.14127486 4100.81294821
2785.2273839 8608.14177432
9033.7366497 9222.75855335
7026.04443471 132.946890514
1208.95147766 1040.31106547
1808.49970832 5339.44405811
863.163762031 6972.94786987
2539.03299386 4927.58838236
7067.84209235 4425.52193368
4064.05072866 2398.37769835
398.992654731 400.09525673
9242.0596003 3253.82560168
9547.73632806 3583.17359161
9803.29464488 9486.11190202
3047.5642817 8048.38490372
9342.12585263 5401.11130638
7260.03817838 1061.73630489
2178.0084521 979.612300677
7277.55242768 9214.99534875
6526.43256866 3478.41544134
8052.90908957 1483.63949817
159.243063635 1431.8474015
2254.1261627 3536.86235284
2236.52920874 7678.71209408
9602.75029578 9733.46435433
8424.64073615 8469.54131226
9650.26226329 6147.91279404
8915.94522956 4000.70360657
7700.22818546 3280.87589259
1733.44304099 3197.65204103
3.03060354413 1665.01771328
6414.72182631 5207.39697209
4333.72747887 5645.41107435
6010.31354031 7284.01343229
1162.67964722 6342.45889393
9619.37029036 6301.14218185
253.341000442 7396.07228211
3560.77322312 3559.78446727
5274.20582522 2801.05555239
7785.82781317 28.8375093689
6210.39058002 6745.33301456
1173.72070015 9331.73952678
941.232064909 4446.87348382
5390.35952382 4592.51399613
8135.55623507 2261.06189616
6341.90490641 5123.18158703
3533.25471963 5032.72264915
478.633235058 9970.94381145
2984.18094475 5072.41602239
1723.59555407 5817.18322571
9974.39105494 8629.85133513
2397.47146929 6334.37537397
412.060330032 555.687304095
8556.1831404 1452.83203713
8553.36234204 492.230751035
2761.92169946 1244.59331063
625.453564887 1617.45050302
51.3631652995 3198.85535197
2546.35259741 4170.72062702
3151.21112146 7457.59252707
5166.90443826 7346.06973894
8281.71180684 5455.97022995
3127.12119351 5895.31965134
6362.18313499 5621.87368971
4661.73318858 9627.57987456
5713.18806533 2715.92387621
5461.49875234 4328.77691782
5086.99716188 2882.40632687
4849.60627302 6689.50398677
1484.6898862 326.55732616
5071.69828409 4338.02713226
5584.13684397 8534.48528121
5721.08871921 386.013819481
465.929170367 9556.99008261
5035.1888091 9256.83363983
4615.62290457 5307.07373756
9328.88205685 7741.87781416
4362.27932388 8283.18712283
154.080559493 2413.1022553
8608.24763262 2835.68522389
9808.25876532 2150.53209346
2694.41279725 9414.39407957
6793.33354383 7265.42537733
9331.71698423 8978.33855875
6514.07031657 2092.85143292
8283.76347456 2602.90874178
7871.33942204 4359.79994488
4765.82606104 6461.7975616
1224.81282752 7461.51089187
1004.15423742 9602.78483969
2730.41687897 6565.40909771
8735.26820727 3987.22508043
8353.70983656 8541.70488905
2651.47044969 8099.23733414
8731.38539648 6210.56016174
2067.82066328 4271.29754051
7042.52761995 2083.06263454
2557.68140048 1470.99620279
6188.46777216 5264.72684628
5888.77962125 4975.07054118
1505.73489798 2961.44837928
4855.03352788 1176.75363767
777.796866981 3667.9212044
7005.29688177 1780.187762
7322.09605143 9225.12156945
3595.02803642 1276.06150194
8422.27525549 5943.3344027
8652.75943953 853.580288749
269.997465478 4046.61390775
6782.22267152 342.302933509
6867.50356902 177.927120037
8488.19168793 8864.75412597
9184.88608426 5852.44331861
946.374968188 5274.32772081
8515.93472229 6794.12507102
137.607546923 602.013736747
4743.94334705 7032.83884434
2412.32225031 9325.21586995
5638.52996599 3723.7724754
9528.00867694 6470.49848403
4716.44348032 8972.5205918
8288.18594738 447.39370229
5125.10520567 4172.95520431
2654.3663972 2746.07287113
5346.03339895 9671.39877609
884.296485057 36.7273905464
7321.28978269 1818.64965972
3206.78593733 1260.76459131
2140.84051639 9417.81070499
5912.22275896 1995.19598533
1768.07457437 4723.72356637
3966.88434343 4127.82833981
1328.35056744 478.749279257
6842.07377662 9110.80995729
8995.92948476 9006.81008675
3786.14614877 4159.50707174
6220.80283605 3182.2240797
2953.5688115 7132.42219482
3656.74936988 7772.90776731
6404.46764679 3596.10049995
1841.51699997 1982.80401663
1967.96677802 2693.54140065
7200.32839113 3538.50337537
2789.98939184 6640.2299924
1405.53419747 5342.44442788
9974.31212243 4120.7113069
3154.08341629 592.182752527
2647.24794132 3827.54323575
9095.71769657 1951.96490965
6090.72407052 6587.18602175
1356.37934995 8671.94673934
7995.51889325 2194.27301161
3328.25928517 5666.90851713
8392.00448678 2105.56947381
6001.53195998 2134.5729767
241.176466167 4574.02997594
261.821542826 3234.79373699
4780.72861027 8124.57291086
907.458777308 6021.94764456
4697.51421503 2718.40610499
8301.07471309 3406.69343674
18.9666937553 3376.6836549
1893.85220106 6330.04837464
8153.86121996 5186.67668177
2826.31839785 6503.70052308
6971.79554081 3955.79502144
2237.85457834 4344.38618472
2929.78024519 7138.25387149
440.596454585 2537.03218515
6382.9097645 792.144783013
7166.93868397 2253.75611961
3582.51124329 3931.31974013
2464.05023591 344.437384784
1235.03279812 8577.09893279
1206.04943746 1822.69779786
5723.12277197 695.044858233
4679.43639295 2610.57530213
1798.82690616 7053.77893155
2828.3838173 5849.33278252
6031.38894764 1154.03662008
4405.43991006 1584.05373308
7881.66225274 2699.04973431
1463.94003828 1490.62686222
1577.07585947 7019.31297889
595.169788444 9529.3528193
4740.79824835 890.499792494
9793.04070503 8280.75815437
7494.66967035 5345.47939944
6820.28635994 801.566638387
2860.01251953 6768.91211906
1688.27892808 576.327068906
7803.42097223 8763.36560222
2309.63972702 1885.81138431
9750.81054225 6040.24987311
399.800856251 5042.1611647
6273.53286253 133.958932941
9381.09776333 6611.62521286
3128.80043175 4148.27995997
3965.42985499 6161.62147501
1205.12526225 6362.38446871
1744.89394118 8556.47221283
722.853114515 9469.86426681
1242.50400985 6458.04614887
8169.53121217 7994.63185419
2695.35598793 464.196972155
5171.27313165 330.239048357
8419.63034306 2549.74409713
9657.11514007 3948.90575916
6809.77548793 9488.75473555
7357.83628704 1857.7689004
2148.60626635 780.190703408
9011.67058487 374.113862855
4878.03456232 7806.6173743
8125.6680673 4311.39086431
1025.51268259 7621.84206886
6758.63597539 8383.73235639
5007.63793276 1370.87334521
374.538130748 6355.7770912
6840.70516606 3439.02137885
3566.48198564 1230.36292001
6698.55759277 9051.43882014
6333.52677821 4689.23280638
2098.64542032 4957.00034414
7168.83515734 675.66510613
2059.22713155 8229.19878754
4613.79739916 3128.88431894
6687.87856324 439.181903831
7967.0423618 1509.09971379
6364.52241843 4245.60008071
8290.16962715 6999.78288053
856.150933846 3994.11027522
100.296401705 9025.759472
3154.15313966 6428.54010352
7609.74639498 1269.3763845
6676.04680338 8941.57590933
3548.29396375 8411.66032211
8948.32214852 4572.97784368
9299.08645106 8344.45324071
8380.38791586 1230.58455585
6882.78730293 6326.31875807
5536.3740438 4651.91051555
1469.32205146 541.921662467
4790.96329243 8342.2892559
6701.65319748 3750.65381723
1634.69759795 7799.2386127
1179.01356703 3402.02058521
4841.49928521 6635.05681528
6790.73565471 3279.46313723
4930.15268555 8005.96936235
1073.08823194 1483.70291821
4744.21706059 4479.21452051
9567.22279934 7400.75080794
2437.90748031 8669.7647262
9539.0602705 9354.46755996
3818.40460041 9153.17084472
9466.79149471 7749.41887073
9918.8273746 9981.454452
5441.59633635 2017.58298502
8824.41776453 9857.29850688
6847.40136653 2576.63526817
897.556129916 3576.02574421
8488.63843247 5093.00621427
4133.67709023 3593.11026363
3635.45348063 967.311213192
2022.96252454 6126.84296736
9510.27463991 3393.31054854
366.84690442 3815.04261406
5047.82503959 5562.02976716
3685.14263598 5213.86860905
7949.27559793 7581.84466404
4732.30429791 9055.17911954
4703.24799333 5125.22647862
8725.60108636 9212.77768927
6378.61769855 3402.25800956
7214.07093389 1578.75663568
3309.80726225 9473.79502593
3472.83051976 18.323864021
9842.73846157 3430.83344764
5367.29203205 9866.52292974
6406.14512479 79.9319354757
452.044232411 1979.17856946
3969.10664924 7893.06484144
3183.19887658 9557.44825188
6328.88103102 9951.25546692
6449.59532761 2920.65798834
2281.05499346 8842.99827688
4519.98068428 9464.76599247
8783.67659357 2044.30723936
5604.4568829 8681.64881266
7488.24163932 8463.58881141
9617.24965251 8437.61562019
6723.40224436 7540.47490216
3577.54135641 9897.22228139
4321.95397083 2913.14354736
1292.23585707 8871.05297087
7598.86747988 2685.1068407
9303.22107233 964.230980377
9099.37538888 1200.01355262
3670.21347665 6150.04175128
2268.45558709 3946.97816606
6096.85008062 9539.0991122
4384.48871174 4667.50614733
5436.82746063 5056.49033378
2037.95158225 4800.35013419
3319.45532271 5995.41273039
9071.87247415 3666.78956871
1734.33884331 6846.91296929
7309.45112464 8439.06270562
8290.57220611 9606.11423024
3452.14499971 6051.32384183
661.23554575 8068.1304259
5308.4489628 4875.26824561
8107.40807602 7971.26551107
7446.75003007 9506.02771831
9192.05737441 5782.27464258
9482.5697876 6416.42839983
6144.72446271 8552.32931278
8481.88927795 1879.75553887
4680.42974752 810.423642181
1973.58317773 6420.24527223
7550.16076609 1308.66387821
9312.80588454 4693.56997713
1581.20988167 3750.08499068
4528.82238274 987.079888568
3971.74379279 1949.17106288
9541.80185029 7594.08527695
3105.07664525 5479.16643077
7427.07251414 4079.89778265
6653.00479674 5851.74960083
9169.9115121 7090.03256265
6283.17102308 5787.22062093
2930.26458139 3100.64352589
6553.99589999 7666.05602218
4713.5731477 7956.44178676
4344.11086959 7823.89341069
6755.07755992 5889.40761756
2361.57342255 8874.83055883
4508.39095661 6493.96113578
4117.94186039 4364.09014398
119.717601586 8719.12503935
6327.22851233 9578.15735445
416.903944758 4403.05658992
7018.72144284 2073.8666403
6683.04266352 2634.54113299
7807.22993886 8531.02177862
1636.0798514 3000.01603739
8945.46012581 6314.42038392
5832.0881417 6723.76388097
1351.32147258 5204.7493893
7769.64544913 6217.95398128
6108.78269384 477.839842004
9120.92383933 9787.83538507
3802.13279316 6032.07236733
2198.99259314 8682.12279231
7020.281472 9154.2038305
4221.72439325 8847.43058876
5945.33957449 6488.31423577
8268.0666501 9302.81446129
1712.54128245 1016.65642299
8417.39335165 9901.97228556
1913.40256076 4216.63930843
3143.24042553 9788.81900562
5535.27821139 2674.15592376
2747.59185964 9676.74022358
6499.63775359 510.161317237
8677.21948899 7795.99143049
3288.22979949 1435.36708952
5240.95099823 5862.67668717
3711.95480259 3137.64795818
7457.11264585 7235.71987868
4385.60351801 9509.1485762
3103.61883219 3639.24239343
4527.08190979 9077.4706118
9599.98549851 1547.79678307
249.693483952 3755.32293479
8696.10187525 4069.27738567
2977.47923134 9516.36672973
1162.44594337 6868.38902266
5703.84187891 3463.71151294
4315.56858798 7733.57276415
3128.30785716 5914.54537784
5903.61329856 7222.11094667
1648.1534956 123.634444531
7721.33123408 8986.30969792
6526.39278191 6003.8292012
9678.73354348 2250.36110408
2730.51290457 9443.10483043
3794.61982424 2341.40361579
1376.18764329 4282.24692977
6595.34427686 9410.41352816
6690.21869093 6984.74932848
7869.73023824 2054.43907605
1483.65811643 7592.40549545
3004.55367862 269.651900644
4047.10503062 336.077644537
2549.63151658 3595.15328841
7203.52958684 942.065734165
5505.46241585 487.275836483
6151.91593022 3419.68069509
4600.41160482 4508.97975315
6062.51056104 5386.59854649
6898.56504938 1071.8077743
2110.51924235 2764.31327599
867.567033336 4605.19217249
4700.78172568 4702.6321418
5545.87359334 7396.09148419
7885.84606717 5303.49359661
1768.13205715 9756.16893557
957.15076254 1377.98958331
8654.06054378 1629.56204734
7502.44820542 9195.30977031
2851.63219342 3048.64799817
9741.11463689 8724.48684855
7540.36432593 1600.58468984
8482.76370651 8411.84328394
7750.3255295 43.5312852729
1168.87987448 8644.51238271
6322.11885155 5459.34059256
9425.85357192 8329.92628361
9861.57847693 6090.04956399
1423.3618964 5704.57305232
7715.64667311 7985.92021471
8264.11803319 590.915025143
8687.64118297 1242.74043381
9028.30609603 9265.21087756
3864.47322034 1258.55435996
1314.78916587 2261.89911208
6561.02643791 5913.58377425
3343.65064156 8527.53600097
8319.00989049 2092.8219554
4538.35017568 3858.93182018
9967.78128926 2667.07008302
7954.85239244 5275.01635613
7619.72091472 4088.35524808
2949.45076401 3731.58325339
2356.87444824 8928.53169727
6126.69357644 852.457289424
7124.28467002 8449.64866687
8715.35319873 9217.34233672
1603.62099669 3560.88369562
4269.56402498 1575.07969895
4233.94121613 3777.96441126
9802.32477482 3436.8216557
6730.47607237 3832.0235659
757.41625271 5364.17616099
864.284651986 8677.033457
9911.90601122 5910.18695908
4073.11400482 2619.42558834
3261.4500351 4821.07161427
5008.48996575 5944.69673769
5786.85948462 8140.03235436
2425.19582954 3104.7688911
7090.96333842 7283.06284692
1371.50112982 9071.65166892
8492.33295329 3648.26278736
8338.16989507 9032.71193688
2708.98772345 5156.32361588
8365.82872458 5626.66745738
3585.36051672 5023.31767024
4320.29272568 6835.53427114
1194.50539808 2484.05640036
4695.49099604 7161.92604806
7570.98815506 8239.97598487
1602.09150029 8314.40003765
6140.00080449 5605.42674442
5197.59556481 6744.13776752
4203.6889774 2967.06066303
4700.75666757 8027.23383413
192.150121647 4934.71932461
5978.04881381 1584.6867525
558.095564368 7602.70041806
76.1938301516 5147.02680239
2747.90090891 4386.51828665
8813.36564087 1560.00074132
1113.61895607 5640.47332937
787.394552823 9657.10515466
4535.74323148 517.796223455
3219.21060163 6921.84187781
7141.60982389 7609.19745318
3484.05072722 8082.89386255
260.436310466 8986.53040104
6724.56215138 5250.3249032
2842.07047659 8720.38258262
5978.8935769 3837.27422213
9747.70398537 4243.08284356
3214.13281663 6971.93258098
383.589405207 7559.96868178
816.311868669 5564.89830569
2090.75135516 542.091718521
7327.08077027 5828.57232689
4154.54644754 4195.24969051
1816.98331948 4838.6473136
9077.87341091 406.129845355
9247.12787697 7423.77602904
7317.44626257 4639.09008937
5928.41439871 5026.46805929
2220.67428781 6504.94124588
6400.16678033 7095.61458136
1047.02586877 5530.30184563
6572.95465454 4012.13987692
5939.80008015 374.032406353
606.181254093 8092.96451708
3251.88740293 7702.58424409
5662.93433533 6080.39472032
4640.5644705 4417.91796939
3612.81130342 2747.15977172
2823.45050423 3110.18539897
5544.99216536 8356.60119748
535.956102817 9801.71014377
3387.47661972 4110.60295239
5302.52478703 8480.68977547
1700.536905 5343.0681093
4600.49080982 7977.58045429
2513.19967786 8027.54697961
6604.11656715 4352.92085707
2734.81759796 3038.43235044
3448.63641185 9170.35482892
6398.22112821 425.8569394
4669.6073779 56.0205789531
3171.4302998 6380.29132189
4016.27763847 6791.31477023
9858.59177974 8586.74333738
5114.98576317 931.048711961
1003.51939209 4765.63813038
4846.00298838 1792.67954733
9847.91090503 3325.06972135
6764.18505046 6702.4066568
2103.16413104 6226.16636992
1639.71049047 4186.95264667
119.327947177 1395.941515
9143.26140148 220.523930611
1364.78766948 8073.70859657
8382.57870312 1336.27378371
4870.64050001 6848.45942919
3303.26794118 1344.05779055
1315.64867219 3326.88100336
8072.17549043 6357.5353682
2129.32559717 6965.65633473
5824.05643874 9594.83101227
4569.29608346 1438.7965771
9166.22207083 1347.72552834
2488.08260439 8210.60093959
4006.77007732 7682.68821535
2456.33359882 9980.93356587
4107.24261683 5808.63432429
1359.28459107 9666.66576352
3803.45762301 9246.37035727
1962.61512946 6974.45138877
5010.34754156 1635.45643162
7204.03868239 8284.43381287
4809.59287817 1791.7335231
2494.55733031 2034.37509921
5361.14357424 7248.04657459
4882.35044307 3821.12302359
3485.37718813 8954.01159621
7113.12923567 585.813062563
8740.80181307 6041.38276024
7358.04677958 1196.92372815
6898.76006776 740.384158849
3304.12800755 3327.70686586
2806.15515143 8658.75217665
7835.23303618 4419.45847408
2103.15460612 3772.27575034
1397.85889893 2685.0268679
4083.17361475 9150.17465967
1624.36361159 3077.72305164
5752.5302399 58.9816326439
5166.98753147 7978.55449867
5040.70701296 5461.81121585
2644.07674366 2100.98752848
8658.19435309 8307.08583264
9091.88353892 8046.04638138
860.623787386 7589.26319742
1400.87579113 6664.95687656
1054.33583806 2517.82861108
4178.79030259 6121.74853257
2382.61187501 8919.69355639
5856.69958361 5808.24809831
2800.09188988 7493.471723
7311.69583351 26.5547557865
5394.54046064 9598.34347398
8913.03670941 4586.4190548
4730.39623812 6909.48705785
3478.82950602 1022.2973185
6225.34285145 2318.81001626
7508.32985621 4391.95471786
194.839762285 8515.27865525
5871.8256814 1577.39432562
4798.24146394 2592.88026546
3533.74808958 9419.50476479
9798.56236854 663.334331444
1406.57979801 6346.41807512
5910.02719441 6610.79137626
6162.76294266 2029.40919862
2509.00166745 4507.95842921
5107.89256284 1916.87828223
1271.55163081 7039.20259886
6145.06690659 8505.07814166
108.328573949 3443.42030985
4586.87748304 6554.61620973
1737.60997421 8241.06277338
4276.33747994 627.986605654
6790.10376732 3535.42613404
338.662946525 9523.5054037
9454.50708404 7500.25234358
7317.73104193 460.42143252
1921.74159443 4683.40983828
9152.559838 2027.15348644
5603.43534006 3896.58578381
2911.9252493 8357.24732702
2143.65065912 7966.2953067
2311.3423351 5403.36573088
1539.63028152 9910.90246672
9634.45127239 1280.13763279
2145.80988607 6307.07351561
163.33374521 9950.03305853
6265.14422258 2478.42653908
3745.30835045 528.984367018
7262.2995242 3557.60427409
4606.59617766 1134.66966469
5930.23958828 1872.74654467
1952.04163822 5475.96007741
9804.15927023 3636.54929874
4515.71680578 9702.65895171
1710.0847079 5282.46357892
717.987460881 2000.36675656
2085.25309618 9586.12051755
8905.18717355 3588.01807221
5856.5940082 8386.63622551
4086.55302475 8203.48500132
4376.39177213 7563.58738639
7427.29905819 1108.03972508
371.825864836 3668.7973077
7731.51105025 6224.95842956
3081.69660988 9618.70902983
2953.87573506 9262.00858635
1420.68574246 3724.92520451
8904.0282626 5417.44607471
5002.16181345 4378.57879249
3643.73686353 701.897837449
3294.04327572 8029.23246898
6195.18233906 5938.20923417
6030.39066544 1502.55600684
6580.50970526 3126.29046266
8451.06374421 2690.406779
3329.81709124 7096.28283969
3689.49113584 1234.57754506
1846.642518 975.036271595
6127.03486172 7492.77793398
8402.36410835 8336.85782253
4004.7779786 5245.50813762
6398.80552668 6206.50536424
8427.24612048 9699.33391424
5955.54518119 7917.32045146
6795.55275112 7061.66095685
2103.76696819 1787.70827903
7699.0557898 7261.58899618
1526.66745175 8981.69797812
733.304225456 2000.49958457
8501.527789 3918.64861401
7188.84615849 5190.49371982
2576.54994902 9626.3209255
4406.86734515 3405.83684699
7657.39017365 4421.73564733
7237.97951281 6752.86822407
9288.63126264 7044.69623801
7852.63018557 1414.35289347
115.816972847 4582.62150668
2229.830566 6676.18621952
524.88658895 2882.48304721
2757.47312504 1346.06064746
6.98827536959 377.015342515
7463.0882507 7680.77549736
5003.4903469 3579.41333199
4776.63027422 8989.12729861
5697.88392647 1225.89305769
5167.47441866 671.288867031
7504.40622653 1750.67650897
7760.75755359 9732.79203167
6320.1114079 432.811754986
8689.54799754 469.298301481
2307.98787384 3781.8179264
9039.66357613 403.991330785
784.043992579 2754.25109307
7837.27413543 3431.89758653
4837.14047057 2701.08677512
7229.69073643 9935.73670229
6021.2164959 9058.86215035
4983.74708465 8484.84557199
1570.25407766 2690.19085288
1493.46678219 424.904476802
9954.94983293 7068.35553797
7337.33307204 1130.02712392
4596.26058668 8495.85893697
6025.13030357 3937.99331935
8229.30267414 5505.38022537
7487.37612298 602.612283737
2873.89552993 2063.57690984
274.454402413 2306.91836191
4852.32094174 4738.34044736
9557.27756898 4984.2005184
5162.38173949 4399.96282715
4689.98631197 7616.5492517
2444.77931166 4397.62872478
5973.21386101 9821.20238588
5539.54748464 4505.76328709
6049.61829295 7892.21822312
758.037227396 1155.59075375
3080.70983007 6130.50988302
8916.22126063 5812.28191694
7574.66905173 3762.89858151
7324.40815273 6677.40185045
7198.69286833 1624.30412252
5880.5461658 1803.30829796
7411.16509867 8168.01645377
1589.80107741 2768.53641887
8718.57702442 57.351352033
1243.33687231 721.672722227
1275.21285904 1704.67911034
2756.00558665 1273.67635824
4812.75246632 7677.97540882
7267.80969215 5869.25643111
8289.85703059 8957.13166239
9095.90523766 5442.93048916
7821.29107799 7598.47271776
8883.56112195 2284.70975545
5835.06631095 5032.06700792
7929.08466158 9595.765936
3785.50635154 2656.59282271
4154.56999186 2836.76122815
8446.93106808 3049.276413
2202.82387135 4640.79571884
8648.60818834 4323.66223086
9057.2311921 2947.42395922
7694.66597278 1688.84793987
2583.57684716 3906.46208752
4740.11971893 6593.04055641
6143.88161761 5307.01571472
5419.45888762 1993.19718064
7591.85822381 8596.65919529
2730.13629718 9215.39131321
4322.30025313 5474.58895066
2823.0151809 472.50074542
5592.01813334 8820.03655685
4291.19156719 4481.88298066
2885.00354416 9751.58697969
8461.84201289 5332.86625309
1017.24577679 691.782125566
4630.28481619 398.255463072
4759.52163455 5161.18786063
6178.1227677 8209.07195823
9719.16317848 683.801696903
4511.95973644 4841.79752695
1546.71407309 462.234989041
7581.3016399 3264.06511008
957.54865614 2354.46314529
5869.37783509 4357.44254558
1710.53049195 7877.7449735
7152.94380856 8796.57372734
2082.85916152 626.773464795
9463.06321651 1851.52728847
3396.93263228 7554.70581588
343.157063604 1174.72230853
1476.24043067 7365.29586971
8165.27292444 1503.70001162
1286.99632378 3889.80518479
7784.64670307 5132.08001138
9495.13899994 9584.74667592
9731.81008112 4075.92976626
3877.4827325 115.709105926
686.986738699 951.822379924
4592.18255544 1199.80580614
34.7633435634 4933.17796422
8233.18513536 3494.94760761
8589.91830103 7838.23622175
4037.93439106 804.378298737
1603.60356944 4448.16545082
4265.375196 8159.16610678
3589.96874807 9879.74055597
5968.94774966 8808.26390916
8574.3733641 7633.10741363
6480.21173858 2695.54228346
8071.5253413 233.69044866
8776.20025291 1964.70499534
3645.99642726 4857.14070136
1179.46343615 4944.27591938
9314.40781102 878.312951409
9460.45744026 7477.36320018
5529.30956889 2900.77342822
1098.17719395 735.056892215
5956.40219183 4870.44952191
4890.88557535 2666.5609106
2108.84316772 9292.49846173
6326.81301962 9297.33046746
2847.40747607 8467.40273849
7729.48747206 9000.70570823
3650.58383421 9383.14772483
5609.06964577 4162.41420916
461.080755427 3826.82211585
3776.07065375 2854.96297256
3778.2293643 9481.34184631
9153.38154135 1365.97361408
6294.10722022 6781.64663922
20.5120327475 8781.59363347
62.9680551087 4330.11597527
7096.86342198 7051.61822255
9508.04195307 6556.22024427
2062.28016554 3284.48822284
1071.91924802 1337.5944423
7779.42667723 3503.09815239
5937.6427586 1797.81242836
1265.5668826 2832.67237241
9157.12678392 4955.8481296
6043.30901879 3512.59627116
9690.06596012 5860.04339499
6095.74386185 9793.16314623
4426.33064719 7989.09182434
9284.73318329 4244.27455953
633.897176476 6242.1117721
8043.84355116 7201.13630089
683.915105315 2279.3955245
4478.91348667 7431.60020375
1960.32809471 7405.15017704
3223.6575814 8039.19873708
5509.81921707 8798.94709125
6751.85301637 8941.96013035
8589.39564428 4889.36744684
7610.95714432 1127.08570453
2621.22576509 4636.54670615
2987.96017598 9347.87461167
4609.76159565 949.315563764
6465.51582938 3318.44048433
171.82706562 5678.67609107
5306.26981932 9493.53970242
1187.18368158 8082.85674065
2632.29210556 1902.11278617
2873.27845479 2673.51232669
1794.56327117 1967.71637349
5333.15975568 2033.60210868
8373.88862209 6265.45748132
1809.46289496 7859.25907803
120.711854069 8853.67187702
2608.90161387 660.953400866
4533.69529933 8056.85025036
1787.59467342 1862.88994747
7808.39563498 4145.87282597
3003.79358382 7200.79191951
5190.23292986 2791.57649553
2094.87265309 4254.95458305
513.511967529 7366.08546505
5618.45101832 4894.33327548
1001.40145087 2844.97433105
6684.48520364 9613.06837389
547.243384094 6549.56437382
1034.56009748 8653.53302707
9433.23398468 5894.63675499
3073.72672534 4749.16133811
2424.36909633 4346.18885008
5746.02388391 3788.34085362
8809.68499255 7792.53820987
186.944136699 6215.62627026
2253.58228121 7081.29201547
3934.29100485 4742.45669356
2333.76708174 1832.33357117
437.224797834 7090.15693713
4165.97483242 5876.41091695
5246.49159535 1732.84566179
5855.26275075 2899.079501
9491.55094463 4077.91331337
7605.74815028 3422.29044695
3879.15077274 4823.09050535
6507.72286378 6346.26247859
617.983139225 4816.00642573
6137.82082591 9401.85543267
6002.25208956 9235.45767479
1469.57197677 1610.14140335
1.85042607876 4791.7925927
7288.94057797 5801.11096624
159.723479327 1329.4520596
7621.47367058 1407.99406259
4863.70365578 6236.6457824
2219.92431513 606.896450144
3514.93962119 5366.26317546
1886.1363994 6953.24374363
1884.6595368 1825.10097875
7020.82445594 3245.26447128
1955.55040656 5220.10217569
5286.64942423 4502.91975641
4219.60195906 8116.06600893
517.632445143 6582.40609383
3708.24221987 3431.9090872
9910.76898462 9724.55568551
8932.5581659 6282.35886667
8392.45068091 2374.51564759
1195.59821179 5182.82518107
1741.55266164 4508.85084616
3776.24635513 4770.74257966
2092.9876099 7447.5756774
3275.21523273 5720.8358824
2648.17264743 2519.54219212
7769.61767397 5697.75701534
8290.05363214 3311.14644092
1520.39961209 9339.74578493
3445.29343087 5132.22461492
7315.37846772 8747.57742488
6240.83582385 1515.66861462
5965.34957748 1494.78760946
8130.23072245 1551.07649339
3441.58921189 824.586670583
4434.12238643 4035.90166687
6669.95707934 3618.99812399
4341.52885229 3645.86701129
8115.66607908 8513.363186
5786.63380672 4319.79554248
7428.85985928 399.468704601
987.073205859 625.627288329
2412.78976043 1996.3817147
867.192275865 3586.58739259
6507.25987359 1672.07651592
8351.0740767 5863.23333959
4381.23178127 7443.37512355
9264.4096075 9045.15237546
976.311241812 604.894490292
19.5112271342 2716.29035106
8540.32547406 9680.91258217
2283.83526779 1577.26628083
6687.60607011 7481.59997212
2375.91094063 5784.34322323
6833.13957171 983.946612581
5584.98031601 2514.30134814
6614.07866523 8458.76693498
6451.50718882 7559.39415384
1881.14051207 3855.52194864
3619.70157365 616.501501287
2767.91415576 1851.57512231
5058.96005129 2869.0019948
9378.97188994 9434.44046339
2429.90566999 3163.85134012
6565.13886999 4095.15857612
6959.03225052 1438.41822418
4368.38737621 9673.14021918
7301.15899278 9904.79503442
6912.21356136 4545.810424
166.635613043 2197.3953544
3606.99527382 5203.93729022
1448.23017699 3804.02126097
4423.92815337 1936.23186326
5927.18330068 8237.51451913
8237.02752906 7937.21719877
5359.73514914 8103.42830756
3854.51816999 8564.91574376
3433.80995331 5036.32977541
4275.87626384 3722.93474785
1778.15989717 1268.30264737
9553.3818336 3452.270925
3222.74491034 4461.3089592
5738.30053776 2265.13538727
63.0379767398 2352.86918035
4746.27059909 8851.79686684
8638.79762484 7224.71092266
2077.55346698 3369.47810191
4998.77383656 7449.98451825
4692.25507374 8718.67278095
9270.16698737 9240.8995205
5644.63267794 1252.34310898
1222.7447409 8400.87379701
3672.73139577 5274.25497839
1369.30407619 8145.85963139
6595.97630954 7790.38718797
8226.12046264 7041.64122743
8178.07028733 9856.32102653
7413.75597528 5623.18364869
4577.02333629 7523.58551264
7129.0730538 3008.52485915
5333.46586072 2682.23865094
8332.96071817 6112.1622705
2103.37681883 4842.90417367
7827.55539644 4525.2010335
7198.17865768 3064.99198303
9888.21022486 6640.67567695
5604.1249809 8217.11314414
4339.23497021 3497.81076392
2412.07686122 860.031748055
2721.89372236 3415.62853413
5397.86965349 828.390363715
2338.29052332 5665.78548476
1980.85640078 8293.25672687
3810.74426851 5083.34783867
7013.33480984 173.987216549
8026.50816749 9674.69189869
4809.70899344 5955.75456304
4490.91829083 494.88265911
2585.89009323 5555.89065033
3812.00024862 5618.26353638
1370.64748887 1551.3233899
2302.33328019 8176.8372751
8439.96096057 9674.81815721
6375.31044592 8537.14282762
2350.11028769 7605.45338766
846.754822 4246.01468105
335.484148647 1183.71212988
1149.68143304 6353.72114041
5102.15673817 9432.98859602
7580.64036349 6020.00974593
9630.65763659 8275.51647912
4320.7818851 5113.76493416
9149.1490613 6082.71253333
7998.9599242 7030.0475337
7627.05340489 2428.04023571
4076.27322421 689.198303498
3019.11395088 123.860872282
9912.05067934 77.5222100052
4175.04716097 1274.62584232
4546.91660569 2646.82292353
3398.31914411 3642.33873815
1658.36305794 9154.78107587
862.824427597 8547.59503306
7802.42141719 7161.66088542
6989.59983842 9631.35418627
101.22928361 9054.77273533
1248.69204933 8272.3554437
1821.96626088 7298.81374157
5879.81999361 3991.65129882
8808.05162165 8056.11862653
9044.66229119 1503.92592122
1025.88008445 2129.27154024
9826.66393544 8577.99250957
8768.45445746 2301.98726295
225.075810466 3562.66632931
1941.80458309 9985.37500165
7668.94531684 7690.67164668
4516.70167649 9311.80337746
8710.93490577 7744.22140942
1513.23275584 664.176913411
3734.89767188 7383.83897868
6349.95651325 160.114736919
1500.54711587 760.231498286
9093.84321453 1715.2865772
7728.23673912 6042.69255018
5015.49013788 8695.63071356
6491.26827854 3212.17042864
2200.52841044 1900.17731092
667.740628308 5270.20583204
633.886300131 2038.84046438
119.568147175 7031.34760101
2199.84689408 165.800301555
9345.2432019 2239.98782588
3829.38544426 8081.8974678
3392.37310355 474.458354614
8258.65781085 7468.36094819
6040.08699317 8406.07815809
7282.27628306 4388.88376203
2690.85167444 1451.86600754
2282.1993096 6184.60082557
1724.71480586 7061.05778812
8402.34600885 3310.10747082
8871.46194452 7950.50997859
5985.31337856 410.507144065
4843.30372275 412.471673632
9449.41416833 7055.19722471
2673.52733041 4326.76932364
799.61413947 936.587104993
6406.61085572 9979.25918136
1630.92171426 6631.95313569
9554.50293489 7075.20365127
429.596650729 6222.9323968
8551.43791268 9249.44833998
6631.72624034 3589.21862666
4657.74782032 2459.02921208
1229.7253504 5300.06669154
9388.61182796 9848.57393942
9972.00394624 3719.18522866
7451.88294177 7060.6944138
2971.53973478 8948.69518435
5768.78090856 9481.11342981
8681.88295987 6867.68161173
7377.26979576 9847.71816885
5784.32488341 9895.0671091
8374.99647356 7086.27939856
5168.86212204 6392.55156548
6899.87818288 9593.77635702
4022.788896 5350.64463711
3329.3329911 4090.53357374
9906.41183525 331.935759719
1514.08254838 4088.35615985
1053.42845039 4934.92065981
7097.27564163 4181.37100758
8525.35836334 7380.49934478
7002.55731795 2979.40739739
2046.82600255 7138.063697
6319.30177531 8463.97419601
4235.9963064 7970.321804
8246.13597465 8670.33211066
8173.26075219 3728.04039596
5071.59342865 1259.18533097
6744.72252544 1794.04664575
6818.80018872 3100.75428977
6887.39794236 2562.9465569
3948.29150029 3883.38187192
5450.25012802 3386.87314252
5319.04922153 4036.55137374
4302.54799917 1717.14351542
1109.77968269 151.309372416
1791.20495151 8532.01773676
1758.79837875 3009.3885362
8469.46011712 7497.57645284
1332.88155234 730.624868061
3942.30538243 1604.92365817
9978.37740173 6398.84482696
1872.73756965 7392.23144254
2018.21304792 6774.45881394
6514.34266875 8749.82395684
2540.15501165 4959.83814335
6696.17980898 4883.08620664
1848.2986029 981.051074051
3185.7917829 1495.32265837
7686.0416176 6591.27955957
9488.39920981 2852.92322631
3643.17943663 404.813800955
931.428117046 9656.69716704
2345.69186572 6393.39275911
3131.73004899 8534.16245055
5933.23351647 5464.43785525
1765.33368657 9110.32253959
2847.56077639 4131.06424255
2620.35690099 6810.00911486
7041.94940524 4219.67407298
8781.71472342 5474.8036018
8147.16354669 3659.02500863
8600.30759494 8585.96939399
9823.59206435 3082.54555656
6611.5097121 7908.6217897
3352.64357973 2806.38628332
4369.41498725 1696.71248079
264.020673572 6143.23295601
1329.41185633 9235.60263363
9706.66012286 6440.56000679
8960.22134268 6669.34143914
491.884611696 9489.34071254
2899.2292839 6092.50287088
2399.08181017 6580.82140757
1761.34815324 5770.20069243
1400.98524969 6380.43374176
204.591023536 2834.35776189
817.901672848 7353.28924084
6450.60656393 5002.69119723
6607.36805794 4346.52422283
4319.92265158 4906.84577197
9932.16966564 2933.01757107
9984.30394506 7395.53481912
5974.73695535 3032.10653006
9512.4217187 1189.55376745
5517.61884291 9593.24344516
1193.16430045 8511.09853078
390.340632835 8888.23860154
1303.2289116 3267.62703835
2983.31985859 4351.20545701
5280.61325396 1135.26590221
7768.79292522 5089.60784039
1837.50030501 7436.52074767
8519.65548803 9135.30621954
6392.5533677 274.033066411
9522.4004216 8803.42059945
8438.36104955 8221.41273083
2810.80802782 5959.11590877
9835.30252498 2515.87991085
6146.77602436 1315.567817
7589.32297995 5075.47772733
4837.35884409 8980.54340962
5882.02948213 3966.94617673
7923.00211144 8739.39062891
1277.66586751 6095.12946782
116.341615197 3180.23247383
6884.38345058 8065.29225878
5188.32445986 671.143777354
8004.08061417 1851.17994835
1428.19564082 6691.02956589
2109.0902552 6799.64290568
72.0853296327 4344.41403634
1729.25356836 5950.56109115
3014.59083876 8377.01554772
4949.59587521 5362.2428718
5200.44981324 8521.45357759
6495.89285076 526.51684046
6136.56290662 5036.00003299
7159.69642123 4924.96206429
5221.01673771 9353.37864881
7572.90735144 348.873544409
5772.65189445 7158.87260132
5609.14482554 7247.28796547
1817.8462995 4453.71895829
9363.59593245 8601.62090269
2209.34996194 6213.79092433
7655.68463965 9382.46773165
4411.25953061 3567.43681237
9543.49262993 7223.11661124
7957.64142917 924.037271527
5790.55145897 7606.85642276
6881.38810256 409.865611053
7522.00006458 323.203705636
5363.72658054 719.155278164
3559.88985688 7935.96363808
5648.35280173 682.725895165
1062.85521328 5106.48886729
628.630022525 9651.38498198
5073.67641427 9260.43957592
8528.36614249 5789.75671183
3107.60547831 7010.44876707
6141.88444771 1895.72300733
8371.68761227 5976.02593739
5386.16588669 7084.66198436
7915.68722736 4909.04056083
1731.1242228 9974.94006038
8630.93828681 6338.34534224
7702.27514024 5608.61091651
8482.56352952 6780.50315014
9887.1636398 9767.76777475
6066.89336433 7877.11745272
525.988778029 2832.44569303
4605.36419985 9680.44914734
6075.04946505 3354.06744998
8102.10837869 1203.99870636
5912.7436128 2040.72714253
889.573576417 4258.57059528
6815.18096025 9323.10154153
4766.11152581 1310.25782311
9958.69541639 8647.49674766
1012.37114217 9066.45324637
3507.35085108 8064.99321694
4400.1627571 4497.93901184
5049.75233297 2108.94608233
2491.9617135 1063.04488321
246.094890014 2069.40918389
608.810656527 3901.30142583
3975.02079113 6857.05171569
4074.8994047 9089.29249632
7341.97279928 5535.18365821
3064.62267541 2445.85702005
9592.73782072 1566.93665109
2625.91596203 5091.08995678
7062.06373232 7092.27335487
3409.01866598 1567.47519748
8644.66796184 2346.03096982
4637.32695857 6015.90126901
9252.25212291 9800.12259482
8383.26584648 4965.76776441
5571.27506017 5547.2939388
9823.73766771 8010.38210279
2996.11282282 1555.13318678
3703.53456261 4478.42854729
4114.16719789 4813.19083207
8065.57631385 5470.6365012
4639.10867568 8879.88500143
4821.23075841 962.028469167
5718.58034583 9211.6192567
1082.55747359 4159.92798007
4684.64554894 6691.13992657
2375.39942646 3533.77913795
5318.6746516 454.845126249
5598.6937388 8210.71096634
7307.61851807 1462.64697118
4686.39727065 2699.28115012
7951.64489465 6661.90886213
7087.63459554 2526.39438418
5345.31140878 8259.69141605
8790.96222731 3969.56692038
3067.23596808 7917.7132391
1097.8849358 8104.0264445
1607.25587531 1708.88520323
1341.79720984 5180.9660613
7072.297315 3104.80283454
4243.91766366 7082.41845328
6700.19093411 1361.41408864
9819.44283258 4085.69202356
9695.60109338 5708.2925838
4380.46062381 7625.20382871
213.410181356 9686.64306782
2631.66912879 7786.257236
1875.45434977 6961.53793549
292.789788742 6937.39361836
2916.0701386 4556.2941658
9461.75525896 3979.45546253
446.600062822 8078.74444749
4236.07205979 7662.65743998
9617.25521314 9757.78934501
4590.336844 2801.77168449
816.85708865 9865.47356654
5143.74522768 7786.62903168
7373.47538223 5809.17677923
723.779597518 543.648461898
3761.04254364 6423.22233497
2994.47284837 1414.78180821
3239.61809467 8455.07536294
7307.47961985 2674.1374278
123.009541458 2818.87327266
9543.48623609 1234.88701534
8915.65677486 9893.06988362
373.432758466 2195.2659804
3043.89125725 7123.52287134
5851.01380092 9938.67873779
5207.18023053 3552.36736591
9336.38742562 8236.54305472
7693.08515964 1106.44549662
9525.47567895 478.777152368
3576.07006329 4648.37513634
9511.28059026 7882.47103143
6768.39072553 9463.13511652
8273.08491828 3317.16519627
4258.52682447 1773.7327866
2102.79761732 7811.11581246
372.147324645 6408.78726444
3707.1807593 1656.43667774
1115.14842016 8216.60539112
1715.00883528 9448.15631255
8518.94850987 1829.27096547
8703.81832548 1058.45764019
4635.79874042 7923.79115712
3907.03264415 2633.92639538
1223.8806724 4061.58595873
9667.21823521 1156.7207938
7936.84478804 9604.68612962
1543.31636966 858.635438066
2516.94373324 3555.17739244
4003.58490273 5911.76344793
9429.10065911 72.5009414999
1335.17632682 5477.42825022
3190.48859651 800.816854029
5126.63537834 1309.98098635
9614.40764884 9996.15037564
288.377731986 8455.04128881
2088.99070877 8715.337028
5170.63642151 2845.17541322
4760.323375 6501.29363768
949.653526306 7979.69030966
6314.64733673 638.410761249
4746.95683351 1789.61089202
4865.71170627 1909.26451682
5534.91543832 8069.46966048
4740.55361601 474.663762917
3739.38552394 7552.35808678
5783.90465992 6382.10965759
865.888947244 7433.43262128
9413.05090495 2690.49086847
9014.02730116 2.82193556662
4906.72025488 6668.54810347
3441.68884606 4752.86492012
3650.01363967 3538.33199761
3382.99111039 113.854916752
7182.73727339 8034.8288767
6926.07131265 5492.32275629
4510.53086379 9971.60422121
6118.87056156 4655.31318341
8582.46499187 6984.06882384
3962.87580452 4727.86535446
7485.53170503 9810.75311609
2991.05433249 3472.4553385
8112.02698121 2047.25441111
2601.36467475 4635.76864615
5183.03001422 7425.53461393
2201.83824514 4187.90629342
8832.40639881 8807.84172916
1052.04858163 3499.03864413
8160.62632154 8723.45737331
1853.64747249 9826.21449179
989.278882926 3820.77900727
4045.00078851 2695.11258086
4901.11889729 9350.73441418
1683.65320488 9121.0121367
1753.04031427 9253.53631497
2385.67433854 6831.25945453
28.0746341492 9780.10280693
4952.68763923 4844.06026673
576.605394685 1447.52866039
6699.8331956 6942.92577005
156.414553481 6877.61189846
3784.73846828 2723.86538068
7111.80048502 9165.67700474
6488.19386463 3822.35711019
5177.80491221 254.380443899
1539.91376996 6887.71462909
1476.59006706 3834.35556013
6244.55717871 5518.26480529
6999.89770337 3398.09388425
2952.86654268 5741.58200034
9417.72705568 9065.81738604
8576.52991404 114.601818595
7996.51693979 1743.85066518
7813.44731128 8790.02963759
1140.08206391 4976.49869408
2454.1342559 6475.25179617
2769.30628019 8060.91901953
4156.85623119 4702.21191546
2026.83430018 9762.54334313
7892.04282842 1365.1115069
1738.61415215 1421.25297133
6531.09532752 5604.04351134
5836.78860011 4249.07627431
6724.97049259 8913.04260411
5863.89390436 9716.02160136
1360.26755737 3047.91882879
4839.34747942 5247.2956576
683.777013944 8478.92564456
5581.47123764 7400.15478176
5839.33843946 8649.90048519
8867.37496698 8163.83271232
2601.30914434 6268.3202458
3722.42488598 9789.4337184
5385.44413596 7355.07833279
1394.038556 9057.81135523
4674.08251264 7018.18142654
9549.49143685 9504.50262039
3181.99625642 7549.13101879
4910.65448843 2856.47983952
0.291224134434 2893.25568788
2150.20789579 7013.51943598
1568.06536156 9952.83336864
9694.53166299 376.404524127
4345.49018009 6374.99489341
2959.61767498 5701.90359731
961.701528076 7725.12719555
6671.50478189 4982.54843824
3287.70839801 8249.92714539
9349.66157352 9765.73451951
4533.27957578 7662.94817074
5968.40861356 1864.28498863
3009.43559924 6836.82463607
3095.94081523 6660.54314372
1391.78516757 5733.91485446
3460.18600387 6105.81575087
1475.74167099 1112.95483602
8921.9264062 3708.7156145
2041.21845515 101.989992502
8976.67926092 2194.85041382
7742.24749088 476.722635559
8987.4324821 8634.1363724
6006.46613172 9514.08459649
8730.85412709 5316.43536576
2891.44025769 4835.2955279
7070.55922793 2348.63470539
2304.31110369 4139.98400446
2505.49182832 5331.36522416
3857.87544352 431.173482838
17.7474748259 7236.83566584
313.839034972 9385.17446658
1809.3121813 9631.01268722
1966.20693323 248.203109957
6400.20041017 3744.00666871
7772.94948121 3828.95374048
8682.67953348 9058.59570311
6906.10869992 9676.05996755
7010.78701659 2945.23767135
7528.41546298 5452.53865292
5657.32519488 3063.6239609
1124.49720362 1913.38392376
771.724037563 1027.84100423
6260.54870874 8449.69144054
2972.68122439 5118.55158707
1464.97162406 6977.32072411
1802.15230281 6694.73879026
8710.08210122 5996.10279481
1919.50769067 3487.45798371
9830.48354404 1482.46266214
242.741315495 876.189040262
8340.50872672 3913.11482516
1570.25149705 6534.2853316
7136.94231376 968.857396343
8199.61735188 3341.64898097
3168.5962301 4102.0573339
7327.71189835 6337.09531076
138.529652192 991.069737916
6358.24608321 6962.8382058
2205.45528041 2051.36751744
4945.97187207 1842.49025724
4294.84814854 3525.9877545
1148.25319331 4892.73761835
2719.76225442 6405.34210228
6757.27176499 7123.09800259
9480.57483157 247.748319466
7046.4066415 5209.3677536
9029.51585763 1047.34265997
7239.42169131 9299.31650477
9193.31856122 9563.42948291
4245.01089876 5068.33791492
9163.02630047 188.146246753
9834.00993314 8305.45824324
440.338433369 7511.69425774
9565.62204633 6100.81314183
5976.48609542 3263.48013717
4593.70913092 7104.71395177
6590.90754128 821.279905763
7672.6686398 3105.84104622
3838.04951126 8436.8832675
6206.63774777 4809.466746
2392.75123533 8443.85849734
884.212958011 3332.82446962
5050.8904315 9237.24146272
155.501999558 4670.06942006
1602.46378361 452.12526184
4515.30568577 8036.18778944
5313.17783153 4236.02222548
888.392784939 5088.61100432
9433.85103944 5891.47082072
4609.69894372 5723.449161
3881.10664947 7706.94308432
9967.26902407 3239.36006267
6717.71215059 6854.03686576
4863.37336817 4550.01912882
7811.46814182 1880.9448566
4961.24856894 8043.62312749
5252.48793112 3112.98008652
5594.88200661 3090.41594952
6095.78822193 3499.76843015
4011.01813502 5907.2388783
8022.17499567 1682.6995901
2670.97784656 6303.55473929
5463.429242 8382.28115536
3008.89228621 7841.42458268
7669.73883203 915.510427341
1397.39304819 7406.6199583
6240.18825093 8837.26552434
7779.78180481 9283.93776507
5752.9294806 5879.52787091
7900.76874229 6670.67354004
5355.57238613 2326.54972969
6526.31723489 4558.90802613
8829.77751367 373.121794975
8155.41520069 3497.35469962
8710.4701371 5742.30084981
9331.23506415 9912.76202409
4585.71816901 3733.30188916
3445.58557958 9150.87543964
9518.77255057 5756.34896663
474.578180808 8518.30813427
4032.02645452 5290.58393771
8048.57910267 1870.5347485
3440.19502087 5227.37115303
9417.65710827 8517.97777185
8865.71868516 6315.21965943
711.566277535 9389.08726664
7490.72327206 3078.15894181
9765.3578007 3359.10741475
4340.50558767 8676.53451316
4669.11022058 3851.5284042
1774.49714467 4409.69212487
5815.6856223 3137.40138303
2924.79945208 2036.93741697
8102.5842217 6654.00325167
7172.90730281 2440.04999649
2389.70211221 3281.73771193
1667.18596641 819.981103391
1592.11590941 2892.60456478
8630.53702098 5639.53206497
3639.46874224 6342.06337873
7907.65982475 7435.75407396
9382.87427764 9625.76439797
1319.7279272 2419.0936356
8842.23273556 758.60823872
5767.72332857 9577.28166107
8457.5928935 7795.04052059
3288.62336502 3290.45954751
7791.48526624 9709.53184295
5675.23951258 9836.14151747
176.087012507 8898.93972972
9484.15709605 4687.63413247
133.728221104 4807.74884233
3635.84859642 6301.03163653
5040.23366165 4958.69774509
4658.5899909 2890.66845704
9155.07546733 7633.4278354
2330.25037062 9401.54334296
3282.85268503 6981.42410171
5843.87542354 8162.29548067
583.177100548 7158.40265729
8694.13974459 9525.60942802
8933.49590777 3861.67431009
5075.36962349 6749.49269452
6933.06202906 8794.90135454
3169.38003043 7023.13376219
7081.34296331 6316.42961611
497.253979136 3322.76645765
5203.35053933 9385.46971776
1628.88684361 4275.05808324
7900.70075416 5787.83351058
5305.54530052 1212.366102
7965.21030441 3698.11177359
1957.68251943 8660.59976571
7854.11133105 4930.89361081
6446.77000401 163.376251773
5543.52117681 25.6489794115
2187.17041429 9663.53127572
351.478308381 5576.08858096
1073.11119035 464.580210155
8818.15657363 8685.30009128
8861.97657043 9893.77506949
3066.29604857 8604.45227104
3560.51899622 9678.80545497
4913.12675303 3663.7546846
4628.17211932 2654.09814643
9010.87387619 5504.18189978
8663.20992049 6197.96831701
5123.25958868 6186.31795688
507.259549655 6914.10358388
6350.03111066 6610.02993731
7999.79242255 8401.89875846
6470.93698705 332.254915358
6780.66849218 6189.9615283
9515.78048566 9477.82009154
4065.88423582 5524.08678083
5930.06818409 1998.87064001
2847.02748664 3718.01104217
3549.37629459 779.714479546
5537.51078046 6077.440453
9792.57659352 3763.10462647
1431.331629 1879.76464764
8702.63655588 3136.40005796
4718.03886919 9952.93053617
5793.48977436 4155.27169797
5942.47618824 357.768731594
2339.88123575 4810.63445356
6762.4298134 424.9665442
8832.90014765 1926.79769545
8500.12510185 2070.98752392
9991.5875162 31.1001584231
4373.40075453 2630.96677215
8261.0872747 2979.26629031
8365.1158459 923.878605464
9879.70713954 7644.89186561
4142.29762621 680.450959117
3562.67919445 958.363753335
8309.93154442 1889.15058846
2420.53564907 1786.20708708
604.329378998 5429.67127649
9323.26630259 2280.06124986
7674.13424916 9741.4997536
4436.52650367 307.867344571
5385.96283069 6239.14641613
2288.2267508 3050.38272116
8665.80419306 5167.54282455
4895.17353675 1629.81355573
2505.83345391 8478.49301672
5715.86776787 9378.63507343
8110.7622807 5669.21957854
6533.40867492 2192.7547149
5868.87068871 2612.50617158
2425.78177217 8358.0661507
8617.4453567 362.711433689
1605.52519263 7343.33497782
8926.79950843 7601.38243578
1425.21517184 7279.47118895
7877.59769743 4303.78447524
6339.84447079 9349.51885022
6994.07265981 5414.42697114
1791.00206459 7483.25027496
57.0427345035 5545.31191854
1547.06573881 3746.83268386
1829.59362986 9501.53736796
1968.85404137 7494.19076819
9606.96280295 1930.38192481
1903.48982568 7820.32998473
734.145083905 6897.52275367
490.995503815 2175.02667168
4350.36550518 1206.70724019
6637.44716253 1778.40221784
6649.5863604 7548.97298601
9833.7381445 1484.83002061
3429.23948806 1012.80591843
9319.33561302 68.2632013328
4364.77445555 1783.27395109
6811.93970696 9036.24390506
9704.56253224 2065.14250051
6758.69311064 9622.84428091
5550.29620992 8056.85658021
6401.59914628 3508.88878345
4154.95619027 6546.03965069
1324.1949773 4771.36783526
6774.95626047 9477.63659609
9345.48352786 9296.15772785
6508.77632632 2912.69176363
1819.52306677 8251.09066148
5932.8685666 9501.35858653
4451.57698428 5628.79160144
9320.85389318 5725.66019551
6477.32817642 8805.74243571
3167.54158419 7586.11342127
3001.58356403 5393.42667488
2465.36618024 441.555565863
8777.40980901 8189.71940225
4874.32402847 2104.25197047
8628.8384788 2518.08946392
6833.28496225 1178.78858173
3338.24340676 4969.53528191
2043.64458843 1379.21541348
137.867142977 7879.2855307
327.990713583 2803.4815501
9009.57438879 1590.66910134
8018.48684618 9135.77740047
8084.12933369 3463.60021034
3266.92721082 2029.60685897
9395.2499322 5321.52667375
5307.77031835 3394.30310658
9279.45466162 9205.66466585
1489.16815679 9113.71783203
4084.05134475 1913.33269531
4096.45919271 198.68281424
2340.83341031 1815.60456301
835.232099951 695.488170536
3994.37965381 3412.5031766
4314.34508309 9699.58271576
5289.69822394 4809.45334169
5904.0792152 6634.21566146
4802.28536231 9145.29364118
9135.02282536 1720.90652211
4370.42302774 192.796156221
8102.38004528 4012.15938222
9748.3824321 596.485028417
5790.59316857 7810.40643085
3326.0523517 9258.5068443
6220.12910252 989.43185734
9975.1961105 6651.99665867
7185.05576256 9043.08245415
1012.89620831 8551.75631643
7763.86593403 7253.01240322
2600.32449727 5437.23451291
5772.35604705 2632.04060049
7673.5845683 9812.81471713
72.5222938566 7256.197759
6727.01655507 7149.85236424
9570.94501163 2401.69631451
7447.19022718 6700.41237442
2530.86167524 3781.24827493
7421.08098024 7964.03971724
6111.19116249 5293.41882301
6760.46699345 9093.65679605
9212.11627109 7440.10614282
9237.42606511 7648.63046721
6576.49811472 404.296111406
2117.53904684 4267.59160126
1243.10038283 5975.82539551
7056.5951406 316.120145069
9541.28969436 1957.07194988
6333.49131242 938.852278439
3138.58153591 1994.52273299
9486.9554122 6507.77521007
7231.86639917 1429.70846972
6017.53591649 1380.03854007
7211.02313401 9797.93769193
8872.54665218 1037.20117266
4923.95290298 8789.31870454
7275.30359008 7088.33988552
7232.29013188 5775.96644272
5077.05610894 5152.48342383
6960.25268697 8085.66497136
3878.406089 764.684277582
9027.48826254 7048.53406896
8547.89070653 5974.58028905
9177.31706936 1279.81280305
4364.47479263 3676.33882937
711.809655585 7905.69108351
5453.33019107 1275.47065602
8930.5974817 3648.18238069
5944.21478695 8159.76207825
5379.15168208 559.12641459
3669.75120573 8471.50226435
2403.40082493 8641.67626087
2234.57491977 1472.65970627
1064.7066957 5521.62154871
1828.84670354 6579.64595449
3876.24098885 5480.7774811
2985.10123041 6588.63586163
7556.67873094 3817.25868622
4135.6352151 9936.26116356
7231.09721912 2352.00746774
3537.84219387 7453.45913702
8450.61191884 5304.52404075
465.557830427 2991.94115448
7586.53895497 606.981143342
461.162882531 9213.11228952
2192.18066307 4811.58845229
5844.85295886 7249.92974872
1747.69927891 6820.72188663
6094.95940618 5651.37217127
9386.94397289 6661.92157666
2977.79202383 5864.94932787
5207.26088804 5470.71441067
6374.20139571 686.39924994
5309.91482783 3617.93076748
3355.62545447 5848.79696808
6811.34176384 7548.06679244
6428.35158254 7502.07013013
6589.30607656 8764.82340305
9980.23322008 5976.10790154
7333.02017994 1011.7195603
367.927932807 2904.29226679
2798.10524006 9482.914467
6852.89777969 3438.20225997
5550.29614062 4337.63698105
957.66269049 7804.63656255
4102.76641644 8149.58899325
2861.77420924 6037.35860412
7557.60353131 3396.30539627
8722.61966419 3962.59678631
3.51035335203 2111.2505404
7571.72408853 3081.72650367
1297.23542023 3581.04791625
6779.45125042 163.745222234
9801.86869456 1730.42744171
844.633735554 2288.61231772
7523.20799161 219.084798941
4672.15004006 9142.60822259
2570.30062814 7771.9969469
1940.00578361 6059.52846802
2965.12293123 3670.08396787
960.530370072 8907.33741397
6461.70040465 5671.25656669
9435.04715491 6701.91204955
6558.07405847 2339.63245555
1183.1055554 2310.18124499
6600.50554609 7441.37290243
6508.96868208 8737.84135599
4928.9574528 1404.89476183
8998.96218518 711.600069522
8094.97012451 622.766248423
1321.43522785 2016.79694042
1828.5359367 9574.37918445
4201.04320529 4269.26290617
5117.24836588 935.941467146
178.188576108 5272.68944072
8604.79852243 3406.60527481
5563.71371725 6761.30789416
1094.48473328 7154.38537414
9733.05059297 3506.97576307
9460.5870143 6640.13350487
3868.81028193 2403.36120525
6278.42601091 9342.97462218
9020.16379861 4115.81358769
1433.49035165 7780.61407759
5385.3954855 777.612934362
2865.18687993 8922.38382455
3035.74996318 6993.00718648
1372.53392794 4779.37467473
6050.66307181 2226.0094955
225.505488346 3064.90688404
7022.65050377 9319.97418253
7215.74198737 8325.26938199
5256.17394154 5703.0099526
3474.33326507 2848.57874096
3741.60215454 1716.25908497
7264.67389399 3535.0186578
5816.44179449 4984.83090982
2000.91042151 8760.11683398
4018.2769423 8551.1095225
3.84901543682 6987.57305467
6638.51741871 6907.07885442
4082.7157195 4296.16821024
501.17675135 542.068704382
6752.1904025 6326.60941253
5108.79685975 82.0069941697
8318.4987601 2222.94455876
3273.4533048 4679.4184799
8382.4506306 9711.41346465
6197.13965101 2971.71326631
4784.24043893 5824.81234352
189.054058524 6360.58432664
3489.71059591 4898.0187176
4347.25817799 8713.49503503
9349.81023786 6021.47885118
8679.93509355 1820.65086187
7842.66890725 4819.39320978
4882.24172661 6021.88751515
8044.1937036 8577.46459324
5930.53251196 299.881290077
1730.87057974 1531.16536804
8504.4727776 8039.6203307
3051.04806645 7679.91348932
8995.45954437 9673.79276965
7596.69320075 194.516809604
3466.11229965 4583.5201785
8871.39336414 5610.45308916
6027.06870403 3396.80726073
5905.19261561 9240.20350534
7093.6919475 9217.84281515
3043.19277129 7035.65687132
7125.16269849 8900.56574812
8250.85049941 5756.70451685
6845.15197324 4460.42398053
628.552102078 8807.09420108
8511.45862061 6113.23671205
7206.50672211 5148.47582444
75.1193163735 5810.77358729
6371.42757267 5448.36032239
1006.72491483 8106.13132569
6068.74223494 2055.77566579
3280.28407541 9957.16116549
5503.99127248 3044.16070799
4645.93311781 20.1062456194
5075.92520883 1615.91302584
684.559703984 9137.84941782
6536.09756978 8493.73259253
336.879204767 4901.36291667
5393.54096089 9027.73913023
9667.86120472 8826.8864071
832.841308993 7856.24275451
6858.16337924 2769.51889495
6977.50966931 2948.70840098
6839.6905608 9609.85888831
8475.45575957 8259.02967913
1787.98835808 6452.60466424
3028.28514975 1433.84980006
9760.42677441 3806.93784265
5155.90205898 7065.45363739
28.0414055105 5192.25431751
4583.37041375 4484.99016454
7658.24055043 1773.73836567
3972.53395267 1114.79175
6042.63523723 6774.69986793
6714.43947662 2177.19757756
3170.22397819 4159.67045586
498.849045097 7997.71672327
1458.85458603 7865.4516305
4859.70486424 1164.98840165
7379.51367067 9287.34532435
7317.74297034 3029.50821417
5204.43331212 2916.15658173
4940.47457966 8113.74390819
3594.44305034 623.458617574
2191.71847116 2344.13856033
8641.56897357 626.618429464
2308.95812696 6804.27938863
1382.56864079 7254.2967597
8882.26397774 3687.76316917
5832.21860279 9146.67943505
1722.67007548 5019.02445395
1737.62123665 1820.75991455
9470.41886322 3311.76223411
7253.6725344 9860.16212603
5242.15843821 8904.15602725
246.181439306 7793.42497793
8801.29320538 7281.28620043
4883.89581014 4529.09439602
570.747176049 5981.22555233
4428.82048735 5627.13903145
8742.18573242 440.752885637
4332.22433654 7056.0018417
403.993876661 5626.95888329
8927.62968065 7329.92372896
214.840299393 152.182888056
3690.80774554 3687.64612803
7253.0041086 9457.4859262
1809.84940076 9535.49538911
6030.45360614 293.938819411
5704.71759165 867.861238813
1830.84711985 4847.94312775
2332.29248181 4032.10851473
4667.07801424 5288.63507779
1510.24176529 1862.06909944
747.69119286 8376.14315975
7974.59188843 4807.32613946
9853.15248566 4829.465875
2263.98599696 7573.7340148
6499.55855089 1722.55519469
2418.95450167 7673.66419547
5938.60953521 6602.65020953
8377.80760679 5354.07211777
3753.76711764 8914.48352633
9922.67826226 9748.95700666
8243.43535583 9094.24841784
9704.7111373 9373.66831893
7880.6143661 9697.84958828
8284.79505866 2393.38035908
4867.37629612 1537.27856523
171.045450148 771.678893395
5739.57647617 5279.40399529
6540.73661807 7484.51666928
4212.02913809 8719.48167839
8201.09854401 963.399376903
4628.59540419 3913.28898446
3291.6949889 9268.01248152
1876.44030497 635.278354813
3929.46353047 4509.42384892
119.811341269 615.238015286
5148.19945152 2615.94017995
6310.97676612 5212.21593352
7900.26972024 3101.92955968
1985.67838939 5800.18812568
9692.43087852 9488.37122524
748.841649574 7344.98352106
3750.39770482 5511.12619385
6224.93312791 4918.70554864
1126.40619907 3795.09846345
772.352340907 8640.95550857
4639.30161054 661.233017709
3577.75073483 4328.10274518
4404.61524382 6522.78883346
1382.25915186 9420.60625481
3312.52445246 5952.82472275
627.377515144 2917.63709035
3664.19609941 1442.57968171
1590.38317646 6956.61002531
3259.65118081 3954.03705351
3691.10042192 3786.22209109
5049.77289935 5312.81563751
1200.49626904 1528.8774121
5080.55365676 9504.72033581
7809.26284128 4580.48363412
7500.9949887 5401.97613832
321.317175073 7668.20137113
3972.70356452 6764.30082283
167.945538559 4890.02329347
749.586046844 6324.90710531
1558.40582383 6178.7591404
1750.60586862 6406.87655737
2932.03787361 9477.42259484
6753.35163846 2654.08168932
6102.56597 7588.75659118
8349.9745712 6583.89734646
7576.14440773 774.053513034
2637.93145843 6821.01154766
3082.83729657 1529.95919524
2794.48456555 2286.38939902
2317.27403191 6717.84066442
8790.32649269 9869.25971863
9945.3906356 4860.89119312
7443.37757995 2349.06603764
7504.07456755 454.155414139
4703.37719854 6412.01924332
4948.17349655 7388.74175022
9446.40135593 6209.75540582
2685.56829629 168.552675645
8464.72923254 5532.45323171
5291.10123432 1224.41093604
9597.03300771 3317.44453149
4576.1621528 3621.8381636
3261.85217288 2253.28465957
5430.25074624 4420.22549121
8548.93737302 5525.55027286
8988.13700286 7415.82873206
9352.28823732 935.594840078
8824.86599413 183.820240305
1029.22929788 5880.79249555
9348.41782845 8517.60380989
5331.43325454 6862.81450571
6389.47445916 7516.3747414
5462.88240732 8908.39111872
9396.08159039 8856.04545455
2011.3061218 5575.9138765
6162.74992142 2234.86884983
158.165800411 90.9163255048
5663.64618595 5417.27323488
7954.62306984 4154.50818995
8683.09405331 6193.94786245
6248.80433054 7732.5461673
6252.87654107 4915.64492213
7028.27865213 8123.51869391
3941.59653253 5123.96921926
2275.48822135 2824.1121923
9446.85525741 1593.30495355
4254.55270414 8849.65211166
499.168305985 593.587312423
1012.53427436 260.520808118
2421.16783419 525.939035411
4583.39631695 875.899588131
859.388282637 123.106491582
8871.33785283 7637.37810729
3858.01398524 7196.52444923
5145.80500597 526.988760954
145.605822434 7049.73256198
8563.17058629 1203.11094033
3544.93776614 4713.42031311
1779.98931286 3106.0447758
9280.82621158 367.884561137
4208.66314388 9765.67873601
4965.95374338 6730.1182418
3463.60177656 4750.34266604
3264.45516665 2533.00214413
8237.89906581 2439.57454513
8560.60344021 2076.3403226
2216.23175681 5826.30233829
1277.51895314 7906.83142113
4430.45323375 5623.02827568
9773.86377057 4092.58624495
2918.60173709 7199.5313422
2706.17466448 6408.72148388
1312.46835495 8999.66213812
8245.89165281 6053.84431661
191.643702711 1081.79965184
7331.15635734 9433.45632266
7196.27768163 5067.86526635
6895.66531554 458.673614869
2793.09771595 9496.58622186
2052.18134403 3536.11384763
3547.29259454 3589.5823875
6537.4815167 3246.21329193
9874.58915858 424.596856445
5416.18147034 2792.13797666
5361.94271696 2747.97238343
939.612941208 2450.52311048
4227.9674023 6449.53644544
6429.07936878 8011.85845714
8591.65861331 5280.34541514
4100.3422393 7747.9539299
2767.95971775 9158.86362616
7102.32558578 8965.14612464
3400.27314815 5813.72175433
2907.19729206 1844.1432912
2205.17142694 2063.34719162
6670.92150898 6581.93173799
8446.36831007 7152.80603759
9035.82795007 6333.59667993
4535.84418458 2303.59733671
5165.40762281 6045.21299564
134.214214475 5407.84228737
7470.46975764 2050.7955642
5260.5658729 6388.81089547
9953.33160752 6576.89246329
7820.36241989 9856.12517111
3752.13916765 749.055364913
9213.91596848 4028.00422021
16.3599253164 2205.46017061
8496.9048696 1816.09092856
5237.13980802 9748.45951253
5867.93071343 4408.78182606
2588.05113317 8795.28080612
8439.12338511 8835.32261886
1580.73703145 3237.80600083
2087.78928279 2604.61813212
634.01367205 2862.74979271
6488.63286473 6252.13960596
4968.99920299 2775.05915369
1172.63772894 2599.01306673
3937.68637553 4959.07143939
1573.57561109 6964.58393998
1191.63459383 5074.62840132
8997.78510996 9945.67570897
3417.95038203 4305.21580772
5504.19604993 139.638667632
3795.96055572 8362.03757736
9397.11560972 676.958330094
5872.40331916 2337.50352145
8904.14482434 8834.32553204
3724.10587255 6049.49979057
8411.25055527 9077.90350688
6176.15206368 5740.9517795
1347.46620114 842.636408755
8377.96190035 5047.73348837
3662.69059171 6303.44788071
4475.87291734 4533.97932731
4948.78771899 2615.15797413
2015.47087368 3595.21604634
7686.80316011 8775.23410504
3988.64821106 8363.0444281
9578.00478779 1134.37328821
6859.78459907 6635.06799724
1581.25418765 7135.27279711
5004.01831396 849.504561146
2697.75093074 5437.64598767
4191.15720304 1446.02801192
2564.41008344 734.609952119
9574.28996146 3150.14962255
9307.74877562 228.846080689
7178.68902593 4019.62007477
2663.65508541 9620.06197673
5099.02958479 6698.71469799
4053.52799442 6694.24948448
2005.77872943 8124.43863973
2107.70603735 3125.12221458
9174.88689715 9241.0682397
7317.39961219 319.12449821
7623.33278641 7287.42410613
9705.90712459 578.271350317
7096.01660549 6996.37279337
2253.01332273 6849.74973099
8908.69694532 3149.80486496
9781.3896307 1744.99319199
2437.31064255 5456.67951662
9272.08364783 6443.5316566
5660.26920028 3356.61613394
7833.5595156 1947.674056
8583.31852697 299.222203547
5820.11052148 3314.12768826
1398.96406055 1171.32494599
1970.7896539 6309.46815857
6730.08966827 471.297884288
8021.52879371 9396.21874301
3984.72951262 3895.3477823
9434.89759044 9356.59077727
6570.07469866 6940.24146896
8401.11658796 4206.93969601
365.184644996 5160.15666288
9190.56219072 3327.98895564
2482.50593007 4254.44263535
41.6415741692 2095.87201662
5654.62231963 6272.71675521
7042.56462712 5359.51852503
6263.48780264 323.384246156
7224.99824294 8063.97443191
9689.16383975 2790.58735546
3459.47873042 5573.90093063
5418.7927991 8134.51596447
3273.96803693 4283.36419619
3544.66830305 4284.19181739
4713.02234679 3207.8331393
326.723217954 325.226405333
36.8440943803 8548.99164787
8630.79108473 4896.15749785
1672.27127953 7802.41362766
992.559403139 9143.22373624
1412.6617444 9540.9570323
7407.58587843 3487.24668801
7508.90346295 9509.09669454
5066.95108955 36.5553989435
9506.02442824 8003.60871502
6833.30980487 5306.42076037
4310.61487638 3860.21027925
588.377112742 3277.81474047
3706.52673059 4082.34331716
5119.21081986 6748.68861237
4545.24357006 2115.24581598
274.035575482 6646.83561761
4567.67469973 8341.90852717
7800.5344782 8979.98776288
4560.41208409 1417.24624018
6592.39498244 1060.90213461
4060.91706396 7401.41576556
8268.71960343 2615.85979176
8199.44639786 6629.26549766
2569.47253846 5678.56577931
6493.12607443 1297.58743953
1696.03763235 3199.12654044
439.878941432 7882.74791265
7456.44043647 7043.86787011
4509.41862474 1594.42209538
3823.18411814 8898.86086918
2012.20451426 9905.79678292
7369.69297847 7406.589385
5519.35924759 277.318873297
6221.25330002 1549.03783172
9333.66324107 8822.79607327
9607.65136188 4959.87073867
5299.12063051 9783.3863247
1505.41209058 9178.59132029
3816.90874967 4355.77129284
1386.42563036 691.691802537
5503.8231973 481.81871403
7474.84580685 4634.07747499
1700.77645007 9982.12443742
8056.12996719 1156.17010828
4754.36262296 9514.95007024
5759.58129496 7504.43546956
8734.2423837 3436.13381581
5051.50085979 8177.57023041
3859.50520092 3469.3812189
4532.21011243 4349.28994074
1520.02289965 3210.11633674
1016.18852294 8778.5627583
1401.43370821 9115.44077944
4587.3653689 3220.7546072
7897.05990682 495.170489028
9999.50862709 7818.79616949
6398.61061184 5165.48229728
4571.60866566 7800.77486523
9247.81217066 747.582360318
3287.63762245 7904.0507263
8335.39005895 6535.03187843
5178.12266877 4020.8270705
8200.93856191 2557.956214
5684.5879396 8005.68167022
6879.72866032 1974.84867258
8118.21046625 5457.47134773
6381.11481028 270.018461019
9403.60039287 6783.5755219
446.414094093 8306.83928776
23.9027727117 8033.14959672
2919.08035425 8358.96816688
9893.40011376 8443.1778515
7698.5774112 3227.54772989
8108.95620751 7951.68196084
3107.76496358 2234.26856229
4693.11329069 2188.81124953
5758.2646317 1267.29174905
7430.73012945 6086.81757463
3465.92633655 8085.40748957
1169.78378142 2303.07502902
6568.78353372 5136.73124403
5582.10628897 9702.27207407
5427.08649162 6113.58153723
9847.33454456 5624.58811204
9762.18896167 4500.7582943
5692.64504634 103.735381569
4509.32127165 6344.15426935
8927.80715457 4795.35762131
32.1672183322 1025.68540722
4324.76055829 805.224092135
4497.76357335 7266.75755706
7700.08609468 3415.01948322
3408.22030352 4554.77342228
4714.19013558 2391.79325692
8105.2138119 4332.11649039
8766.06070604 8334.44590621
4930.11228169 9056.4342926
9550.10835935 9289.49933906
4628.01717223 4512.86360025
4451.90563045 7388.70217521
8854.28176375 6742.83047286
191.282635765 6543.29575027
9092.84676531 4470.715061
1256.03873361 1821.71172353
6441.9364385 4427.18229619
3082.38956144 9850.42036766
8456.79114612 861.148016863
991.146066949 833.86682905
6988.63392585 6683.81526529
9351.9125582 9063.0476206
4549.05830312 1871.0502258
7981.22417003 5578.00928016
8543.10928675 8584.12956902
4546.80079434 3652.86640878
671.462756708 3557.01951487
853.616536551 9681.45020418
5489.2861744 6656.41163479
1856.28825252 8977.86986652
2759.56151536 4468.739353
6655.4196109 5436.00869145
7467.90932402 7754.32712015
8925.66463223 9118.81481532
6572.95025066 1437.99895905
4180.77546795 4764.45578817
495.424710771 1133.0193422
1111.52954978 2862.76667037
5035.89197881 8004.80472161
5811.16476604 4977.44941595
236.1652951 5611.9448811
8213.45352679 8394.9123379
4903.05301678 2938.17206986
9151.52099909 3605.95630147
8006.69047187 6789.80010785
6011.46063841 1661.22968482
6991.97285164 4142.11552312
9936.04586994 6470.70982494
2958.57493454 933.199006521
4573.75564522 7269.08699372
2409.48103329 8390.83051657
5732.95076705 2114.86531543
7234.80866921 4394.93038556
3884.97320304 3646.36992462
693.469646444 301.532623043
7619.81360279 3890.62423442
5777.88654906 3523.18257447
6425.87491785 9712.77678987
5854.61194823 834.599769362
2340.76435277 1976.79645825
9796.83069355 2629.66806974
2800.7064367 2360.98562354
3151.00119652 294.526787077
1522.42083156 6545.69573457
3858.18212608 2780.82360775
9610.7047282 5840.71073397
5316.11797779 6410.72109041
5496.93971521 1188.24720555
8905.98855244 1804.39686458
8085.40788961 1514.2518931
5159.10405755 6280.19223946
4848.05264727 2679.30843096
6015.86956041 9005.34541139
4959.73833331 5872.40341593
1647.65913433 6332.75620915
4725.13778248 3533.52532354
8517.94102816 9713.21255058
13.9006065614 558.114760026
8205.25121375 3939.7247069
6156.52480043 2045.27611311
7681.59132812 5208.28767326
9673.6947476 5098.3682184
6310.03822571 8678.54205559
7945.55947655 535.907800106
1971.94654754 5909.66027693
8997.52149694 125.280894371
1459.42280743 6178.83147657
5736.12450911 5591.14893092
8481.33941684 6151.14785457
3783.07091657 6061.05312313
6092.05831879 3429.5456748
9874.8718292 4479.83784221
206.050642447 9509.64069269
1675.78003586 6428.57394533
8931.20861399 1556.86637
2059.99978834 5666.46004969
3717.23002771 5072.20983933
6097.98776087 2703.92878011
1518.14987999 7494.28625804
1482.79280901 7019.53874647
8534.24930761 3448.74868933
2304.23573924 8848.45030818
8484.09168634 9446.72862627
159.780239909 3834.05297582
1627.44805718 1676.46505531
5269.31189017 5673.2349996
8127.07671127 1893.02345421
9625.17383071 6550.15543398
3722.93029841 1288.76865135
7422.81213325 4948.23878849
9328.04354784 3462.08327438
3284.63968499 5012.10610233
903.239326571 1200.81481165
3053.69002055 1428.49955234
9115.14755535 7483.33306177
4877.70744222 1703.7466996
6411.95820531 5585.97031053
7452.96524317 8388.45886594
9253.78420431 9137.13221686
6758.91281131 982.840244733
5417.02445844 6634.66796661
1902.39767385 8559.83448866
4286.13283295 7450.30565782
8699.10588828 2538.48981027
5579.86474524 8473.131024
411.970799043 8262.12228037
3611.52874892 3297.61529718
3038.49956526 3546.92121439
4702.23770609 8591.44471989
5663.87927356 3476.31872198
3791.12080169 8136.990047
2239.56253475 1507.95257892
389.610225119 1510.14428432
528.545181449 4976.77410788
9872.10040081 8858.26505867
3508.95470265 2254.36215608
3587.28792616 6993.07294962
4329.84043837 7985.17575818
8603.23029885 3254.77346809
5328.42761584 3868.63822908
1815.50369527 7886.94573142
2278.95531708 1547.14122078
3300.03963758 2341.76073755
3235.73994554 6188.67088702
6566.84177582 5359.56426173
4944.15977606 6210.56014653
124.724633899 7873.24193057
7033.82241817 9980.7496205
3736.91342664 9162.12068482
7980.78501009 1201.74982944
5983.93201719 4140.42413947
8770.37947731 2361.53059068
2551.00788753 8682.27732464
1908.98142925 4053.96715604
3930.49605362 7743.10699965
9177.95097048 4944.57394632
3073.91273866 971.943506212
6348.33650722 2518.19394559
9467.20603464 2136.94847591
4462.50844349 734.049890987
4259.42263212 3477.04697252
7469.89091803 2077.04126552
5695.54718544 2987.61961559
7267.9341321 2231.37401988
4559.67229973 9897.98303895
3446.20726364 921.717391785
5761.50277224 4924.36661518
9481.50903215 3047.23066119
6344.59426108 29.9151862862
43.9161312621 3398.14992617
7968.08387711 7532.16141484
3301.76357992 5649.98301439
9497.20892197 4228.32413601
6040.50480427 6227.30679546
9258.98517098 3694.20062652
1497.31130634 1667.62635559
9250.5487843 4436.49393857
7763.92656893 8716.51316761
1557.38048265 2369.80758544
3679.15595919 7854.48595898
9151.72578955 580.23966294
3947.56792915 335.428776196
5045.3656147 1337.90704419
4081.99363922 69.136504784
3558.25261886 2066.9553278
8601.23188386 401.088991678
7812.56268122 6984.71115418
535.247592353 7658.75632739
1112.03275448 8421.91840851
8694.04141346 770.320201739
5392.67622471 7243.14517135
1211.1930917 4991.94635128
8170.62581445 1919.42915484
2463.73381178 3628.38812044
257.05339823 13.9599139846
3660.94510499 746.5498239
7681.87939537 3923.22770675
1772.98428027 412.053381587
7119.19432986 8320.67594157
1931.82466051 1108.1707595
7503.60124239 8967.63101196
7610.84568679 2192.20518279
9760.93729681 5605.59107464
328.813880482 1942.81359008
2048.99845806 6197.42511209
2699.28444696 8457.49125873
5520.23362541 4037.80591318
53.6435641986 2045.20626767
4548.21780261 3618.25576685
549.737135855 2324.53082973
2007.74726639 5149.6624551
5301.02660167 7378.57694566
6816.41298761 8342.43616387
161.03660509 5021.15941497
3918.50264424 3512.57313736
982.289012132 3934.81873872
6395.02820673 4832.29451121
5389.08150084 2894.48837698
9712.95581468 5504.40659536
1515.03823114 7250.88190185
671.792308113 4524.486194
9641.10633992 7321.8984174
952.988552201 4654.01997846
4413.38933636 5008.7250029
4189.65699511 7136.71610088
1407.91621378 7813.05776043
8845.55582473 8102.81685079
8221.42478684 5237.01909758
5132.25629204 3849.36853913
7908.29700239 9399.81577796
7146.22435734 6717.26308648
9745.32749156 5236.22842367
689.896325442 8757.91407621
5291.92843585 2243.7574543
3198.92042513 8011.16803544
1053.48757462 4839.19931503
9096.15285606 2096.68182806
3020.07655336 2302.36043286
6963.0531751 7954.23413042
1830.19180652 1959.65883751
6040.77500955 5965.32384819
3919.64999783 7320.58088391
3774.76420688 7232.87777273
7843.32520547 3146.80055601
313.780382851 7091.33369591
1063.5294273 4081.59471414
1062.54466993 9111.59714667
2540.29268982 1496.70391247
8451.01674666 6571.80669798
676.280791799 6678.84783306
7907.48619554 5661.03150558
9924.3111575 1443.04712647
3828.95842979 35.578156646
