-2562.4301742 1593.11829887
646.763111829 961.463422063
-4445.66821357 -5272.10597901
3863.47701113 612.430857589
-1739.34326139 -5790.71230819
-1711.01538672 -481.414837366
3013.99290326 -79.1572603102
2855.13897332 -2594.85511021
-4251.33913696 -1807.67684755
3384.90988299 5206.47826465
2275.76292452 176.096734748
6106.37395255 -72.2276354729
5538.50091787 -949.625125357
4328.16775584 2257.74530434
-5298.36400801 159.054680069
-153.59984442 -5931.57615033
-2271.43878023 -3195.30258447
-472.673543536 2881.47733177
4291.19813404 4877.03861427
-87.2891981719 -2781.84015722
4844.35276154 954.725095853
2056.2253171 3438.6591966
4052.06675572 2108.13654785
-4560.14463624 -361.543025841
-958.144497723 4833.63893045
-1038.79187145 -3073.47026271
3530.92251337 -5126.75773096
3064.51696572 -4263.33182863
-1732.66868531 -3698.51096616
-2554.74868154 199.985262518
-1514.44137977 6105.82146043
-2496.07149429 489.147294758
292.39260334 -1874.00846264
2275.37121952 2996.48077081
-7071.06781187 -7071.06781187
3717.51841974 1878.70937443
-4880.87068677 -3596.6718052
-3161.14314885 2814.85070738
-3469.93872867 2657.41815008
610.080200905 3865.46958366
-5170.69476808 -2487.31485535
-2913.19696169 -2009.72877812
174.509018553 -3889.0747114
1984.80338622 -2709.24123043
-1021.01718608 -591.306737784
-3031.88558777 3145.07435554
4979.20728318 -1296.21432698
-5849.79752502 3000.04288503
5705.05744233 -3997.46397059
4390.06462622 -1979.06072897
184.555382159 634.765211607
1633.4226097 5527.38536831
-1318.37050809 -6333.0614313
5433.16434523 -3193.01862654
-2346.92816878 2682.51079259
5321.4430005 -1615.93887764
-3898.60718844 -4391.55592767
-2926.78804317 -3887.49674769
4085.00343548 237.856126799
3113.54381273 6198.56106657
5368.43794723 -2330.49440013
-5519.40571654 -2090.96851441
4845.59403694 -4260.36691732
1764.22878808 -2534.514298
-5238.13714398 3548.01644548
18.1233163663 -3202.52137171
3892.39308946 -1863.71113784
-3511.73356534 1137.63616507
5501.57987977 -2953.14982857
5309.4301192 2532.49799484
-1672.20277921 3787.37490495
3075.41470268 -3587.3511889
-5228.82798587 2072.48246748
3549.55524965 4070.13475496
-527.58047848 -2799.99357357
2351.76639872 597.745546969
-2086.9224262 -775.953430121
624.541331991 3470.26587884
-611.88196198 4350.45347109
-1714.99160171 4048.97414687
144.260920403 2341.22791727
-4540.74192461 1074.54627385
849.743009806 -3632.98653661
-5756.05168889 1504.27393764
10000.0 0.0
2568.79232221 4829.05806341
4828.47294379 -187.56070856
-4103.14569834 -923.158047967
4017.27372262 2788.99711963
3526.77464598 4670.77810032
-2206.73508596 4914.87881865
401.006213565 2200.52556986
2657.97307667 1161.00613393
2711.65443733 -44.399542903
-1662.20356154 6754.36070402
-7071.06781187 7071.06781187
2908.70174439 5658.28231099
-5516.02761453 2146.16764673
-2153.944175 -3411.63620194
-940.110288082 5030.44348739
-3062.27806347 477.734902602
-1980.97742785 -2113.196436
-6233.79145685 2840.60546655
-6359.71074805 1917.13087512
5525.91514434 -0.990197372574
-1339.99843161 259.341700014
-5183.51861746 2706.71557831
2272.03407759 -3988.33136772
-2640.00046295 5988.90855727
4399.72672143 3018.01151312
4855.97597328 -3854.54069627
4140.9166079 1792.74996525
-2404.6835067 -5990.03676367
-1213.93581865 -5631.12443596
1450.08145168 -3747.74130645
2908.41693987 4358.53183151
520.48272094 499.065472178
2112.95499027 -3660.23119911
-4154.67190028 5025.2824637
-851.001979142 -1998.94205641
5804.9673256 2897.09918373
4195.99459008 4966.15019837
1231.86968372 6325.2334898
7071.06781187 7071.06781187
-4698.91392425 -2246.41915442
537.626692508 -6436.23141615
3623.90858749 4545.90860008
5864.65289008 -564.367532149
3124.518727 -2048.30219664
2483.64688208 -5135.59945983
3446.48266797 -412.162357428
-4690.23345509 947.013108801
-4912.83673342 -1220.00826135
-3199.71618657 3716.46970384
2233.4348905 4886.44724963
-2818.94264113 3099.11629081
-5047.90606968 -574.328786035
965.128133652 -992.660486201
-1958.20947226 5360.24878316
6497.80088676 2505.67403788
-1305.25015916 -4976.64734057
354.617172608 4019.25101604
3958.37418721 4724.06036657
-1825.32022065 4792.89824119
-6338.72085553 -1085.96781525
-5410.78714357 4399.34111581
2666.61925643 -3322.00833667
5608.67120325 -2481.2506909
-140.064125573 -3355.35262064
2602.1689609 -3915.92092745
2631.05703363 -4730.12336909
-1.83690953073e-12 -10000.0
5502.32154845 3033.54165696
-269.022952061 1373.23280428
3490.83908252 -3287.07153402
-3499.44623071 679.177035109
-2417.07716562 5602.56256188
3109.02991258 361.700710785
5870.24894164 3033.83728251
2588.44807082 -4261.24931742
478.65497396 1280.70467672
-1963.75678364 3912.0588318
1364.79896494 5367.21443622
4704.07901441 4073.43395136
-2726.18615501 -5300.71622763
3318.33087793 710.804536077
2793.39642974 2837.55472019
2185.35341784 -3398.06676039
354.31662845 5122.57216958
-2587.86678972 4428.2536867
351.026237042 -4593.64963044
-4421.30875497 842.347588196
-2580.54808835 114.655795209
-1430.76491965 5946.29633608
6040.10985863 531.079971528
-6838.25631459 108.559093017
5561.27095645 3588.85247295
3146.44202167 460.633058405
3836.44811173 -2732.21284246
7071.06781187 -7071.06781187
4631.94952778 -1077.11975283
5129.36960306 66.8796263374
5361.66636183 2151.91568714
5238.58649924 -2165.28325072
3735.02122007 5788.26475674
427.670835947 -268.928329888
-3195.00000794 3487.20855774
2559.87331969 5306.22290277
-1032.60620312 3688.967818
2185.73414044 199.299289894
-404.633591244 -4740.00535037
1137.06988238 -5978.64035319
1425.15601674 -4051.48693945
6.12303176911e-13 10000.0
694.257889837 1516.0308673
-429.973407129 1724.51515146
-3423.24119778 3664.7013457
2461.48939594 -5575.88135664
1833.53630823 -4971.2245704
1062.57511482 -3557.18391673
-5982.54731358 -43.3545436989
-1415.12259758 2425.76734561
1636.09759145 -1709.22997089
4793.3779216 2087.90174879
3320.96087908 -5144.07674986
2152.61014825 1159.00996353
-3758.35104167 2190.59186504
-4396.58996115 -4531.56814476
-300.512221511 -1934.52840909
4112.52229108 -4451.5976377
5240.86509678 3322.78516903
1369.03537172 -6680.99401377
5100.37653767 1469.52858464
1732.98672504 -4457.7164547
-3712.34375132 2621.09843149
-3543.32341265 4958.96900464
2991.60884765 -4310.61518465
1752.19378985 -5233.63501095
4008.08207441 -1397.08777113
1637.04195447 3191.0874723
2551.50918039 -327.793198162
-758.608479233 -1246.5624575
1799.59165435 -509.128150784
-5815.75253168 1510.85231445
-957.650746313 -5183.30105504
1814.31881857 -3187.79268446
-3912.93793145 1025.86375705
5544.18229737 4037.50011755
1033.72701788 5501.19887191
-5883.72664857 2874.73001089
641.155937565 2006.2832111
3018.0019213 1995.62995105
1894.38463095 -5096.6846298
-527.435676502 4612.19334648
-1129.74967483 -3017.09028872
1951.60206089 5589.52499427
-131.828299944 2730.33657474
4189.57431717 5398.99740762
-1127.36495701 -1354.95475317
-116.995468916 6776.22876169
1462.64223568 -6126.5226616
-841.212377277 -5768.19183041
4415.21427048 -901.463245599
-267.257820721 6382.7455444
-906.702054718 4968.9976999
2219.35093264 -6519.51540869
-10000.0 1.22460635382e-12
1007.78875747 6708.84600258
900.840448702 4429.18928446
143.496856068 -1107.283117
-3248.51975871 2837.04206963
2675.04391284 -4738.95054369
5413.49091911 4359.39473347
-1780.44290324 -5720.94392757
-175.754125254 -1792.76349619
6097.71134284 3118.18144889
