2088.10895756 5892.47776432
-2964.73288351 2108.46802448
-4458.44837003 4422.40892965
-4687.44702445 -1819.42039013
6696.93553156 -1952.85917478
-5181.24617457 -3416.56478592
3700.38082197 5125.7121813
2183.30222387 5882.50366539
139.245890726 4728.17538687
4259.54211879 -3886.50428309
-2535.81422141 -6266.77952677
-3025.24000994 -4973.74163995
3696.53985441 4357.52562994
-2798.54649516 6264.79818892
-4087.99570779 4388.41150125
-4925.37291306 2735.84466858
-105.622911099 -383.626657439
-2757.09138812 3741.50388416
-3980.31474854 -3527.79828857
6067.5442718 631.222000951
-568.043296034 4484.26667948
-2010.99971312 1363.18547878
1089.65705765 -4077.98408308
1277.05311009 3122.6390731
-3632.0594715 -3749.67327779
-184.323267824 -969.391483388
-760.643912608 -104.627876541
-5217.36043811 93.5434382937
4557.88775365 241.388039387
3862.1584864 5768.64603416
-3746.47019595 -3175.3858552
838.766112762 3133.38781288
-1356.59771315 -4146.48322616
2763.9976006 -2553.93749656
2252.17870069 -34.8815893156
3356.30651293 -3687.6205205
-2086.72240829 851.02979162
601.538922395 -1752.60393353
637.86564484 1243.1476722
5091.82206808 2488.0201617
3382.88298642 -1105.18650617
-987.596962333 -6732.76595242
2322.5958114 -1715.58418795
-2194.71761364 -3215.34045891
2866.25792424 -1484.21683235
-2618.07371057 -2888.85254466
-1080.52431476 2491.19116128
4918.44607538 -3651.73380334
-804.977921424 6319.26074985
2983.62295067 -5683.67637218
-3565.9983712 -654.315233323
-327.504455403 6266.70723825
2460.65474096 -513.485097188
1348.05676923 5388.98655526
2716.96550243 -3403.28767002
-1702.44864242 -4046.17467469
-3782.87693123 1108.34151271
507.08890524 -6033.943241
-5902.77166028 -1592.5530941
-6324.7281774 312.903677685
-2758.54821045 -5292.79171522
1587.93062492 -3646.52588236
-4130.94655646 -1590.42078661
-676.284853516 -2206.40588057
6459.28680131 -336.181428269
-2174.12064186 6130.94469453
1059.18138155 3581.58607048
-2774.11911368 3397.34353858
-5074.12058283 -2312.84876245
-3437.37282396 2694.71526355
2557.6108308 -5028.60555013
-1748.10102669 -469.578135904
2636.32681445 3576.25549481
2540.35533311 3458.99243822
-3495.62725196 -1210.12335258
1704.61674224 5461.09829745
-4205.17797174 3044.70647084
-5762.77246785 3768.70656099
-1417.09518815 933.42793787
-1286.40816178 1515.85008216
-5412.32786436 1709.44816123
3609.00867938 -437.952561439
3346.55251595 -4526.16400617
196.833346681 -4420.36484893
-3314.53531337 -2655.34542353
-2958.48159587 4642.58363959
1686.74047683 -2824.96634019
816.489195739 -2754.02204519
-1765.81630857 -5461.53308
3932.80501917 3995.10906558
4346.49350838 -42.1110478282
-850.333544987 3581.23733569
560.286864333 -872.733312059
-5911.04716699 2097.66507816
3089.96091232 571.985557145
-4297.89811105 -2456.04694914
119.486478997 1028.57272471
122.09979432 -4627.05648429
-4354.95804964 -2659.24598469
-3786.56437417 1186.12884791
-3314.24701546 -2423.14840911
1851.85975847 -3086.81809899
-4989.50421958 -4530.52927101
3822.8458355 -3975.38174559
4156.31872296 -3821.58796645
-565.160263492 -3510.41321203
-3813.80251425 -2588.13516901
5103.54449784 2933.90938335
-5118.53428087 -304.758206164
-4847.34794305 -4995.54039095
-1263.78923897 -1715.55903569
-51.9240793441 -1524.74464198
2126.72824541 3330.85629538
6638.52891266 -1015.24263003
131.659442943 -4266.38625058
-3911.29184816 -4632.00077609
-1216.20979289 1557.8164895
4077.67606726 -2432.34790703
-5645.56255888 3087.75409558
823.841370565 6790.0665433
-980.161146309 -4434.0549443
1091.03348871 1708.49042012
-2171.82899245 5892.20660893
5157.8060766 3261.26922531
1128.95649854 -808.847820177
3129.50253428 4769.60413709
2435.34427953 2628.27156581
-6458.12305906 1992.85205706
5654.53493841 -3314.3887409
3750.26351541 -5817.40272134
-5067.62910632 4018.34278174
4532.98955829 -3749.48209179
743.004044851 -2486.15816736
-6430.36544939 1706.69713594
5274.6239979 4238.60067274
1103.09289488 4804.25677856
-835.754335469 -3001.22219258
6390.34597909 -1096.28478375
-270.487458136 3526.65986741
-4103.97489569 -3675.38764845
1920.04575438 4629.37494881
-3331.29198432 2001.45611992
-6662.31322028 1984.53763623
5483.30802436 1719.3267274
912.974905532 4467.58988934
-1814.92440263 1968.10366056
-2858.44982528 -630.440856985
463.237934258 6367.81632884
-5931.5221144 -1864.877661
-2620.66047138 4197.3336358
-3869.40283332 695.555851518
3788.84509196 3065.34148492
4553.1776625 -5147.74131309
3554.70799186 -3391.85130338
-2805.76693501 -4869.84911382
5674.67212696 1909.74134233
-4897.69144489 2503.58634034
-2172.4778706 4188.45185273
2152.20876839 2269.07516409
-6572.70535435 -453.13505029
-2021.1243535 1748.29277106
-1560.1861083 4405.16237003
3193.92926 2634.43044837
6591.20058744 1510.44712482
75.5399984345 5221.64460311
-907.486769304 5314.80756333
872.850459729 -3003.56591128
-1843.90155318 1339.44083761
-5541.59740885 -3894.61179634
-3885.4413072 4732.20621213
-2967.82883441 -5113.18302625
1273.93753891 -3941.77344443
3841.47690926 -2464.34331549
1504.31183413 -6327.39262052
-814.555501143 -6729.74273737
-1791.21104098 -27.6783514255
2775.76239443 6196.45781388
4918.01939178 484.066524415
-1405.45440283 5256.42804077
1344.58008996 293.308847141
1509.11944017 2831.12299646
1738.73852967 1381.48720147
-730.879528098 -633.9261023
6715.17846123 143.803625384
6349.50979899 2687.63350837
-3024.56823366 -5714.59519186
4081.78493997 2393.09765297
-4347.6501493 -952.236420145
-6134.56860443 -3330.58911537
2036.41880955 -1198.82732876
-4361.3687251 623.174956174
423.92370119 6416.18307795
1077.90610833 -41.0698406317
3672.88974579 -485.046370377
2206.2482474 5242.52612327
-3671.25936542 -1602.43151099
2513.22412516 -4696.91569492
603.358303526 -3077.18747509
324.342200788 38.1671041643
-274.325018478 6872.94041377
-4728.10293007 -4056.9275732
1499.03654201 848.106193154
2337.85556623 564.534370064
5938.38218382 1247.14116351
5622.08164356 2036.93212005
5746.91371683 3725.81940934
-4437.01241245 -4446.69713278
2264.39121911 -5877.93733452
-595.687339409 5819.56255163
2429.44712173 -3992.18777313
-4045.2759142 -1543.81752843
-6489.62011961 -2156.68624453
-3272.1385089 4284.80847526
-5039.31371284 2608.21257734
6405.99288958 2516.20489444
1258.05670441 -4373.76131802
-5132.65458227 -3801.36919396
6011.7805247 -1015.47735665
1808.78236223 3266.23823928
1622.56392954 1956.78982035
32.7150158306 1547.84706535
4958.28475427 3548.37350251
-2710.89652374 4650.65996056
-5207.65647901 1581.56426982
5023.18870626 3092.78572177
4851.01917339 1917.92500901
2833.45592472 -1571.35837395
-1200.98445373 -2312.31709076
1248.26068468 -4574.18442906
1874.76156162 3152.68916603
4950.92972041 2905.85929548
5837.24989312 2999.71512219
-2613.02533648 -4630.53037662
6850.24111516 -339.453018338
4997.45075592 1039.67570443
3948.63001496 -309.671503656
3354.40190649 -5478.78653572
4503.64987285 871.967200577
1757.85688126 -1301.96244058
3831.72151093 1391.70933551
-514.809829909 -1652.15104199
24.4576435714 -4965.47027316
2524.62715653 -1090.60296646
3779.70769615 3304.88739907
1399.7209722 -5785.89187895
4424.33401965 -1912.72772267
6195.69565082 2483.2902679
1443.17321602 -603.708492107
2166.183727 -56.2179275518
5891.38124559 -2267.68061114
3835.23511118 4780.85374482
2509.50185091 4788.05028879
1682.72062453 2793.40257784
1286.10051318 -3284.86101079
-1556.40019556 -3557.56009831
-3855.23949454 -3893.67487387
1077.30633129 4769.34940213
-5576.30601918 -486.584790696
-974.581351678 -4825.65519416
3198.22981547 -4739.6727836
-2499.69863423 900.29771129
-662.797895727 -6351.52089992
-710.768572224 6243.43039137
3780.11014217 -2450.36622884
6794.641766 1078.99474429
5398.45345862 1271.2184952
-4408.64452787 -3866.49508911
4939.38672153 2142.73532873
-5151.38535999 2607.00922733
1296.85320587 -6667.9419311
-4418.69743274 -2862.9532979
-5523.1038188 -4056.0068488
-1982.47402556 -4586.30708033
-2980.29096675 -3587.49061718
-39.8936354143 5235.89383619
1747.79763891 -4173.47465761
-1289.06445216 -4035.24604372
629.867510769 -2449.18275188
-262.808097518 2345.89282504
-883.342665854 2646.41913146
-1118.13160926 -3810.12058214
-5295.81107155 1233.82648377
1787.84058316 -916.767486146
1775.12272511 -3728.55186037
-6045.39705573 3500.12056992
-2219.80246452 1610.74954138
-3921.01454561 32.2539027258
-6200.21180914 -217.584746106
-5393.05011009 -3639.02754002
-3180.54946198 3275.06869055
-1472.69051812 313.296016314
-401.952114783 6564.80609668
2839.20764392 -1989.91650102
1354.9877211 2900.98372332
-4236.28941851 -296.393848199
-351.783917475 -887.674964969
-2639.39653564 -88.2400435878
1944.89072563 3590.64002521
-41.1211635161 5087.99459838
-23.8586292105 6964.99877893
-6381.70865579 -422.356119784
-3745.47511413 -3432.43825967
5677.44221678 -1527.70155073
-5892.80537752 -2253.73006498
1222.77308675 -2510.8585651
2559.67054683 -4141.01058687
1586.63816031 5949.10617318
-5571.73025097 188.422966198
-4382.17647549 3539.28301438
-4527.04937498 1779.72064392
-572.971581987 -6784.69007297
-1378.16754633 1107.26456901
-2452.13723507 -3221.43200129
629.001068186 -2221.38263611
3379.09312011 1239.97038957
-3962.82545991 4203.34807149
3289.85765366 -3165.82977071
-1441.39729155 -1417.98721947
4298.88208868 1494.08182077
3980.2250433 1323.05525117
3625.88920103 4222.35123624
-4508.55755215 -5320.25400161
-1021.91232627 -3996.13195984
920.114088346 1750.08796955
-3855.57741274 -2698.55949815
-3502.61667167 -2325.66560756
952.744514972 -6625.0523216
-1943.366691 5821.1909687
1491.45630502 -3629.03004899
561.675109788 -5837.57277355
5629.80949461 2261.538061
-2992.06378662 -26.4386539612
3265.55372189 640.669877377
-3643.67468968 -5003.0556943
-2592.15810047 -1722.86874875
2707.91166149 -3703.61948916
4874.1696981 817.219656667
-6130.82833078 -1926.6410357
1450.33222406 -2433.02627306
4234.50290306 1162.72379386
-175.095763398 -2198.63619445
5709.71880992 1313.84447116
4016.2915933 1259.77884148
2655.53356385 -897.397933148
500.351850197 2536.66266692
-61.7943888229 -584.670385996
-4041.30642102 3593.26590674
1492.38319889 -1670.78712353
-6075.49870325 615.103500734
3732.21226016 -5321.8263869
147.24823141 501.024888742
4118.14614167 2267.72462994
2622.38066854 823.815790733
3594.3089475 -5260.37044841
-4984.68485343 697.042318779
-6204.8402586 -3020.52002903
-2317.92688764 4294.77530835
1529.48403174 -5310.47086103
1659.9210199 3987.12665625
5398.38577249 -964.161881931
2143.81679217 1253.53222572
3646.15312338 1706.99246237
4835.91075001 -131.770010526
-83.1102051672 -2607.16937567
5570.67592981 -1977.37465218
-3859.31304476 3293.81348073
5575.71923523 -3243.32655796
-2870.55520666 -2540.05976693
-6673.01400732 1.36311158489
575.399171822 4235.45599176
-1597.71351126 -6005.31265391
-1487.25028878 -6203.40841035
1023.57029725 2469.98798693
5383.58513337 2950.68608656
2938.75288172 2235.56203896
4173.55776441 -2694.46434581
184.549277028 6518.38021608
125.058586321 -3824.5385559
-4924.65208511 -4769.13584999
-3422.56443599 1420.97320439
488.160279451 -1716.28610147
-4688.54766327 -2642.43398737
-2434.20272007 5118.50801278
-2240.78093116 -5445.17564102
-4819.56692792 -4157.57480571
-3221.5508959 196.376592654
-5673.79258604 3926.09684411
-5300.68342151 1200.06756898
3396.7418877 -1253.38746737
6002.86090191 3403.36127961
5958.57996091 -1069.9228397
5918.93544645 2431.51452773
2099.65034092 1091.70258051
559.656006494 3122.55728277
1655.79576875 3008.33881663
-2649.44231261 4278.83640153
-400.927555848 -5632.81249387
-3166.30663883 4742.87567917
841.033296281 -224.256901307
-3672.08292069 -2329.20495779
-887.545089044 -4872.60812646
-988.668887925 2545.3936711
1983.93158853 -3094.33349337
4837.09194204 -2916.54170498
-5244.20306697 1628.25910661
383.834040486 -6153.37587371
-146.137452632 3546.06268049
-1842.24773342 2994.01619363
-1410.12593876 -2404.14119798
-3255.09742765 -292.12959467
526.184047331 -3153.61749317
1036.09015755 -1783.93342928
4229.0792965 -1113.83617097
-4081.31984868 1023.28692687
-1850.65870929 2666.82642938
2618.40967927 -341.725909101
-4806.64663002 1342.27705503
-781.887469224 -5929.08644138
-3053.02868503 3079.54794789
-3864.9479017 -3215.81698291
2587.95721331 3014.66969783
109.371744703 1348.1292839
-2885.70357939 4351.78134929
3815.82504895 2965.73164857
5013.71965992 -368.451853805
-3038.97606825 4129.75463983
-1019.86965808 4366.61008457
4866.13423727 -2892.9828404
3164.94206285 4921.32446249
-6300.08243157 2432.46736748
-3581.44605966 -5630.87294584
-836.387603654 4847.44714692
-1728.30889929 -2228.65207813
-5500.01874749 1871.09402517
-4052.94885251 1845.954664
-2838.96586476 -5543.64089175
-4288.25824817 -294.733948753
2206.26946249 -4776.76095832
-2008.17853439 -3899.24267454
-4476.54854987 -398.558098307
-4646.34229159 -215.228786102
-2241.36963014 -3518.66594607
-4790.86277734 -1697.83952845
4545.01926077 3213.76929919
-6295.02814943 2693.13916387
4851.02563697 105.474288499
5527.44458527 1796.73516993
-3082.85053742 2430.82155174
1847.27319366 3605.28952806
3448.72925346 -1501.22372318
1916.58691525 -1732.61879539
-979.678561459 -5805.84608114
2459.53502655 -6526.70661531
-3501.83654326 -2084.18862304
1482.00261643 3538.63990363
-3325.87450892 -1741.77458766
1630.6249536 2324.2481007
387.895973252 3184.02523119
-1434.19156019 -4200.79243713
478.357381008 -1688.68873723
-269.268453607 -391.633482356
2841.38329838 -1516.63153778
-1750.18511641 1482.26983182
5064.29334668 1329.65967581
-5741.33115351 2640.65568907
-4881.44238453 -3068.83706388
-2144.4746071 -5028.0468776
5976.93170617 3488.90566496
-871.196124272 5461.16132944
-1118.86124384 6823.64313781
-3922.82073921 -610.93753742
2573.50318355 -5980.81401171
-583.898045116 3428.1342549
6335.89405856 97.746025767
2430.31317834 -5484.82170455
105.976281588 -1907.61966177
-655.213412663 6925.60777
-713.021799476 -3735.37374416
383.263624989 -234.399172993
-4670.13711516 -4762.49531603
-1251.46096605 -6256.87961286
-4754.77037934 -3921.35241875
-3079.9373131 -4264.0249926
-2872.57613989 -4441.36478147
1693.97582141 -5747.79992384
5782.53749186 41.2341804026
5609.80729581 -4156.00962254
-744.199729524 2510.61333051
-468.985449971 -6397.1294286
4398.8900301 -1713.57972731
2062.55119821 -5833.96902194
2910.34147215 -538.364163875
1253.4914836 6151.20723515
-3337.98837784 1031.90645127
-1666.36901097 419.641676459
3853.65075708 -5608.9352797
-3293.86123611 -4718.94245237
-1459.87434814 1324.48219089
-5567.07155789 -603.205164206
478.969556872 4324.03473323
515.840873349 5255.88815636
-1486.99874768 1845.06943182
4663.24933387 801.855032215
-4251.02402544 5487.47951047
1069.45174448 2350.17073571
-3504.79573279 -3328.75031187
2417.53383181 -6397.09311852
2059.50413805 1342.20156866
-3006.62554915 6045.46388816
2874.49136863 353.522163251
2082.4209214 5629.87714086
5765.91789062 438.489943353
-3446.9312958 5967.79722844
-963.571883504 4483.35708795
4579.6065225 977.705071579
1904.76008989 1156.39251148
-5585.93368617 3690.29902597
1430.75125977 5189.59815497
1067.81197493 -2739.91793267
-1156.58874382 5111.43986381
-3965.44138348 691.810802004
1955.47731419 5168.50735208
5323.87202735 641.051979991
3703.89510971 2291.65222796
937.435018976 1212.87214785
2737.72346289 -2927.25937651
-1520.0103302 5401.59243521
4221.33435855 2013.28280581
-3997.79471167 4627.80653259
-329.558265065 4858.85786412
3196.42209508 4686.01314935
-1928.25774407 -6222.65051328
5121.60403306 1701.04590962
3094.54858443 -2821.42841688
6644.54658444 2154.84283545
-6122.39695793 -518.695644369
-4725.43460578 -1763.94802122
-4492.4815812 2776.48331617
-3105.08011394 -2715.12305708
1197.57805217 1106.60853782
-3743.47484434 11.9464663676
-894.701555997 -6223.21607567
6.12303176911e-13 10000.0
655.222339686 -6442.33463014
6177.31277517 -366.744208061
6211.58275173 -2513.53437776
-1145.93236668 -1963.75448528
4953.92413686 -3676.85846878
4079.85933793 -5376.36115375
-5590.50442144 3602.87793801
-6783.66435662 437.09841337
-747.071695861 3854.25114024
-1227.73492242 -5706.8906353
-2202.93740082 -229.203701746
5541.46810722 2199.48881501
2838.66639393 506.970546476
2950.48039995 3654.42190806
-1736.35982545 291.548969797
-4862.8973923 258.827045923
2951.30297616 958.35198198
6483.48471097 1650.47952553
652.146654486 -3059.87337186
-683.776785911 -3203.97648258
-989.919244546 -5404.2454075
-3562.43047889 2714.43046498
4692.54967611 2161.59270446
5939.64495748 3645.30287006
3230.82691621 4691.36610958
-3314.06946597 -3646.00899213
-672.630395183 -5939.08713687
4671.37753439 2429.73878894
-2335.9438363 -5647.5255571
-925.226937021 -6445.65508498
3541.75067869 -3822.77883002
-2036.51038945 3983.29773292
2283.29400065 -4493.78633473
6264.76724555 -2265.06850915
2658.3972236 -2166.59360349
-1308.00073338 -441.532151921
4257.14951404 598.297225972
-5422.5141048 -3133.75293994
-2450.10536086 -1279.21779521
976.291440764 -726.307937057
-6023.30483127 2401.26548071
2876.12949814 700.70923027
-5701.80927103 2075.54773644
739.238271003 5477.89642731
1318.58163345 -4948.46651465
656.486631096 -6898.2960049
3734.70292478 -1255.1471203
732.6298243 -3471.43476502
3966.70129513 -5673.20685088
-472.848397967 -1121.70785358
5228.52953266 1114.71275102
-4131.88672825 3518.6764923
6429.15875351 -208.042619652
6695.30603956 -1156.81296206
-6612.36549257 -1531.6021114
-2196.43833736 -6147.82569424
-2409.39308924 -2879.83748368
-1587.90831361 2729.20485455
3101.85828889 -734.222253309
3996.43441728 -826.948784959
6530.81731675 1372.96768764
-3771.75548729 1707.15852745
-2489.95285737 1679.20514843
-4296.97769551 -881.28384887
1967.6290542 -5007.66064711
1883.08938296 5145.97567102
952.60476144 745.746387027
-451.504225691 -1506.22814006
-1320.00186063 -3311.65317246
5044.11267742 -4434.00444964
-291.159481198 3951.4364797
-4702.59605868 2531.19268409
-3686.72664765 -4644.45739592
-4468.3990912 3233.76885575
-4811.2375891 2275.2442705
-2125.87546923 4085.76646233
-207.446009948 -4023.49904059
-631.728708209 5077.56884864
1251.99277311 -4132.56362872
-1597.54390891 11.3591968574
4800.9432705 -1119.43782773
1496.45584414 4400.95046582
4672.8375542 -2540.28858506
-5388.80811389 -3411.36760083
6086.63894609 439.044825633
2537.75712824 -3625.82659034
1147.07325186 2592.78947272
-4433.03405277 -5307.73728306
4301.6059949 504.381424641
-2167.52187208 4118.54434772
-1462.19377144 -1991.75810803
-3622.25993772 -1404.39483888
2061.34507513 -5520.69223431
-6000.36534223 -3582.05027941
1908.59770062 4974.93052017
-1598.86788864 2156.58219697
-2347.46878508 5307.23198636
1563.21761078 3723.49334397
-5742.9777903 -2535.87447392
701.918224995 -4915.84466926
603.462635432 4491.58815424
4000.02837917 -3213.70428328
2766.57678996 -1235.14440546
-56.5353524267 2234.17696164
1155.80316401 4036.84481052
5924.76133807 1397.39095649
1164.09377964 6622.93862818
2786.00872651 5886.51791079
736.240862099 2719.9274694
-4273.8730433 -1631.95632447
3031.68770874 465.168725463
3601.51483087 -1018.28225298
-1652.76749348 -4162.77704845
-2407.04195936 5498.67945655
-6605.36457945 843.675598317
-5019.23088164 4710.94723648
6735.81073056 -1525.10110554
5908.21620906 -322.61085529
818.837477542 554.716135216
-3360.57563068 2006.57975394
-1399.12583528 4329.02868469
-150.464622659 5543.0643341
-3481.57106526 -696.0534631
-254.411297687 -3222.69741541
-974.242872352 -600.689936029
-2251.32287161 -4116.74490138
-1326.59753879 1534.98874135
1334.98613905 -6105.5228593
-3033.12022938 3330.0175521
4017.0897552 -2409.71258824
-5788.47571714 -1675.73058565
4520.54024011 2844.24103168
5753.06947701 3905.37536546
2423.98635662 2922.23393401
1404.44162733 5118.19062158
1662.07338115 4672.16044212
514.709261395 -3727.82854098
5598.46680653 1450.30960941
379.589434241 2159.03402788
-733.266993906 5205.17567065
-3764.88482363 -5745.46149521
595.347939847 -762.612963902
-2088.40144845 -5086.20108241
-4082.07068001 2923.11386758
-1583.41053581 -4698.41143321
-3566.56995935 1950.42191984
-3888.62635449 426.524905529
2380.29878448 -3386.11989664
-480.97720844 5473.91368595
-10000.0 1.22460635382e-12
1519.98184236 -835.660820596
-1700.92301036 4491.52502719
-1283.73858342 -2310.24338473
2026.75234849 -37.1543248648
-4661.01852321 -4092.69052073
2662.02772298 5431.8020943
1519.77930928 737.673905804
101.894100201 5806.13024993
-3151.14763938 -2419.68185648
-87.1168868571 3236.08616646
-618.769600405 -19.7982438198
4533.27046699 -2491.27611168
5640.25137021 1060.49285958
-3196.04029525 5133.48103934
423.671784021 -6482.0228501
5895.9536336 -1875.07926728
2443.13299711 3867.32772389
1782.43642492 -1832.7141646
1478.44843876 -6342.67262916
-3698.43723514 -5790.04409253
-3314.52424978 -1206.01518069
-5044.47074674 -3732.12996521
236.233359911 4329.42235342
-2521.33972175 4045.38995977
195.825065837 3479.26305395
201.815138146 3504.5983359
5167.15343657 391.112350744
6224.70885804 1071.244095
-3539.3788395 -196.539510065
-2838.50767057 5671.11391548
-4058.16213796 -4376.79519976
4672.2414261 -1858.82818667
995.506826673 -3831.39305809
632.684259602 3787.93738903
-6310.33201209 1820.86560031
-5179.91571824 2725.81888234
-4783.82241786 -1096.12595289
-5425.48253333 3370.92875669
-5616.78459499 -1580.98475334
4911.47868128 -3779.14688627
-6434.52793901 -1947.97071139
1012.02762563 -3984.58953524
369.888721115 476.363592121
-3755.53912927 -3018.28981968
-1064.79122348 -4872.97298568
-643.497333075 -2394.70333701
709.396131822 -3512.96915616
1842.46292275 3635.64807848
6435.17074527 -2459.29193952
3390.51711694 2556.84742616
3687.25263251 -4314.3225724
6963.17506513 221.490979681
2269.64623054 -785.49112635
-792.881209437 -1745.56991358
-2735.71575087 4.31160294429
352.585459923 4441.69041088
-3993.50447209 5309.93329276
5472.60250833 4014.83013023
1271.41680462 4754.20856725
3780.96907583 4530.19906787
4895.86779473 78.8120566661
4355.07790393 -284.792939504
-1300.2961376 6816.99403679
41.4587455235 1548.95812228
-711.553945879 -4665.84592244
5977.61364704 3343.37853486
-588.682966544 2289.78900037
1087.86191136 1046.02857952
1902.83011151 229.391023753
2947.25274244 -2010.57859365
3740.79758119 -4895.34639816
-6150.91257183 1664.70886936
-5144.95824522 -853.919015045
-6566.52694907 -1112.07828301
5802.59404715 -3300.15626658
5121.33190582 2429.00363155
499.054504074 -110.875203045
-4542.99817618 -1131.07694141
-6351.24752822 1448.0794295
3290.44700197 1207.04539367
-3098.23661497 -3439.83318645
-2254.44015854 -6505.83872323
179.425437625 -1689.55408576
20.878745285 4975.23151382
-5201.57198516 1399.05584147
-6852.58132948 -1099.80424397
-4334.94856475 1185.07614188
4449.03742006 -68.6368519224
2037.97341255 6425.49463337
-6000.89325137 -2577.20903112
744.589747763 4561.7522145
-3031.13779109 -5854.00553287
5149.25880338 -3993.29340394
-3567.70835856 -1692.88924976
2553.82053544 -6006.08406987
5124.80297516 2188.14066057
788.340817364 1525.36534223
-4296.62499254 2924.73380412
6594.96374225 558.959433122
2093.42283873 5755.4248122
-1120.93578519 -6565.92048766
4249.26951395 3327.92337721
-886.144369218 -3206.30165035
3510.12457819 5639.40660178
-898.721117682 1829.25640133
3216.69279371 -5627.79732482
-3377.97690058 6117.26763825
-339.742441189 2657.55939942
-2544.75973453 6287.76243242
794.163597686 -316.294244155
3974.03373244 5419.16752139
1816.36262689 -2589.63952947
2273.61556565 6185.5547683
1432.78395371 -5076.50575205
2528.36410163 -53.0950507658
2772.29466431 4311.88566446
-5033.96169493 -1895.87775277
4111.72197011 -216.707134548
265.795597609 -6549.45776932
-1880.99636463 748.351342041
1641.11686971 2738.73672497
-747.129377979 -5473.11052937
2296.79218244 6425.06431319
-1407.59677748 2389.66116272
925.881142216 2845.2940403
-2489.98091078 -6064.36616021
-910.83139393 -2258.4538314
6661.44854664 -1679.592451
4900.89178087 373.7866549
4828.8362466 -3998.65747374
-5208.5807846 3229.82993352
2548.11886324 -3929.62084199
-3302.69315724 1758.57459559
2964.95887267 5278.09237083
1204.48421408 -4543.51633404
-3557.17707861 1095.699955
-865.998253834 266.935949213
3709.21487143 -3442.83343922
6495.67815375 257.377966017
785.118943063 -6842.28572493
1728.35733718 -930.484925947
4126.16861481 1086.53338862
-5634.35520361 -1049.44513394
-367.916992849 -6543.98632583
1853.4514645 -2730.66894649
-3607.60826161 1689.76269379
-2502.47010733 5480.01109853
3441.5033199 -4057.98365541
1258.99775098 5582.96272265
3510.65143106 211.840409846
3535.27968568 1309.41366167
-2658.43875904 5269.35025657
1199.41049997 2625.0558218
-7071.06781187 7071.06781187
-1059.35907392 6432.73322477
-828.946106199 -4832.32900337
290.512149009 -3079.49193771
674.310268977 1528.02860112
5714.39684453 1295.77543765
-569.005969227 -5983.40962704
-2340.38889046 -3487.76707347
259.878752167 -2590.82130453
4576.04316452 -229.615665104
-4133.47916581 -2395.27869692
4511.07390791 -2640.0135855
2043.48708283 372.402107131
1166.61370157 -221.864776562
4196.56164646 -892.433692236
1404.68378792 4361.35659341
4122.22766471 -4533.82253567
6251.26572761 -851.078519706
4961.13527701 -2183.66809102
-5530.73120801 -934.063112737
3916.68398524 -459.679595565
3131.58117468 -4452.07675107
-1813.17364121 -1181.79097827
653.912997095 579.583227608
-1677.29871609 1795.46159682
833.459569449 -32.4689343364
5722.96163848 -1200.79460345
986.034735469 4173.24293655
3908.67347781 342.582822159
3732.70691477 -3159.31446341
-4042.9480236 -5306.95435382
-3229.09132288 -1401.29201743
5539.1929423 3343.48353452
3942.72507561 -3161.93250307
2017.95664117 -3152.68999088
-6135.46376358 713.413883002
3375.94168795 -1146.75588107
-5468.23701826 1512.88226373
860.947055934 3826.96902674
-944.777772822 -6251.50322855
2986.43572729 2793.17713384
3161.70802906 3155.60331444
-84.2292072844 -3391.91560838
-5788.07202966 -3587.84299431
-634.331978778 1719.13974016
-339.665006649 73.7410801191
3026.71378485 -1114.74518379
5881.19228276 3072.32841126
-1144.39675018 5663.89534711
-5836.854863 1013.31925177
-4699.88602181 1216.172914
5257.4937183 -2117.74121395
3830.439588 4614.31125047
2566.25982261 5697.86435511
2585.64667158 -2796.29466924
4408.01939512 2468.72048083
-3483.74094309 5419.67558831
5105.50841802 -176.067617826
626.993247285 -5841.68968573
6261.85300646 -1744.30702475
-1881.67003855 -1585.25796759
3870.49593498 4165.11429283
1934.64152908 -6396.38203726
1788.12459893 1490.03215811
3765.5560584 4977.24645304
-2890.42852649 3262.79121104
-599.267867491 3612.050233
2708.83632325 3587.33677179
-600.758244278 457.549794102
4341.17345666 4768.51199471
5189.369313 -3607.2869775
-2320.74643958 -4993.15344106
1302.21607659 1297.4666754
-2235.35377921 -2318.15999907
-4293.45768571 -4156.18279367
-2207.4285753 2376.23932481
6042.98504597 2097.61753469
1318.93365547 -3062.68879986
5587.08983449 -1333.81500133
-2218.0313011 -3976.12444051
61.6457826503 3523.37093489
-3566.02632443 -2082.67284457
-6423.30577233 2158.11543509
-5091.71984099 4531.7218699
-651.8770301 3909.40138648
-4134.53232081 4428.7873635
-2667.0345962 4857.09631115
-486.410478718 4014.43117421
6044.12826025 -1448.85199232
4006.41677909 934.670192616
-1076.1234975 6761.61878339
-5978.16783507 1323.17414036
-710.795248669 1826.07343051
4673.4813202 -51.0490422323
4195.64961987 -4360.76545074
5741.01548741 -3406.22925294
1366.86088002 4623.90197824
3813.17205243 -3963.03326952
-5473.79419954 -3352.92686489
1458.27354325 1555.26933246
-4103.40667522 3877.24063542
-1964.99918801 2403.03675435
3843.38538256 5597.56393082
589.777666703 -3267.71272579
2273.20865311 5754.97341104
34.0116250891 -1912.54988991
287.342299364 4114.3443956
735.064234823 538.781310516
-149.313805167 2277.13922377
2475.46167574 -4459.99703625
-5195.35621532 -3403.83405252
-4389.12459383 3336.34960148
-6554.5983042 -2077.0180485
3373.99277522 4885.72821458
5022.23210468 -3212.30277762
-6968.29720265 659.999498651
-4025.97535324 5353.58568379
-3653.7256301 2561.60690518
3365.12682129 -2032.17411192
4626.28645939 392.543323292
1181.50036608 2973.20094889
-1948.5514661 -854.324401672
-5187.94496346 4385.32538493
-4554.43478314 -2681.04436147
3465.0907727 4881.61385795
6113.01250587 -1784.43362079
-1430.99631723 6378.26668374
-1332.68423951 170.705665581
-334.975915528 2188.5823897
5506.84049639 -2489.54772603
-6581.9725557 726.966432339
-6047.2109638 -2864.72848324
-689.581305423 -349.373728534
2479.87521662 2426.4850852
-4110.90679515 -5443.02975927
84.7013849119 -163.080847243
2895.21176768 -415.609096838
124.882510809 -163.470727687
-2984.90829579 1020.78903681
-1969.40740835 890.692479261
29.7173802328 -4799.36405238
3573.8184913 3578.30540797
4732.30899223 786.705080937
-2015.00115583 -3187.51933609
1904.61443592 1217.26378376
947.437128635 6130.00418038
767.644071511 6915.12009736
-3845.50525095 -1612.71280233
-2551.2500589 2515.03134872
-5276.88298915 3648.6047492
3676.49713672 3406.7261766
-4412.56802138 -3555.58066318
5215.41228684 2406.85651537
-5296.51468134 1342.02632069
2971.05282318 2117.20135425
-663.972696996 -416.387771059
-4191.53631842 -1640.65804687
-183.020495486 650.997142537
-1364.23236195 -5301.2708993
4788.01660476 -3935.25357878
-3164.92800718 2565.12833149
1482.62637809 -2884.85043052
-3399.45197518 -3972.16872085
3860.70820033 -239.849777916
2538.40586652 4436.02637726
5393.70450738 114.625640216
-3714.05169362 -1739.87630563
4684.52724191 2439.55482468
2638.51190381 1766.8891826
-4126.37215189 3250.59683673
-3234.71941157 3595.73663516
1769.15344481 -5467.29706836
3330.64936471 5690.87477195
-3079.54571666 -5362.04827243
-658.342022255 -225.154633925
-5809.28629188 -2708.54389564
2523.76150381 -3102.15472674
-2938.03336811 -2093.37531595
-557.004954266 4119.61999241
2583.56655605 2820.33706814
-27.3239363007 2010.7900456
572.100643679 3698.58234544
-1706.75427735 -326.052982687
-48.490744747 -6737.24029823
3069.67754717 -4567.51675102
-2112.83921614 1286.09419001
2302.28449819 -2836.98281612
4219.99197794 1735.46449044
-1296.17561331 2429.94847179
-756.128903541 2214.35812423
-3806.94692458 -1533.25994506
-20.0698207919 -5245.75765699
4379.34159886 -562.965249203
2785.77839411 767.222740585
1346.87471051 -4164.14714738
-4294.17728356 -5291.2978076
-706.446253308 -6590.23397187
-3176.85601128 2735.84394949
2519.30809904 -2520.74934932
5262.56211263 1730.99249755
-5741.89983196 2497.84170747
52.2784218669 -2665.62085839
-861.976551347 2847.38206864
3591.16375832 4179.19163605
1259.65115714 -5736.41035678
3883.27018424 -2934.84378783
-4737.78690754 2726.00411242
-3694.91415573 2700.68132236
193.226651483 1184.40705852
-568.894957408 -277.942124981
4524.05771261 -4661.31933387
-2507.41895318 486.169400866
-5406.78815222 2907.56578671
-674.074947152 -4267.6007043
3775.94822095 -231.670684018
1060.24693897 2632.16487535
5298.82095525 1918.2531846
5985.46987815 1685.98578525
569.503528288 -1003.72736669
6719.92418157 -1127.47572354
1972.99250928 2287.98054284
-4825.07764289 -877.293469986
625.479387143 5229.8710818
2128.54242852 4869.19122407
780.414659941 -2813.40361793
6065.79387815 3043.49146994
-607.066259972 -488.270203932
2127.35188682 -5402.93415715
-358.751106684 5630.32330848
-1194.57084456 5338.48576316
-2439.6531532 2718.15639267
966.31628921 3452.47163866
2672.66636951 3037.67131935
-3627.55224211 -1584.777319
2616.46296789 -5036.71920863
-5085.38363588 3781.71262153
41.5748913655 -797.730884955
-2042.58180918 649.265365663
-4023.8339221 2029.34349763
2790.26953977 -4152.78366504
5366.70418691 3549.94963464
-2258.42089783 -789.939192082
4273.30547805 -3818.72462412
177.773088701 -2162.76777444
-5570.99398781 2457.34638496
5315.34306781 -1296.97506276
5252.34604488 -2468.50326491
4329.9799062 5368.57638443
-2842.7432137 5436.35579916
665.079499156 965.490270474
125.735488889 -6159.41858067
4059.34956046 5278.62012681
-679.277463833 -1625.62096018
2536.82946989 -2071.43505404
-3539.92385056 -997.644033668
3504.94921486 -5904.68601944
-3407.27504731 -5613.1857047
-1144.61120066 -4731.60347843
3557.43518154 1967.85925702
1901.27954409 -4553.22290303
2972.8800921 1373.61720933
578.124783219 -1409.58550154
-2318.55353555 5361.8646725
-4197.37901235 -3934.48462915
-4310.31075718 1715.87170012
-1710.088393 4514.41596653
-2338.36709726 4615.00255297
-1871.11146316 -690.7170189
-3040.3546211 5146.07782165
-23.1949520758 -3231.29926974
-4765.734883 -3508.00345764
1009.03352315 1522.01354198
-3621.47157606 3415.55290432
5349.53264114 3826.7736278
3281.73606969 5095.40937486
2710.34760455 -5200.62975692
-3031.83145097 -3450.8595981
-548.431145718 5988.29156322
913.976614886 -6090.73362294
-2698.32714795 -1750.2899995
-2305.30664942 5139.73409615
5027.60025727 3481.95563235
-2312.07113389 4475.6652821
-4127.12906853 -5067.75040573
4711.19155992 3507.24725945
2933.72664884 -5139.39064828
-5753.2112455 3394.1138179
177.210232285 -430.036495074
2566.27533234 4595.18944472
-948.59352315 -3109.76148395
5851.76469162 -2524.18390148
-2830.14235605 -5198.69687811
-6785.6714235 -1014.82960269
-417.871415507 -5852.88322995
3367.20465693 988.161927968
4497.30318499 -485.328634485
2364.02648596 4833.80224995
4742.58091431 -4179.8683034
-210.292810479 3475.39255409
1153.34749729 -5152.33776762
4006.44417787 -925.334929887
-2279.7474447 -1759.05775622
2732.03055731 -1009.1495931
-681.747861229 -5366.80428927
-1555.91292281 -6676.91487097
2507.95177601 1544.51476694
-2443.32219829 -6019.15989124
1385.71215848 -1832.19845525
379.779032442 3381.8387344
3690.05642822 1970.63594497
3885.43963638 -3976.6342806
-3239.00752305 4454.50916405
3839.7286166 59.4226549485
-1616.12164194 -3947.41376811
1498.43076269 6368.19178792
6359.10179291 2863.00696924
-2604.50269243 -5488.88312986
4034.79285769 -2012.93279542
-6319.90517608 162.814186845
-6721.53893515 -417.600849913
-68.6469317709 1526.56384753
-6365.74929157 -2734.99755228
2434.54438948 -2973.81965664
1145.55669704 203.203623418
740.85899135 -6310.49651188
-388.456422071 1612.14530702
3664.03923287 491.363174683
-796.830588795 6619.26259017
-384.958377052 4351.29568256
5273.05578592 -3025.91945717
1657.19351614 5783.77594704
-848.252711993 -491.313527979
-4844.56144331 -2531.22709477
6249.75483464 -522.825987924
3397.23938697 -139.829930599
33.277529777 -1314.9897191
-3073.05390308 -634.601445329
-2208.13524354 -3219.53462337
4654.16254961 -110.353578498
1787.42541783 4692.55638265
48.984820122 3602.10138111
-1994.22312783 1212.89008894
5902.25074853 -255.706132164
-705.869391532 -6695.11279357
-2822.82749922 -4269.27900851
-3073.34723807 -4523.04819581
-1924.42431878 4442.69576123
3919.4218795 -3361.44226362
721.445050732 2255.87288796
-2320.12651329 -3743.04473395
3492.87740909 -769.359686779
-2894.91091215 343.231898287
4707.82955665 606.243107933
-704.865016735 2132.52056565
6466.20772568 -1824.9212923
5481.24814395 3792.18313311
-3444.54719769 2591.16137034
-922.20033102 -2735.01735013
4408.45884778 -4127.2465353
-3937.92160336 2408.16213184
3516.99712631 1531.39963644
551.513405662 2689.09220954
-4427.67978635 -5167.40204935
-3347.73543469 -4319.30000446
-2083.77012191 6311.86776062
5936.28704049 3289.011759
6307.66947732 -376.521647235
4122.17976027 -2045.76621586
-6179.13017197 -2217.09236017
5917.43948285 891.451140178
6085.25627486 2195.96038788
1270.53029887 2918.86712152
-3604.59737747 -3834.76592267
-5286.29697919 2301.99755262
2823.40085712 -3958.64666246
5673.56847271 -3240.81567494
1304.30851637 6785.17474953
-293.163511113 6684.3058629
1402.29124239 -260.270527345
4226.66849981 3524.79796918
-19.1887939174 3602.52899439
-3394.10311832 -2363.11815503
5626.06479058 -3271.782204
5086.23967796 -2757.77235998
-4622.85690444 2547.91589802
1699.37876993 -5283.1051114
2914.43108213 770.58639036
459.383903094 -2475.18884401
-2892.88759073 -4591.97482006
127.791924589 -4471.73919293
4441.82041572 3934.82764177
5215.77203193 3587.95332149
-3532.66178736 -3205.40898413
4354.33752968 -4635.00240987
4652.69177966 -150.227367583
-474.41144303 4890.73197155
651.359191338 -2107.81615015
-5494.25304614 -2151.25932422
-432.140280875 -1056.95636562
4805.73874864 -3572.36542579
2468.02740042 -48.2291380952
1756.15193681 3008.32845953
-3871.40738667 4875.96409871
-3702.47401485 -5293.49101245
-867.314180405 5224.51443014
-345.812587919 1623.08502598
2766.06042777 5246.14304174
-2312.80605852 2552.06384838
-4649.9572638 2632.72175259
5330.86789611 1183.2636695
-4933.53559221 -3271.87884814
-1724.17213251 4518.87068847
2063.3274401 -1201.48114076
3159.49263529 3984.69836446
-424.197114897 -2824.42956514
3598.78041316 512.347383885
3232.73812231 2003.69145776
4626.78190882 4697.39755924
-2225.01529031 5578.651464
-3245.12589143 -1213.72535747
-1550.26985235 -6327.09536505
-1846.67115483 -4616.24717809
-6645.91553908 -528.430208434
-4796.12952291 -4028.6969599
1362.33022922 6788.36477883
1344.3562151 2884.06492506
4135.27261483 3505.57396691
4213.90976117 1498.60139532
4351.66377858 3870.65021825
5680.53125474 -1508.94473175
1055.65657017 -5438.0943957
-6501.07480304 -1878.47466458
-322.910125584 4879.01333416
2715.21538508 -5979.68845203
2239.20411216 63.0961868588
1811.55601966 -2992.60071273
6575.45237035 1736.94008869
-3251.11401696 -3825.47781252
5046.57679052 -3656.79420756
1563.54330845 5912.16727984
-183.120487318 4014.63474531
759.617691499 3692.49070034
-804.819791825 2639.50336988
-4793.01677098 4238.06554003
-4883.64472648 -3221.39927738
1249.34026319 5395.56458035
-3628.10468 -4054.65978645
5507.26906819 2885.24160647
-5035.94405496 -3021.00598434
2626.72444527 1115.09157625
1501.81284076 1690.32705153
990.584939203 -2214.92472361
-5838.60275006 3861.17647814
-4105.81946516 -3023.87575938
-2602.65213043 -3161.16704335
-3200.34334832 4625.48701305
-2879.01268298 -252.729527469
1109.35069208 520.777485649
1798.45074567 -776.698172787
-271.411794773 -3457.34219863
-2230.23054474 3623.85942041
-1341.97252402 4361.75858949
-3241.23316749 412.734394757
-1990.47980784 1042.94167073
5557.43847356 -3995.84282629
-4509.75431244 -4580.83812569
3769.29792883 3875.97202048
-1456.8147964 -4840.06538555
2454.68553977 4115.65494801
-854.066501594 -4111.08072535
4429.7051698 2166.61079678
-6839.61559863 727.371111732
-5107.80517033 4379.94259358
-739.732662937 5237.86881644
-2273.11240837 -1863.91622831
-4586.210191 -2992.3482643
-4723.21395353 130.180476505
-3304.79765069 5404.35153156
2440.01809656 -620.035630326
-3958.4663416 539.169554881
-1637.28633819 1717.98589376
-3313.51935742 3568.75739542
-6489.89977106 810.047814224
6044.47186567 37.3289804675
-4316.7097865 4796.66795306
4229.76973088 -5403.31745711
2926.04690976 1506.90648485
394.093291064 2481.00728478
2060.96888071 -2782.62476466
-2852.5065224 1148.29259386
-855.603674694 1597.76333001
-3875.85655349 853.358548246
-3919.17902823 -3663.56343126
5839.61193293 1294.9949565
-5002.98558785 -2691.25560508
640.368480738 -4963.73894132
1.54444691042 3136.62691659
868.503389508 1356.1301643
219.127086568 2829.03324998
4068.7247073 2188.50494629
4528.75760235 -2549.83169879
5001.60663217 889.5260974
3602.77277618 -4616.02833737
-1622.00609608 6801.41867632
5129.73830542 3476.41867454
5221.25629303 1623.48456007
3752.73628657 2552.17128613
6841.75082498 -811.821450013
-502.163179814 -6445.72990698
6328.44696064 1241.42532718
-4005.48041775 5283.1721358
-2042.84096221 25.2068446783
-5369.22029683 -637.136815227
-2277.15812863 -3337.41548942
-5164.60956257 1339.40884017
5972.43982706 -2657.63206512
1270.58159333 4857.11496617
-2279.76446358 5136.41478804
-4187.25580756 -589.648843604
477.96240813 5519.43493691
2122.77760567 2367.45975591
-2796.98097232 -2220.22067739
4049.13133607 -3565.21672733
-1619.80073087 -2456.50886723
-6546.09683487 -1880.16132513
2625.05933541 1925.99057346
-4789.96649819 -4974.96779759
-1878.1927436 4977.48230304
2902.25661933 -5750.11518975
3098.37524368 4597.85211005
3068.29770914 -938.465445176
222.627229154 2660.66332245
2964.80528743 -2998.61379048
2254.77955408 640.974471456
-3509.57842042 -5452.77996663
-224.802463993 3610.61352808
-3225.64719546 -3504.19142968
-1659.4224832 885.882023993
-384.390446024 -3724.93129816
-1891.77928468 4879.3425032
-2911.26503225 -4736.40366826
-5018.43426183 3518.42542913
3370.20073322 -1371.82221883
1866.93276037 -5038.5245665
-2871.47662234 2830.75393383
-1848.7343643 5259.3591251
2335.93567798 4243.6015227
1906.88189444 -1423.2727314
-677.940717737 1961.88206194
4338.88394967 -2614.45793533
3855.86483221 -4235.60486625
-744.734553274 4624.20933689
-735.032496567 6571.90884503
3275.84348263 5853.03040318
-216.40567917 1838.3453054
-2521.639153 -6378.67058041
-2349.65180133 -3063.37963142
-1998.43726594 4245.9448113
3667.78297016 4477.93301743
-4763.36304061 3227.23768552
3147.92493273 -3356.50018523
-6488.02169842 -1316.43183729
3421.83817633 -2860.95422398
-4746.42023668 1326.13518389
1950.38615848 -1882.65648648
-1423.29872255 639.883080406
104.251962844 5476.00853836
5443.16844462 -3528.9016759
-5696.07375654 -1512.81679396
-891.43341625 2509.2802791
-3205.27616615 -2811.29285446
3233.39706909 3110.04159299
4618.89613907 602.603272868
6911.11036061 1080.47880652
-1064.73101207 -5079.15514091
-4760.0770821 3723.53957717
3273.0697372 5320.97222526
6257.91171765 2767.26301724
2392.26468911 -4449.30016785
-1396.49876683 -3710.93267311
2049.77677365 -5067.38329976
3082.03076221 2729.38519851
5616.32424888 -3049.88073114
3277.73016914 6009.09936196
-1064.27715837 -4532.25389918
-1579.97936466 3991.21671802
3285.58524238 -1135.97925639
-2110.66351339 3237.0709201
-3014.71289649 -5624.27649873
5750.56151165 825.862366629
1237.79222462 -5776.95278944
-1732.67804855 -6687.40384491
4157.87948034 4609.86831522
2595.22572292 6383.01459946
-2282.42000966 1116.6022069
-2370.96956114 1621.04277963
2513.07704726 -276.713766083
2564.88310657 -5907.23846438
-1788.48264373 -4616.5326598
1804.91931265 3605.01619263
-765.962567549 -3264.76853014
5021.393287 -1634.08157469
6799.3291191 928.491163883
4878.51036768 1369.28986314
2930.80912866 2491.32668618
-305.940653131 -509.400831562
5250.41932428 -3583.67075882
-6309.8080997 1841.12857612
-451.607754611 -3121.41388832
-4993.25931765 -2104.62395159
-2101.63876322 2564.43089763
201.687495234 2595.07659361
358.516228231 3001.16609156
-7071.06781187 -7071.06781187
5921.81479583 1664.44344537
-1786.41787257 4087.21298715
-4167.63890677 -182.416354435
-5068.87830079 -2156.32584858
3214.1709015 -2897.77710398
6562.83056196 2228.47899339
1165.05516073 6489.27240561
-1046.70787943 1171.4561345
431.628840973 -4993.20464165
1837.74910492 5555.99902407
1946.19385699 -3884.22736799
-5151.06052541 -969.591772319
-1579.34534492 3858.63248214
-1263.80800761 6825.56435558
-6647.96901086 -1295.35318386
431.400539818 4898.64655439
5171.22010067 478.420956082
-3003.42461763 4520.31444058
-361.572989156 1611.81718624
3855.66530449 5471.29676532
-1226.17569132 6274.43341298
-911.551085468 -6745.59640873
-2051.91491554 2701.74847445
-731.735346013 5386.80527116
-5176.08110447 277.006852209
2048.29776436 144.880489326
-2254.58421824 -3615.59983449
-2314.06505048 -1246.26288435
-400.554390701 -594.024764172
759.234664755 3840.81379423
-6010.75477374 -667.142717827
-488.097901382 -4375.90678437
-3806.84951531 3217.31295504
552.514957554 2357.7622995
2212.08006743 4020.82759426
-3286.24608796 -4302.09905017
-1070.11469606 -5211.03642084
1973.82199205 -1293.67429477
3857.88567922 -4505.0384965
-5755.27818326 -2850.01592358
1116.54723628 -4428.02541862
2523.88674515 -3508.93794873
-4852.78828558 3171.21760848
-6024.03240497 -2561.56356578
4353.30130546 1866.1322265
2801.9838487 -3125.48234995
-1124.24883392 -6662.14839431
-308.244208231 6108.14405411
-5060.85129486 1978.7089991
-605.700716662 6432.44760049
1672.10750175 -2508.54956924
-1476.50060721 2927.14397273
-3242.69737587 -4671.37293091
983.51656227 310.460431015
3342.89372143 1907.41680984
547.338530414 -1192.56474338
2798.90678679 -956.949046177
-2138.66286456 3604.85268639
6607.56126022 1222.93021404
3092.59194709 2116.8700836
1947.02620366 5833.57502141
1936.95645165 -1956.37774866
1230.69880581 -919.095987631
3379.36773142 -2871.02562178
-5384.39569927 -3030.84899125
484.246149381 156.622573259
-3732.83636439 4278.0367773
842.897682031 -3545.55732491
-2863.2081313 -3902.43596289
6733.82797125 872.707503958
3404.24534455 4077.52929054
-2891.86848625 -2856.14278955
221.05288949 -4395.44713912
-4682.80388919 5056.29539354
3968.34876261 -1608.63951841
-2917.55463421 80.8677474169
3451.83450388 3108.0224244
5982.02785361 -2367.64494606
117.439835898 -4.31140822134
-4375.87896884 -5137.25510798
3454.59987665 676.164502216
-1.83690953073e-12 -10000.0
-245.919348009 -4189.40290166
4723.5480523 -4051.56281813
331.970168716 -202.75096794
-5934.74793484 -1669.58997915
638.301930379 -4671.03997766
7071.06781187 7071.06781187
4223.7545571 -402.839865591
-3053.39898747 3377.58892504
-2617.3616596 2132.46338465
-1280.99676137 -2791.18785158
1333.25259759 -3841.63510588
-2772.21912081 2502.2385852
5972.88913435 1584.96925652
-4277.60322999 3625.02550324
3326.65602052 -3234.36358312
-21.9727405468 -4892.50608134
-5399.13464293 550.772971204
-2332.75982848 -6419.92665552
3957.66130464 -3950.08037049
1442.53726797 6101.64893188
5587.12483035 2023.18952659
4815.41599748 2740.71710386
632.392273396 1518.41959376
1881.13779398 -452.58275611
-5407.86647992 294.787473089
-2891.7720464 -5838.51345442
-172.548457958 -544.968000305
-3148.60884471 3504.45801035
-1908.23553167 3882.91997637
-5228.5339237 -3569.5774807
1184.70709008 -1483.30294653
2257.02253768 1199.92404655
1893.54872509 3775.91660307
658.033712037 5919.33330535
-2248.27350232 586.596877618
4612.77528797 1715.09560201
1941.27756748 -6629.98157296
7071.06781187 -7071.06781187
-4420.03358209 -5326.98860867
883.226233769 -4385.51488158
-20.7565743567 981.106467309
-1243.52025426 5884.66694222
-841.258423999 2162.03985416
-208.047062653 -6690.6166659
-1170.32720566 6553.71035615
-2836.33653668 -2345.75109615
5410.82758689 3182.16400071
-4204.0688626 -5550.62795382
-3804.46276689 4380.96578718
-2158.4512122 -445.625066228
4005.41602634 -3985.89317025
-6382.31688372 -2132.2449916
-4674.54056132 634.578661782
-1545.08168634 -299.196001263
-1861.74037866 5974.27292673
-2879.51701589 -1072.15398642
-3553.18526609 -3239.65432652
4992.08702183 -4454.64199024
-1555.29309892 4397.44101137
567.286175413 4200.60092394
2716.95173554 6063.75459788
3253.93708316 2069.90308852
3980.33718779 1622.30256414
1137.85257821 -2036.12530404
-4490.13212504 -2142.18174384
-1667.03810145 -6202.24884353
4511.70185425 296.461398425
-5041.2098522 1794.86888017
-6458.92361512 191.18860055
5603.40499593 1188.546476
-2196.86654435 -3747.95906048
-6114.92973936 -2071.7242955
3896.90819361 -1206.18283728
6118.31750291 -2826.56477533
-2935.58804448 2100.40851914
2511.49785437 -990.493432736
978.291183613 -255.303599402
427.980929549 -4993.45482816
3433.17198723 -3198.66616813
-1813.55028553 -5977.44441876
-6307.76234197 2639.8112519
-3263.70147817 -3963.39751717
2130.10885325 3807.10101793
-3313.25647296 2179.61843551
925.983463533 -1753.79825086
3434.57126581 -3091.65142355
3460.68722402 -5513.97705011
143.567513394 3239.05617538
3784.72775503 -1862.77603223
4273.81307251 -1047.44366369
-6979.49106864 10.97861509
-208.770067578 3177.22715526
-1084.0299169 -5852.50975185
2623.83657962 3586.91252301
495.5207451 -6761.76082999
-2452.3166293 1334.77158655
3435.39193086 -6015.4627541
6828.81550552 1072.13066749
2021.32432499 3299.42736767
-5396.01026777 -2832.59510684
-3084.59662119 3745.12373583
-4870.29584231 4260.26344725
1631.87895624 1986.00978346
3746.11847912 -2803.00275195
-5190.1416154 -4621.1600031
44.3709024666 -840.885870734
338.501911452 2754.57221869
-3447.63866144 2928.82217131
-2772.40385325 5153.04924596
-6063.38633283 -2332.62980142
3105.96872122 -5136.26643716
-2159.34343237 -3060.02615083
964.21802865 5132.49141529
587.734222389 3860.00760806
-4678.98283235 -2942.24638075
-3492.59678178 -5631.86928116
3358.37920268 3747.56957545
2490.68571639 -6509.16363104
2630.24392324 2915.85006936
-2138.60295944 -1352.05868755
5681.33238506 3788.60019006
-776.762326866 6811.89267819
-5133.93404627 -2641.22098794
6964.72524744 -628.984518041
515.812878634 1906.69531717
2167.00985041 -152.129559946
-3450.16824056 1184.44269532
284.80419131 -330.680946381
-4279.0335983 -3647.97792455
1813.02096685 4480.27048261
1895.58043863 3853.52968181
-1631.72249994 -1879.7713278
474.716595773 -5761.83531063
1138.33985131 5028.54007316
-3432.57391448 2648.04362507
3596.88766429 -1397.26618857
-1406.04580864 4885.66537523
717.447564832 -70.7714490128
637.54790148 2648.22288778
-2451.50792284 5734.78905122
-963.185532511 -381.960524865
6421.4448768 236.595124337
3892.63677197 -4639.92866961
-2818.94477704 1547.06843841
-4429.45162369 -4324.10823259
2212.68140936 -5591.27436996
2381.76007254 3705.85152044
-4243.99836034 -2302.41589697
3280.96381016 -319.037326139
-1171.51842672 4938.74166322
4875.14159084 -2924.84335776
1473.54954217 -6435.43149995
2005.34669596 4286.69855873
4407.95211835 5222.97134299
3653.66354907 -5345.41106735
-1676.03470764 3155.0040344
-4766.6160343 4553.2814197
-6402.95392503 -0.301553364104
2393.32475816 -1787.95687327
-1367.123339 -5492.15243718
909.634322182 -6586.31036907
1703.68594743 -4934.48528269
1697.69909346 6452.34662253
-1989.10186652 -4898.88442349
-931.908774499 2200.77416774
-2366.75987222 -3412.76117666
4164.36134575 5355.24054134
4632.78168744 2224.61852273
1323.15523138 -5666.05841582
-533.831615141 -5578.44793993
5338.34830558 -2575.87195646
4032.20220096 1626.00406479
1500.36348432 5995.10352433
-1395.12207121 -5419.71654692
-537.40698042 -3259.71415823
2421.44244333 6393.61419242
-5105.99566147 2215.06193598
1743.75224389 -6270.49502665
545.663967914 412.456831801
6834.65251164 -366.727171482
-4587.06592484 -4042.30177853
44.7859310344 2548.7539
-3188.58664283 -1014.63077799
-4785.5203628 -4234.24343127
-1408.14935777 6192.7137791
4921.02983936 4812.08610467
-4578.34755197 -106.05842302
3658.87252141 -5256.45636114
-563.34845824 -2475.08127191
3857.74200128 5530.16523335
-3872.01181999 1685.97513431
-5179.02770132 876.95588113
-2713.3522475 -3940.87797256
-3078.64921866 -1582.59497083
-3314.26785382 1984.81837487
-2016.27236922 1831.46588801
1848.72844924 -700.931369369
-2245.60998117 -4393.14112639
2066.68548546 5230.79591816
1179.86514664 -4047.4544993
-1195.36681372 1290.95128023
4504.20718007 2589.62713285
-3548.1968537 -2466.160248
-2522.33686099 -5779.84801231
-164.106116021 148.779469476
2547.68269484 -590.178115923
395.084400594 -4821.37584862
-4633.86028344 -4859.7734778
3522.64866728 -2798.89595642
5586.55704138 1676.65179319
2430.80415906 3669.97047859
4952.61685461 4162.87819672
-1194.46321249 -4020.18882051
3242.44213645 4426.51092849
1832.61203781 821.861959494
-543.102106837 -6280.15788608
-63.3682577572 -279.415807925
-3600.45181286 -3759.70258172
-5142.61979683 4105.77944533
2865.79765882 -6379.45565721
-5508.81566754 -4050.60578608
3935.65583467 -5327.27797526
2967.86629289 894.632883261
2180.08255694 4824.06517341
-4870.92380273 89.9864968118
-982.767288391 3951.73668721
-5402.40768978 -575.194277474
-6289.56229135 342.235373292
1609.9093777 4923.26559033
2748.2828433 -2704.22000092
3756.05260078 -2592.30266541
3131.95941894 -962.683467044
6420.95160786 -1631.306167
1125.28705836 -5975.36974974
2226.23302978 3743.26836964
-5386.38450068 -3412.10751512
4558.42950458 -76.1218780748
-4329.81305023 -3934.67720451
-2433.78988066 -4207.29213612
6313.18730035 -1018.82689311
-2502.46762789 1348.0494534
1270.0481468 6006.78850933
3063.75858383 3595.04194088
-3914.42680015 4171.76198708
-23.8532409326 -477.344747167
86.5784574032 5589.17477972
2530.83404661 6227.13218488
3016.32725232 5981.46735361
2335.63300295 -4562.33141079
-827.450806872 966.626292709
-1672.7463535 -2073.15039981
4794.3939832 -4698.9682429
2574.40959025 1981.66277221
-3570.83861725 537.979402853
82.8195063825 1590.56056013
6265.79509519 2270.0399773
-781.867198481 -6790.77000741
427.279154626 5636.4809794
744.742041989 990.667678432
1389.56676807 5806.51346596
-3829.20641208 -3026.05478093
1325.01020673 3341.09376823
-664.020066055 698.737873933
-1216.60387697 4798.41466908
-5746.49703362 1244.96156024
5721.7641483 3206.77904496
779.718559126 3461.34411011
-3374.66303432 5614.93185573
-2115.96440266 -1950.38990144
1781.97722412 2381.51332742
265.565337534 -3126.5653205
-2098.97303419 -1664.44927071
1915.08494889 3024.84140732
-4161.17575224 1145.46054232
2787.93238541 -4560.4797817
1330.88656702 -3440.38738525
3694.22389575 -4115.82427258
-3881.14301188 3434.79296956
6.14588735218 -6561.49249758
123.132604899 6540.18900711
6888.29585362 -672.939906356
4457.98427685 -1343.62848888
5660.60982893 -1697.14699846
-1599.76666185 2.32405540118
2608.01551167 -2576.94082783
1783.23109851 2352.58445363
-5245.15585993 -3490.23607388
-1428.92174929 -3775.65169403
-6555.42361847 594.693198585
4867.93777862 -3464.5613964
490.410950767 -6051.28918711
1435.02129485 -6487.23405053
-6123.84813299 634.509977339
-5066.62521338 3414.56991204
-2821.09541489 -2208.83110951
4448.18736195 -1182.538622
5224.35073286 4283.14354231
-4484.96266647 -1168.49576638
5218.99167172 3214.898767
-1650.79988778 -1301.55370898
473.834208898 4995.92469924
-2788.32485892 -3818.09325703
1004.07263111 -1039.24938244
-3914.5967993 -477.551504635
-1185.76012075 -6762.76134876
4628.23804497 -4560.71224532
3465.904715 5572.80425994
-1142.08703227 3959.81534433
-1856.28210149 -432.876297993
38.8181962275 3422.38647822
-4476.41164836 5085.48772259
-2503.60460114 -1310.70041099
4630.24126624 544.74380778
316.465099912 -2250.56562398
-3234.05768332 938.67685996
2878.51601649 2354.3735315
-5557.99352485 -2895.00303695
-23.6140895336 4258.61648547
-26.8547108741 5199.13122581
-2786.87215368 4532.09785522
-3232.06113671 4018.09163102
-4616.85065277 1185.04012624
4170.24424265 3513.1165322
1209.95224154 -4634.85424938
-4391.68345556 543.839217324
1086.05699054 6369.16558589
-2179.38378348 3405.7954419
711.648378826 -1950.21904177
-477.417759657 4520.74742834
-3173.97033928 -4999.60588342
-921.091523397 3824.10225265
4187.96073636 2091.68417055
4728.00397412 2091.14982203
2854.42829936 -4625.09867428
3674.55191527 -1830.7399363
1994.02111449 -6676.6859074
-602.227806145 -3233.05479853
-6695.61514179 -1054.83464502
-798.102164989 4647.34405288
691.799514096 1746.54961873
2188.94990318 -596.082650914
3039.60694753 -705.587555596
-779.602869081 -2024.67769169
-6432.44703132 -51.8167065271
-95.3663154539 -6698.30901037
4492.82832466 4004.22084197
3955.15951905 4462.61210055
2972.39256499 -4480.4177306
-4360.63375583 2397.75153682
-1251.06514119 2400.20274561
-4841.66453709 3168.4846671
1017.16140815 2213.95342576
2702.95207268 1658.01410461
4977.05070052 -2281.3620844
5345.23795564 2823.77699944
1211.48247446 5373.54595436
-831.732489879 -3439.53472614
45.7049375176 5962.80141833
-2255.90451634 1686.71443079
-126.665306095 3142.03410041
4101.95080121 5579.53904029
-3491.6344438 4910.42828839
-5648.59944605 181.770198469
-1610.46127832 369.788087852
-213.04319096 -5040.27578574
-3232.43012348 1318.71033095
-1748.24764751 1173.70544258
-228.50806635 3878.06142397
-955.373640905 -304.566830411
927.883160437 4555.06744352
-2546.69903363 -2278.67979121
-971.572487708 -4186.23102199
4461.72316824 -1808.67104978
5890.95922289 -2415.07954535
6867.49048416 376.164067463
-6338.90634436 -2547.0383327
1840.03805826 3411.43994283
-8.97696581759 -6651.40545198
-4687.24488539 4357.0356005
5334.93094094 -2703.9585686
-292.489056323 6748.79894009
5962.04008465 -1650.2179636
4812.07202708 3955.60812326
5205.34333406 2841.74759542
4208.35766946 -4039.24701329
380.597702061 4444.13105101
4344.82877439 -2178.13533477
-468.928397909 -1419.25596099
-1455.29402931 5716.44166648
-2228.60000434 3480.8817462
-2356.1119531 5010.35612419
-6406.63334098 1082.94884736
-317.819706699 -149.09636938
1358.54970174 -6830.95544819
5088.78326424 1703.76505798
-1761.76544706 -2817.87502409
-1859.83461652 -806.954104355
-3133.0552845 3653.05171946
-152.19297266 -2868.19546287
1565.992806 -4997.68329512
1550.24081467 -5017.11899503
2282.22389886 -4210.03519273
606.931953921 3369.49906858
-6193.43625984 275.8724168
-2929.12642357 4974.07352023
-5668.52556835 -2644.61080392
6376.5483133 -2383.75036362
3437.20271188 -3183.29529504
5536.52274163 624.944453707
3053.10216545 6216.95365669
1059.32992852 -1026.54971006
-3992.26699894 -3076.47762391
3292.91279764 1224.26395926
5588.62228013 3859.46299766
2808.81443242 1492.75836282
826.127736497 -6658.23588116
-3766.5552235 -937.49315505
2042.0415064 3790.43662472
-1758.77847431 2178.06717437
-6458.95823965 -300.761902997
3262.1268791 2866.93075059
-2731.53033214 -4721.03161736
-1126.94842814 351.879694286
2503.36036824 2075.99257725
-1942.55341031 4699.85528433
10000.0 0.0
4376.41467965 1217.43400512
-5735.85451607 -794.398252026
-146.017398779 -4752.16406886
-4666.73857199 -4845.33551385
-6948.81552574 -135.809834388
2532.9091372 3736.14013303
-3160.24563203 730.585969448
-2905.43757639 -3592.63326427
249.263446212 5119.13784041
1480.54531303 2603.91271955
627.02746972 -4785.12069706
6797.55542411 -905.795314073
-4259.31122448 -3235.91544607
5283.49951177 1988.25749946
659.602057378 2200.4754593
-867.432539788 3596.14788237
-2476.21258697 -1701.35251965
1255.72997522 35.7662726657
4177.71563643 -2072.09698402
2822.08113532 -1723.48937266
958.605866964 -4148.68293858
655.126708382 -1283.53349165
278.689767748 4229.80339792
3091.78748655 -6120.88521558
-4360.88873176 3633.3731845
-455.504011538 -2584.17309623
-4461.75058537 2289.57204837
-1620.52189548 3487.83966562
2779.39352633 2395.29494864
864.889925909 -6353.58303399
-1031.88065769 4413.1299964
4146.20318764 4077.68694889
3977.92545108 5034.09947879
-457.780405939 847.422590542
5850.90522091 -251.060130688
4312.51000917 2004.67048153
4259.04549457 3695.50415597
5428.27812955 -378.268829358
-6351.41669965 2473.54750282
-2411.73192891 -5867.4783438
2197.09192885 -655.429759601
3429.8945148 -5959.27430548
-3382.84442863 570.424332023
-4519.77917857 51.7196752061
2380.76258641 -2702.42939789
3545.79400978 797.232549114
3312.78048756 -678.311623156
-3160.45029815 5716.34740358
64.250010555 728.211385498
-3032.42383289 1422.846303
292.690590599 4463.18527402
4954.90333146 1496.09980067
1593.474348 -2993.68643641
1764.32519944 1553.20797874
4322.96238641 -2381.64521818
-2676.07032171 5039.68637242
6580.17900651 1023.01435969
79.594562818 5305.39377272
3581.04202509 -682.156180593
3260.26524408 1769.45093048
653.706582482 2076.95783477
-3614.79357976 -2161.95422922
-3403.72594278 -1573.80315096
4342.37670511 5160.65300592
-3907.76540857 2620.45742931
-3972.98727935 -2096.83552188
3486.2224028 2976.46966966
6441.65355667 -1671.83671797
-3321.54841021 -4945.76495199
6825.75365956 466.022317327
-2732.37787998 1567.24306744
2380.29428316 5822.4360685
-882.175488763 6345.23340611
-2016.74097155 4851.33037817
1780.83928546 4548.45192553
73.2585028576 6622.61155761
877.685961195 6498.62263653
6459.51123791 -2565.6501577
4290.88693937 -4302.76434467
1905.29087892 -441.662429916
