4838.71636121 4892.4186832
-7071.06781187 7071.06781187
1757.44919279 -3843.18711991
-1121.97691736 3805.71692268
-4977.61763944 -1652.15595893
-3300.48879685 -1041.80397251
-7071.06781187 -7071.06781187
7071.06781187 -7071.06781187
221.010802268 -2133.77303277
-1912.38318931 6303.73314796
4451.41148991 -3233.96681357
-1065.30336595 2981.95809321
-3323.76790464 3888.94567927
-4356.31987877 -3248.81639789
335.735750166 -6328.14892821
421.18646482 5693.89065008
554.551351117 -1259.7164999
-329.666872883 -3432.65696004
-3874.91134815 -4455.00759168
1546.74632104 -2261.47723012
-10000.0 1.22460635382e-12
-779.592057125 1999.37944164
-5322.40304064 2736.53218372
-1186.49564573 -1887.882926
-4828.12922149 -2775.41855239
1734.02410167 4337.80144072
4679.89867417 4126.30090368
-1521.74931774 -6622.16885842
-2216.58346214 -315.827046597
166.185548761 4585.72178107
-322.251145275 2684.55861207
5251.59614771 2254.37996949
-5762.14205725 85.2998949409
-4088.34004302 -4201.52327113
-5045.63763798 -4367.80022938
3653.64144707 -5156.82609568
4778.58521207 1288.52783011
4246.83550236 4678.59896648
4659.09477765 -2915.85403854
-4246.00448393 -2872.12998399
-4665.30876063 -1388.37788438
-4310.88022114 964.767497226
3412.73490391 -1115.5306113
1080.16833942 -3024.40110552
-3823.94246058 533.241424992
4150.19565688 -2641.46992008
5199.61903759 -2386.89092626
2245.40844799 4536.90388781
4873.72499859 -1977.08892067
10000.0 0.0
-1753.49782097 433.430950492
-6170.84966347 2653.92422751
-378.440646927 -2439.77758299
2372.47525718 4199.9673621
6.12303176911e-13 10000.0
-4827.59579658 -1051.75576224
5169.26854634 354.624937683
7071.06781187 7071.06781187
-4414.9604925 -3358.58310479
-2760.14826822 3625.5383347
-1.83690953073e-12 -10000.0
5316.40498818 -3805.82364271
-3746.67259675 2041.98804413
1955.15992625 6218.73882482
