22.551716789 0.832805202819 54.4485796484 56.079792291
27.3175232502 5.62017629955 65.9535705771 72.5397732901
14.3155643953 13.7818368482 34.5670030581 48.8583575473
11.4797941536 8.74998596166 27.7223723854 36.8829567121
5.79581442145 1.93283449393 14.007569996 16.1560123719
22.9634428165 27.399371489 55.4425039478 83.6547555646
11.7908644241 10.4765725184 28.4731594621 39.3711551182
13.7922187629 11.7364169716 33.3037691064 45.5314135094
25.130492411 5.33078453973 60.673892609 66.8937595717
5.43605881069 19.3164430419 13.1400493861 32.660146143
23.0769833549 17.2306855891 55.7165961211 73.7641532536
22.6693889469 8.41601708268 54.7326450269 63.9512056832
2.65432994645 25.5471876115 6.44127263537 32.1063647557
8.5345023118 9.11038109189 20.6144633805 30.0334874215
21.4615033034 22.436239416 51.8167705248 75.0131045339
11.9715094552 27.7259799647 28.9091621046 57.0628549217
6.07075175 4.87141291094 14.6706385876 19.7668538568
11.0110823458 20.699055848 26.5911294848 47.6844890837
22.1418714448 17.4358964644 53.4591979935 71.6790972174
26.5208909171 22.7221483675 64.0304271722 87.6905709458
26.6942536063 7.10636489044 64.4489400861 72.4994001136
22.6224041059 19.6858792909 54.619221683 75.1059930287
7.7682354335 15.3218999969 18.7655516288 34.3698103989
16.7736368507 7.66855222826 40.5004104703 48.7645296474
18.6969066508 17.3587813743 45.1430526198 63.1648498684
17.5076954524 19.6564163546 42.2723638352 62.5500802368
8.41211109564 6.37060320621 20.3191353322 26.9941741561
27.6134219277 24.672359332 66.6678985099 92.3166970523
9.34249877328 12.461021817 22.5642447494 35.3617576181
3.66181596485 8.35710766684 8.86448761706 17.3683993058
