2436.73230775 -7240.91230171
8747.49487998 -4368.42437497
4454.55822788 -5646.23190232
5228.84338404 -2070.67273672
3707.80402621 -2293.82876482
5880.02673602 -5823.4440045
-6967.4139103 -6764.15139913
2964.34149576 -2007.29975059
8340.36904647 660.24891357
1856.10666605 -9099.96831881
4533.8262998 -3053.63695953
5668.46685302 -7757.13041046
-1121.78431223 -1312.0373118
-5550.06936549 1130.94144248
2807.43364633 3432.75150316
5792.22685636 4723.23350842
4794.64875604 7914.71164701
8636.48741616 1621.61236357
5617.92137751 7941.55561777
959.304762895 8630.27573805
3748.28927815 -1119.28546244
3436.55205619 7367.94844708
2623.90760396 -422.33915285
2188.40132784 -1784.47053903
-2381.23147252 -7009.05799947
-6987.05984579 -3626.38113636
-7382.02015944 -2015.62278417
-5042.83603293 3276.17811234
2115.4686488 7787.54239389
-2532.43941804 5797.81234242
-1574.50388359 1809.33189304
-9074.8766214 1919.24708472
-4143.45731574 7839.36665433
6514.20121799 -4193.16599317
6088.65106035 -7808.53759529
-111.799841238 -2519.48730469
-39.4577224888 8844.63315548
-4956.81865376 6072.64058993
-3704.50719152 7579.32867366
3908.34506146 -8292.51885995
-2642.84207424 -5501.75890517
7194.46585417 3114.08377441
-4244.1440253 -6005.23243969
-1721.92155849 -8663.88591367
2079.76371404 271.916970428
-2849.28615306 -8075.73975124
3537.80201686 -1409.70603929
3517.88354466 3278.8927091
9260.89973685 658.554238565
-3330.58134026 -2809.37407289
5094.21389171 1209.92232486
2433.1064201 -7197.31326521
-1346.78862822 362.024656151
-2651.09380037 -7805.52962165
-6012.64533286 -7894.7428312
5568.45560562 -4657.06802592
-5832.33309301 4133.03162793
-6145.04614331 -7444.04626084
5582.83827838 4300.95541922
-6755.72404818 4895.32597989
269.036878504 -1061.1327399
7122.04330331 2223.68989368
-7810.84404133 6045.40555307
2152.78643565 2953.73650581
-2921.9323056 8995.27460285
-3422.46359523 -6452.50720599
3358.82459754 1022.58602731
8573.71563704 -4318.95953706
5256.78052058 -3818.16093269
-3541.6563828 4654.53777661
5885.79723975 6145.21521787
232.261967464 -2369.81531254
-4808.61985187 831.994077016
-3947.67979744 5619.26233944
-9659.492328 -1285.26526236
-4091.30684323 4220.85161595
-5458.23450453 -3507.49077195
179.663779603 -7038.70155454
7152.72697359 6207.6098
5382.35279053 -1367.5796555
4329.25913869 8307.27453833
1688.6406915 -6659.73880549
-5401.3441461 -4025.13982902
6629.62957897 7457.83494202
3228.43776366 3598.1629441
-419.388545807 -8005.80811365
2765.64564394 -7121.07600114
4453.21083295 -4354.17192221
4848.2411489 -2276.14813406
-526.881873645 3762.27897658
-8176.62810466 2699.48971359
3254.95016228 1494.34939792
7314.44134008 1110.50313367
-6024.74521923 1792.77153966
-1730.51599819 -164.797542367
3980.8468773 -4205.33827442
5341.23818403 1299.20462312
-5749.78585759 -1009.02224193
2992.21197383 3943.79762801
-760.639449125 -4899.4178897
-3880.81431463 -4942.06805926
213.656240546 5241.6995165
3273.60546599 2194.52916886
-1962.8422612 -1334.82914208
-1925.23705117 -1190.92011888
6005.04273579 6163.52544865
34.7179740961 -9144.56011492
-5873.07497351 -7261.42907373
-69.3631668934 -3540.08939133
5726.30090581 -4290.63331597
-3242.35822765 -6647.17677247
1565.20657137 8492.26556358
732.722804856 3367.43502961
-328.282956485 2424.48471479
5120.19775449 1386.02179992
-6813.86077754 -5460.30619077
4882.97054287 -8292.0723575
473.490002472 2045.709853
3865.55892011 -3596.75796216
261.563819716 -4916.71572737
-202.782432189 7791.36290851
-1147.35557346 -3939.20034068
-4874.83821384 -5172.91739564
-6015.911071 -7760.87470762
3686.52930123 -2564.26928919
3914.98881931 8704.14715511
-6906.89229274 -5035.06786464
2444.75719108 -5857.41427882
4657.24853457 -4657.85685003
-3791.42873385 -8244.61094491
8958.6139205 -4.89594477622
-1348.95740463 2158.61529798
-86.5918766459 -4195.77406652
4657.43504445 -1879.12695662
-8839.79350762 2091.93901668
5120.33647522 7125.43456365
8283.14763784 -485.44339449
6655.65423783 2397.07138368
-6691.00914133 2753.14561623
-8609.73526901 -4064.74422385
-1263.75255006 1576.79814129
-8646.18908577 -2777.53214262
-2924.65329168 1299.7113497
1107.8043046 -4226.02106155
1621.30318781 -4171.2288661
1315.356609 9880.76711499
4698.9181815 8490.90100392
2352.19151755 2168.30176865
-158.197510267 -8866.30173376
-1686.62505322 2339.45485457
3860.50105015 5809.87567505
991.066937328 8818.5372129
-9394.75253816 -2101.44675146
-2088.94684971 -3743.18616639
-3706.00529886 -2444.08065852
535.47024984 4102.82571643
-3985.0268961 2906.18188786
-720.426623831 -9097.46086194
-6478.45707632 564.387923659
-3209.46767957 2091.41675857
4798.94491591 4318.69746977
-2379.09520604 4633.96584229
1897.50900671 -8621.98693858
295.152283886 9526.23826218
-2402.85414569 -470.062146538
6774.32171862 -5495.06257677
-5777.45053608 5344.34381888
-3830.0267876 6595.96134443
-76.0796146015 -475.654312774
-4365.60235522 1765.43709595
-6598.71074742 -4034.4153165
-1132.96738628 8522.72267224
2875.03171494 9428.36753568
-4084.1657295 8708.42121903
-1497.00532883 -1856.75212821
9866.57929687 -1307.43984299
-2529.45743247 7508.56716676
399.855141323 -2168.01165117
8287.85275548 4748.54731759
6972.19498495 980.872779811
-6074.81889357 6561.15160114
-8479.5432386 4806.1855431
7044.59568449 -5523.20054514
3953.44249669 1758.58676972
-5770.00338989 2750.74817479
212.016588603 8165.70772252
-571.216306049 -8948.39599213
6174.9520647 6147.97840442
3367.94504914 3323.95922735
1771.27704348 -4195.63458501
-577.259829281 7458.12811568
480.552395572 7779.12010169
5784.80901655 7496.63107042
4736.4580547 2265.26700409
9447.08757134 2249.56337009
4305.94751521 -613.370370682
970.78835621 7634.38337128
4109.98868663 512.046182334
-5282.29867325 6895.36165117
4867.0209018 -2640.22632301
3041.00197215 4272.00405361
-6142.25708045 4322.10690532
-3219.32235438 5356.83961245
-5076.89668897 7794.18417956
-190.574060856 2025.8432699
4696.15622526 -1830.63069713
-6364.4686884 -1798.83429415
3544.19028636 -4981.13469219
5383.78618608 -5961.40182747
3603.67260336 -5255.51390619
2269.70997699 -2967.67114912
-227.876374807 4560.963801
7096.58321415 4346.88578316
-4228.93973929 4357.50228589
-7739.66625135 1014.70153155
-1627.13294759 -9398.16136835
3839.55488634 -9036.50950586
-735.221054885 -5072.94490631
1937.18699122 -2258.60141406
-5472.29266787 -7148.21798292
1599.94015676 7707.51213236
3885.78179974 -2686.33500135
1534.36919996 -4735.51038836
3631.88600522 -7647.44785249
-5899.01361881 4778.93711447
-5151.86045506 -3537.93263112
6424.75358393 6804.68060963
1414.36415405 8320.75408764
-7536.85718569 2235.36351341
-6087.21580546 -617.837537841
-4622.33404621 6367.63066734
-7636.87793196 -2493.85289667
-6839.88378885 1085.4125355
-1459.63268504 2592.98808184
8552.87613576 3926.54738042
1330.13371609 2621.75233729
-193.441391494 9873.35759412
-3436.50324306 -5102.78248147
-5879.57402233 4425.67931362
7271.18690625 2872.13516974
-3981.72460701 -6489.65474245
-9328.58632483 -2322.74982244
-918.507564487 4965.95724033
8722.65631426 -4754.89099346
-2144.80740464 7725.42875462
-5053.79853692 1747.76483898
2794.28616691 -7169.58206791
-279.761507393 -5948.85798178
-1567.17583839 -2700.1161144
4233.22508498 -6382.67300515
5869.70200088 -7555.02046049
2973.295187 -522.68502179
-6589.82062853 6743.19967478
1803.69260006 -8066.46259879
364.836386566 -1725.78118869
-6424.34284729 1612.4014428
-5756.19175113 8016.7339007
-4400.49308818 7739.19775952
3636.26926866 6596.72033145
5317.21242641 8304.12435412
-3469.81198847 -1495.51935784
-8851.31187034 -2109.05865641
3066.80833163 -6864.19406437
82.1361821551 -4819.81054595
-1107.53556839 -9277.39255246
968.781649429 7502.50334563
-8342.40454579 5414.45414252
8473.65096047 4466.59230704
3496.14918409 -4912.40932835
-4428.95802604 -6295.88259783
3454.32155221 4883.80981593
-6165.61751119 6021.50248624
6013.5211822 -988.780941443
733.994084945 -6734.29039675
-5160.78416372 5821.81203143
-8744.27981818 102.909933052
-7609.0077493 709.599299082
-7604.47536336 -4872.93501372
-5368.38674024 -1890.13841353
-4416.14140514 2200.44852837
6220.18704854 1396.74686436
8628.19333543 4531.94614283
-9083.31945068 -1060.91155261
-3667.18051673 -1473.93107713
1839.70127878 -3680.05548274
-886.540743 1306.65107474
-4749.5727758 2231.99905313
2556.73105636 7713.39079007
-3048.42120886 6542.10620857
-338.428968137 -6495.87678931
-4970.36581491 3185.65224357
5520.28376385 244.613886431
-852.472789907 -3812.99216448
4660.6760294 -8560.96668066
-3491.07256716 2341.71804966
-285.663938124 -6907.22180552
684.11679044 -6287.85888265
3428.60879605 7297.09643293
-9247.18245314 -3095.95324632
-9096.08737157 3972.52282726
2165.25099436 -2271.76431548
-8546.12346935 -3372.80983645
-1575.02168834 -8088.27936686
5301.49461589 -3671.57594116
-5416.65587794 7908.65916716
2133.92110514 3644.06767051
-7693.99171049 5663.49980167
-7481.30279207 1384.36197276
-1020.5857363 -5410.70771541
-3129.53623718 8906.15687706
7981.57395276 4009.7900367
-5391.3016233 4899.50772874
2600.21773814 -5128.0864533
-3571.54358317 -7812.42319788
136.792021173 -9843.72704658
-7770.08713139 -2606.53566454
2047.29560901 5251.4331548
-1416.99122489 -1578.67360634
-8346.71910575 -3891.68862621
-3193.23974192 8688.32665442
2465.95316694 -3591.70050312
-1467.16584105 4698.1570095
-2457.58860042 1995.94794992
-5474.60112022 -3278.00523829
4102.81391022 8886.16995804
1925.60851826 -9783.74949401
8922.00806632 -2698.87013903
-500.380222141 6378.83741976
-7351.22858713 2789.7332109
-8627.54960161 3703.44286571
-822.193337295 -2647.92654152
-8785.61912113 4539.99848656
399.253666743 -296.857845433
5650.86402013 -5879.90108837
-5104.33622288 -6794.20966852
-6582.63666499 -4204.19304261
-8322.40189529 1864.29917804
1900.57299237 9055.37914966
2762.80916236 -1604.87508845
-3365.43799304 -2734.91100272
6086.07602228 -5925.17375865
-1917.13925052 1602.21660635
-3439.68450264 -3094.21137318
7986.11506461 1730.23997755
-3162.49382337 9046.75425144
9731.29118985 1369.87787593
2813.84027011 5528.01536296
6634.83433777 -1721.83464365
-1763.68451251 4886.87471486
4767.34039701 -1724.95978832
7341.05447794 485.359304366
-5902.72777694 -2214.92098886
4496.25774026 -575.15920182
5630.21060063 -2747.14777589
6211.66582057 453.564196559
-5150.96625838 2749.64024209
8994.23813112 -3501.35533223
3493.51968852 2060.03482095
-985.833429593 219.838419247
-3759.7958171 1122.85672159
-4915.84467813 -8154.4919487
9305.2307479 -3167.95548746
-6254.2317296 5579.62959442
2301.38059828 -1941.94166066
-5318.90555329 -7934.35966243
3975.91746591 -5087.55501439
-600.343287753 1584.98444337
540.062572291 4251.19092372
6731.28727182 -5145.82620341
-28.5762534523 7351.30057808
-9071.91612113 3962.58342387
-4096.74391731 779.387570896
-2274.54309165 532.393947167
5483.27503885 -6350.09846927
-4538.39612514 7768.54294763
-731.842350436 -9228.11010617
1932.02421225 -4010.73312634
-5748.84188206 -7039.48254936
-5942.37741299 6736.79446104
-787.194327347 8802.55074083
5025.81887551 -7685.66356901
-2275.44226643 9036.63413716
-4683.16968842 1242.57232971
-29.5377773281 2919.78032946
-7521.36601187 -6089.66559773
2083.58250903 4520.61534008
3890.34137251 -8675.05911001
3779.4872195 -6461.87276599
4972.98944213 8260.81819391
6270.311754 6771.02429379
-9167.84133615 915.10494798
-6310.69573567 -2675.968694
1491.4983133 5685.52514034
5110.05626061 2450.61761341
-7201.23950559 5452.77674774
-2164.98052524 -9256.14010501
-700.55645723 -5759.93466146
926.619235054 6333.13605954
-8192.36013377 -1340.89214798
-6516.9858476 -506.082237653
-186.699708645 -2802.59175045
8941.96134757 -3200.4348009
3518.8369552 -3329.92980943
2103.11239837 -7337.02256045
5364.87997426 -869.240438825
-3875.90762649 -4149.9814569
422.117427357 6839.22025747
-3754.66247169 -4600.83516648
52.3580300375 2783.15222538
-1664.87743845 -6388.78958936
-5843.54604913 2748.82604704
3922.53591607 1166.01844111
-833.053384894 -7376.80352917
-8606.27478758 2776.02767003
-5893.86008285 4128.99808199
1811.05075104 -6067.23119321
-1575.92815646 -9180.56577929
2567.0866734 8593.52716206
1228.16755332 7491.04269449
6268.69318868 4265.53209001
-5525.53428978 -364.905727827
2202.03778067 -9230.10161344
-7068.01894059 -5464.19947319
-5593.97157352 -2754.61039213
1687.04855805 -3157.87311732
-4198.6517731 1160.71988553
1208.84477038 -972.32936922
2778.62569535 -9031.92453421
-2801.32878559 1909.60807834
-1486.67053477 4156.61534698
5582.73775341 809.255678412
4511.92085528 5407.33249308
2335.38177193 4088.77793619
-1707.96491976 2577.92081807
-7235.31129853 3023.3907699
3953.43698171 6713.69106358
-6600.10204173 -835.487005347
4846.64325434 -1032.08244889
-1871.95986044 3745.83913506
6626.25195236 -4397.95348199
2976.4308078 6856.4886128
3281.71067484 2079.81128176
8763.37921196 -2134.24170723
-583.089464914 953.787868022
-5367.85692228 -2266.99221695
1744.30904355 -2053.17579726
2319.97763537 -608.68363209
-2197.93336895 4423.55735881
1589.75510842 8913.92947826
2812.72426022 -6350.63959825
-9471.63440694 -2046.5429554
-365.046382877 -7578.736579
-2267.94882344 -6860.81512744
942.807220093 4998.88870556
4832.19080544 -5109.96097931
-2453.32325381 4936.08280358
-6061.9474499 2983.41325642
-749.639946975 5719.07523779
-3631.65354217 -5456.78051813
-3476.70707092 -931.097950048
4358.7282552 8607.00065217
-3142.10799354 -1073.57702674
2500.03830663 3470.53541362
-1558.56773167 6119.07436188
-1444.69943537 154.986330922
5150.20501984 180.576975826
-7515.97583727 -4534.81149905
-5658.63453304 -4034.90977388
-4228.05159685 -4538.53061708
9680.13245475 813.674627685
-3287.4424444 9265.07503522
-1324.02656446 3844.13576964
-5694.99767189 -4626.97656667
2942.34575756 2664.29363386
6904.84830804 5085.70403657
-7028.68523038 -5188.38397762
54.1449089567 6419.01604844
-5389.6171654 -2288.51790191
250.461205825 -4765.15294945
1278.84062204 6763.91539706
-3747.6814534 -7174.61832463
-4211.98028716 2289.7612237
-3754.85932223 -3923.09353386
5116.24764796 3231.01693279
416.457573055 1056.99773098
2453.85208714 -8327.99650499
6243.51499559 -3772.85561931
4220.33714035 -4962.8488934
5999.03679757 4483.31090941
1826.65808593 -8556.97900943
-1985.12341129 -9624.20037552
-4784.66632021 -8114.7381629
5196.94467448 2256.60406893
4229.32352379 -418.757749182
4389.2076773 4380.22941775
-5971.48579804 -7539.38015908
-2142.00055401 8034.70084445
-4725.50578374 30.8419351454
711.216483909 -8275.34094087
3640.18983994 -988.637514061
577.733834102 9673.6892994
5543.71181069 -6294.78343137
-8338.47786557 749.176769884
3503.00233673 -3417.93508928
-4275.72017361 -5359.19390435
-1043.00674882 8335.70535779
8238.28807999 4364.57165787
1804.50009365 -4619.03401273
2547.42657665 -8401.21716949
-7830.82616151 -678.792732785
-851.772272209 -280.639711299
-205.511231962 -9853.2504037
-3655.82109743 -8892.9225338
-3837.24104328 4458.86449174
5105.67041685 5083.43058868
-1611.92573502 9418.91278356
-442.469459045 -6853.62846227
-8877.62352367 -1047.81296443
905.8985152 331.56640554
-7379.37045059 3386.66749793
-4093.64514839 1451.89883128
-5906.48801072 -1739.6200047
2339.40291055 -7474.10584687
-4059.25091836 -3087.29720202
2656.28931506 4620.06577302
-313.411348331 876.298052177
4567.56243901 -7899.60143531
-3026.04076755 -3073.15503923
5340.35814903 7470.14805176
-3671.86820004 2207.80943399
-5257.19557357 -1841.18634998
-4268.41333659 -2036.794426
-3828.94541771 -2867.98963412
8513.60745386 -1256.60112072
8013.72779719 -1876.36048867
4226.2914987 1931.03258207
-6001.53488459 7026.27115092
-2425.50351048 -7796.64685445
-3266.06723905 6712.31700513
-5732.40161758 -7268.10085075
7476.49342524 -870.183823802
-2038.73135784 6258.66063643
-3661.59781042 8643.98051422
-8089.6584133 2034.14828356
-1412.24520549 8011.86645181
6521.84318078 6272.84207849
-5637.56335977 -4715.74418575
6763.34201023 -4478.56741229
-1578.49539552 9200.08532755
-3771.04826077 -3633.86802916
2293.90119333 -5962.67194887
-627.127580689 -794.515351557
-1144.49630197 4514.27580952
-8121.20974617 -2238.0238138
-3753.02963332 2076.62346864
7238.1112431 1407.84204449
-152.936679547 -1886.03228334
3766.57626632 -494.040077388
-7259.56583297 -4609.52955068
-5678.52957707 -4817.08894721
-4548.84853317 -5956.74304021
3602.97590826 -2843.72630271
346.216681689 605.504316421
-570.20611358 -3261.27722313
6778.43327386 1956.81391201
1609.94833235 -2270.87999256
-4600.14928111 760.077614291
-2805.20078425 2596.19969431
-2863.58510293 2790.71435266
-8364.77180241 2228.56093656
3658.67562385 -2048.72500326
3263.89690503 2813.84209254
6463.82111506 -4324.13699939
1908.81803117 5522.93313588
5187.42863154 -1468.40574262
8384.05282528 -2716.89293731
230.87315471 -7251.88522113
-6289.31180441 795.753368179
-848.080647315 2864.26549712
-5353.10825677 -944.984629548
4619.10662078 768.092790918
-4002.52350839 -1125.4582824
9518.14503394 -2056.95825046
-551.462570739 3928.89505602
7671.37411711 6351.60502015
9712.09609002 205.920596753
1314.60429829 3663.92397527
-109.721336962 -1944.18179296
2638.2001497 3251.99642861
-1177.68715937 -3488.02382197
4541.50168489 -2082.38127881
-6856.17245743 2947.70951586
6718.33091635 567.211270234
987.280379755 -9319.66737636
-1449.2710214 -2916.90916793
-6845.02628376 -6122.11958116
8969.08489379 1691.96831134
-4788.93595986 1134.84490745
-4792.18917957 6872.25762701
5613.18890714 6872.59760054
2488.11535618 7951.17655854
-6515.79971636 5669.60676623
6749.27235986 6020.88881055
3960.2382773 6098.45837417
-9401.39601059 1891.94248818
-2653.0503221 -7434.80875876
2357.72893308 408.751874128
-4847.73893584 6351.22647838
-2024.2081428 3268.24367148
683.123138311 8637.01349277
567.701694419 -8431.22840948
4318.64243519 2027.67555266
3703.5461673 1931.52040484
114.596111565 -7078.38565572
-4228.18497971 -6346.39021444
-8272.03319469 5272.57207515
66.1546455286 1747.33213606
6272.43344933 596.890349896
2335.19451743 3691.88736189
4216.51886368 8802.37500021
-1952.91377523 -4497.85473628
-5584.92850196 6146.41092605
-191.74284774 6018.80341551
-148.752433107 -167.52435751
4805.9300173 -2712.79439885
7224.41650447 4872.68533218
8882.50774166 3631.60332888
49.2214552708 -3801.93943388
472.136797424 -6114.00888196
1917.2799827 9692.38646386
-5351.6296155 -6878.71693133
-7248.04374272 -863.936949936
2273.84653362 6687.53425412
-4147.47463469 -3860.40802235
-583.244344187 875.898181559
9153.26514516 -1200.63589273
-6240.06997383 7349.88936779
-8089.74392117 -1841.523108
7973.1995249 -5090.30749109
-375.201906757 3149.55282415
3290.20963591 6819.10677308
-657.642864606 -9621.83013637
-3772.21866781 7575.34375422
1707.82268647 987.582506886
-6488.79633474 7264.55119888
-3665.51521459 5195.29273731
-1694.84810355 7683.6372659
-8643.80151897 -1735.00058202
-5023.47556727 877.020928174
-1894.42265488 8315.51015614
-5262.88926831 7316.67230965
-2803.48862106 -164.984616698
3390.94977186 155.657765465
5262.29855171 1838.14877575
6787.5335208 -2502.66548242
6234.99059873 4828.47503247
-3158.7821697 -238.545035321
-8461.7372786 3720.75695595
-6951.04560216 -2800.99620552
1340.33575223 8739.25321113
2305.67100229 4048.91809173
5573.87717643 6314.52616517
-1626.63668491 -3701.43103097
1833.28520884 -8162.37487802
-7766.94369969 -193.565812257
-864.22528445 -5593.63443199
-2309.6099058 -1884.57657378
-7384.62508033 -1333.12278477
-9255.2264208 1157.74119022
-7318.46367944 -2274.29642229
-6913.46132923 -3966.83032073
535.34486343 -8776.19950321
2765.65520826 4965.78253708
3886.98597394 8911.73341371
1600.21969678 9037.32544441
-6575.59898439 -7202.97959507
-4212.52039654 -2030.59660479
-4717.63205254 -8108.95944483
5216.12413601 6762.86441197
6157.23579531 -4164.71961314
-2184.49487407 -2895.97238132
6151.19608128 583.492161353
-377.439809645 94.3293696505
6909.53654661 -7184.24405085
-5319.97309913 -2434.3346663
295.020881953 -2028.7424422
-7130.01363978 -31.4366992425
-2405.10554304 -1323.64878851
-8901.64164298 4191.21949172
-824.366096172 -6777.30520812
-1379.1927437 3098.04172889
8033.5371666 2918.93888441
-203.188444242 8049.10335408
-8196.71998582 -1269.7615603
345.105078961 8597.36709678
-2805.03287591 -767.132551864
6839.52421578 5492.21655054
-6527.89867871 6247.1503321
-4952.88648518 7633.66640593
2869.40673841 -6259.77957187
-5616.85678277 2120.62748152
1442.22648542 3666.47904543
3025.4373487 402.426753835
-5690.8067132 -6855.27861063
-6702.36523454 7258.21020782
1874.00375641 6062.58969337
-1600.04317909 5183.51459864
-6503.82744158 785.630354648
-2672.93499829 -1089.1340832
4444.04177244 724.485507666
5417.12144649 4219.19737917
-700.800891549 618.451131787
7437.24885555 -4453.31990232
-1206.77365291 -19.9026708971
3412.59439433 2210.39558844
-2771.55392381 3984.36164012
1329.90485409 -7210.11421263
-1846.16022809 9119.69790175
-1270.40362346 -7861.54753979
-4699.73542207 4495.26099658
6592.02981783 1981.79651131
3409.02778205 5355.56916213
-5926.72597702 85.5336412007
-9921.00694411 -201.007712108
4142.83964442 -3902.62660858
7498.02996739 6266.88442615
-8209.13797885 -4455.24139538
-5177.46486135 6951.74304949
2197.00155393 -6230.44978856
-5314.34659887 -6272.35318438
29.5054890973 -6101.48525851
-348.803522334 4878.89865883
5952.01094726 3947.0302677
3891.94161985 4351.22645074
2703.76456611 3648.49535143
1707.18363648 -488.957061542
-2758.47377812 30.5937179204
-6020.14910832 -887.641144028
-3714.68110078 -5200.81249241
7231.84738892 3597.92840418
-7572.07857388 -3039.67348831
-2767.92071142 2882.3212648
-8949.02682562 1347.67628532
8275.40895654 -3859.12012625
-5694.98854398 1739.09612352
3140.64865296 -9268.2036282
2749.56110111 -4167.05050815
8750.26100718 54.455875115
8905.64856898 2488.9893492
1795.23669793 5587.30745292
3219.83118482 -3587.30969029
-6428.88266888 7604.29095482
469.192760469 3527.94523801
-3879.11756115 3816.0820367
925.813876504 6830.47244766
9163.24378836 -1850.91748375
-6187.69686053 -2958.98378149
1785.33708777 -2841.12730045
2733.41550408 -5066.08308515
5069.98731415 7842.71389183
-3251.1528348 120.968833706
5606.70019224 3718.95365043
2735.7576068 902.427976394
-8053.87923314 3490.67499022
-4045.45490489 1372.00523892
3518.08045427 888.202621157
-4169.59822124 0.945015668749
-267.367903508 -5219.27866826
5168.30523845 -194.361606975
2246.19520344 3532.43760108
-3634.18542087 -7057.37577796
2814.21940758 4854.1699111
-561.287858838 6389.49277896
6824.76437563 -501.971010234
-2587.00916698 -1548.62594439
4325.72111294 -2424.19473373
-3288.27118423 -2848.34911137
-4694.03083928 8593.2359917
2878.26633016 8241.36478794
-1841.56152227 -5456.09558553
2667.77345773 4276.53708847
-8774.14039074 -3327.26408291
-521.192855581 6177.70300587
6209.76871789 -1130.09236744
2636.24793378 -3396.39126795
6918.02132234 2296.95314109
-4041.50984746 -3492.21591329
5761.14147866 3443.17443983
7631.46689928 773.633456694
-7172.73420309 -2061.33858041
-551.514318253 -7701.47992924
-3610.28696724 2758.47118077
4569.27327961 5791.63370014
5881.99244667 1046.79753763
-9695.51065761 -2415.45517918
3122.15886906 925.920304579
1937.13131384 1621.58546427
6349.17722119 -2429.32816469
-2701.04787247 -9525.52702397
2134.2021956 -8067.26925377
-3855.93832003 -89.7827016943
2847.64997391 -3566.84733526
8735.92768324 -1038.41454492
8612.0853378 873.47179772
3815.25735091 8554.25297596
6595.98157038 684.173440841
-8335.78536592 3642.7179844
4182.30361515 -7029.15140113
-504.279041603 -4673.03812191
8595.22532875 -2884.58702241
7067.40754405 1416.32484842
523.313549428 3478.785509
-1198.2908762 4601.22642783
4070.04371527 -777.348846054
-9196.38975443 -1048.67539872
4340.85766362 -7020.72401795
-10.184988791 6278.47384878
5571.61492476 -4591.30025548
4309.98876548 -4291.92506449
3792.57702665 -496.581738772
-4098.23240284 -6137.6409373
-3476.74245012 6537.57547774
4624.32264761 -2541.47443533
-2599.91193708 -9645.80586582
38.0988932041 -2789.14909254
-251.179115432 3919.54190614
-136.107650537 -931.733853305
147.552246711 3860.60719126
6863.40024498 -547.91528118
3347.35199903 7438.32705507
4326.38882534 3432.45947298
-6656.2989594 3687.98762899
-8157.0635429 2600.34435673
-4890.27963772 -2174.64310348
-8556.47794294 749.916618308
-4944.95849087 8323.33397474
5973.48360909 -6275.73799289
3137.95905377 -3639.45713932
-4871.22159286 4820.26347632
-1254.40667807 -4258.14208337
8092.09388595 -1202.62948777
8530.71878568 -1871.93690042
1699.00596219 -6798.62856559
-2035.71538559 7777.2415571
5286.67641525 -3483.5676732
-2972.11114204 492.012235088
1274.99761407 4297.919247
317.826802479 -7440.57767078
-5430.59467631 5635.13310248
9377.28447301 -3241.01833162
8325.97223721 -3766.81520484
4504.76645418 7965.15841294
3870.50791161 -2844.80383248
-5840.23303724 -7663.70525779
2959.27643523 -1766.10623053
-1393.58586686 -3731.27933209
753.814911799 -5844.71992657
3935.49883632 705.204915678
1817.09670322 425.846867247
4467.57844648 -4342.16586843
4731.55914482 6955.53755396
4653.19120204 -7790.44638729
5951.58216915 -1582.49205323
-5738.42966369 1621.22893694
-3545.50393452 -4388.89097439
-4073.52841231 -2734.30747433
3625.28966602 -2407.26610697
-3606.13394985 2779.10226839
7313.642209 -1961.87318936
-1352.783117 4154.82340445
-2387.72300172 -5704.28711572
4172.97442631 2323.51865658
-3784.8056429 -5864.09296721
-966.584474441 -4370.17508104
-7507.05214244 -2865.74466462
6652.0577422 658.636152631
1827.96107356 7840.62568353
-2360.77938586 2607.42874908
1307.93641422 -2864.44526152
3639.61218878 8546.83810209
909.40522507 -7659.24777115
-5028.30420704 4384.5809161
-5888.16590648 -3400.48152548
-9020.75323806 -3148.23037714
-1120.26817837 7699.7223562
8510.52245208 -3139.45296049
-318.806117309 2534.75350107
2562.25180107 -268.062419148
-169.605825707 3862.21462016
-2666.02146422 7514.47017448
6121.26846213 -3333.96956963
9758.22662473 461.973032718
9204.67504459 3782.88507903
958.842453152 9599.91909499
-3719.06402936 -959.409806733
-4309.88822983 4182.62803811
8083.0281407 1223.41882995
6723.55830772 4812.44669899
1858.31911645 -2893.69893636
-1831.85303346 -3509.30240255
3415.53875955 -4096.62091024
-5759.00357786 -4096.50272603
-1251.51381282 -3302.23085738
-9647.26678304 -2256.0841661
5957.58639946 1734.26243729
-5932.85955551 -4702.21457904
5734.62330921 4096.75995906
-654.245891363 2736.07064844
-7038.77498586 -6863.76637709
-5996.37019908 -1452.28004708
1280.63459445 2087.32973733
5570.59878025 1022.90884824
7310.48786599 859.941735548
-7309.52813841 5439.45747462
-8138.8269868 -1573.94055244
3016.8064046 3192.91221107
-6841.42340926 4697.41757689
2022.45500807 -7461.22642101
757.908715276 -7385.47141008
-367.846785208 6711.54674122
4314.68887953 1314.04268622
-945.938799637 4886.58325071
-1036.31108123 -4685.06032154
-6055.47549775 -1318.60150581
8685.48459436 3166.58374763
-4857.57605931 7082.78900088
3531.26525333 7451.60663711
-3371.95295331 2459.94649362
-5623.41039395 7085.03634875
1620.86307463 -8723.52237166
-7162.81025704 4259.40385803
-4077.91884965 -1236.74481959
-3709.42216346 2444.60161065
-3838.47994351 4419.13348251
4186.57385923 3467.30944473
5718.81827836 -5916.743148
-9438.51256295 2165.48247149
-8178.38366265 -2358.95906704
-843.102788118 -9019.50614638
-1744.39825109 -8258.06176228
3141.45471895 -5520.20210752
7771.83163727 -918.254247764
324.266360256 -8650.4283996
5065.43492979 3246.99279835
920.402550644 3590.10319666
-8296.04648929 695.969085215
9277.16220707 1546.01458572
-2752.32782477 -8270.6674295
4693.57767136 1686.30362709
8605.15794427 3509.95432588
3620.47156063 -8950.64740341
3997.28124758 5141.49211914
3006.42303584 7533.54864113
-3510.33965642 6538.98490431
359.609853083 1469.41225747
2498.18471902 -7896.4044626
-24.3086123927 9372.67293206
-1660.78829048 5761.26119404
4853.90130155 -6841.01762309
5751.78755295 -146.690702823
-7483.66173712 3303.59324928
-1536.6974174 3403.72211406
-110.304866351 8477.7295913
533.760635824 5313.79480255
-804.846843749 1743.78752963
4322.17137769 4476.62569176
-7155.85586571 2226.39649251
588.408539373 4348.57463368
96.2041980559 5478.62760208
2765.43438874 -9522.05584676
-835.692550422 -7882.48371518
-1448.15977499 -2459.53656191
1700.29264977 -3627.12618974
7818.39236225 3202.61419279
-3225.15967057 -717.96025511
-718.609649474 9083.40243322
-4865.81786575 1562.56559609
5552.08978336 -2434.71900034
5416.66015653 -1087.48472597
3547.41468075 -312.028997904
2290.11254541 -3457.620173
596.777958244 8257.59780744
3790.44846097 8307.49372343
-6308.70486794 -4135.94540061
-213.502677797 4279.35352944
-4918.80535594 -5263.85055531
-8753.96368611 -4104.05718509
744.293284336 -4390.42699737
593.679693038 -8572.23761608
85.9046517975 7797.1322741
3528.1610191 -8671.54853179
365.468692743 6135.80250098
1187.89056723 7631.67537699
-3718.28296971 8924.03182379
-1941.33947724 -7552.63054609
-913.796279816 -1436.14455058
4364.18057259 2395.35178298
-5178.34776814 -6447.98178652
909.34541632 1857.772647
2082.74423265 2253.98163675
