4787.71727861 -10.1653319874
1171.82411292 -5915.98724691
379.475459462 2785.04581828
402.978342386 -2134.58798132
-374.504970652 3724.28114055
-8314.69612303 -5555.7023302
3404.20645927 -4551.18240889
-5270.02162267 2335.74239497
-5118.16707208 4099.75911599
4938.10185789 2589.20042544
-2270.0816709 3409.80945128
2793.67587017 2225.93047468
6588.16071514 1513.56384358
3270.59545094 5443.13805921
1872.63374168 2279.49333119
-2986.81224774 6166.04451484
5878.31005429 393.502389439
-286.324111603 -3885.81206853
-3826.83432365 9238.79532511
2256.28655439 -4788.82896171
5682.60555722 -240.258275961
-2834.71660504 -1138.12008114
-1285.3320675 6547.62260365
1507.36617238 4927.33254569
-4200.75612563 -3685.19477828
4399.61017276 -5256.01555116
-4251.18547783 330.061466897
-3231.83103876 -3943.96489473
3718.68678485 -1238.40572464
-1689.87928671 -4050.40974058
3308.72092825 -3618.569356
6.12303176911e-13 10000.0
-5338.30698937 864.992114476
8819.21264348 -4713.96736826
2548.63266124 -5998.40996793
6343.93284164 7730.10453363
1150.79284666 3115.06452273
-433.121010652 6477.13278743
2650.65148599 -5777.08479882
-2758.88374708 -3524.62302083
439.561010531 1955.80695257
5356.11267776 -4430.31461232
-955.004038885 -1144.76377744
-3284.61619364 5321.96376715
1421.63524967 -5851.91732131
1673.07355746 -5099.60593646
2067.57557117 -2868.3541658
2.59331270626 -6169.62915674
4578.47794975 175.744221989
-6733.18937224 245.297165842
-3826.83432365 -9238.79532511
-4090.59036145 -5022.252616
1619.43254914 -5566.81871122
-2948.59729823 -886.768012076
406.061324723 5424.17663133
5681.72610689 -3707.6016714
3959.42265814 -1213.92441676
-2162.5628586 5046.20658199
-1444.99754044 -2662.97056758
-855.40265876 2871.70284912
6607.14967737 -1694.04720169
9238.79532511 3826.83432365
-70.7608014973 -876.447574976
5271.47585302 -596.551932943
3346.77514448 6013.2596486
911.972282627 -6563.77472916
-2292.17478757 4017.40284598
10.69852457 6764.70954958
-2902.84677254 9569.40335732
4746.19099225 -2339.5941078
2012.63051506 4149.10266815
-1175.61591555 -2781.24520483
2124.78939425 -5080.79775433
-6256.8559299 -1298.11012143
2307.66845236 -3380.26066021
1251.10203525 -5330.90062791
130.4842514 -4534.56896324
3835.15949079 -2494.81065627
-1143.98446669 -6871.19428679
2043.20412564 -6623.14737654
3547.20247675 3774.74077468
26.4386046543 1900.27208998
-2310.71915586 5002.93807479
3312.03306674 5551.3157302
-1035.6645974 2265.12219781
-1376.47354917 -5165.58275617
-2030.57938204 1958.18127655
1310.40421651 4749.10358205
2284.48553763 -790.905587038
2011.45219352 2626.58904459
258.555334729 -3731.82863871
5268.32430339 827.547073432
2299.30302116 -4697.84922051
1037.57943964 1833.70275133
-3830.53043303 2993.58136619
642.156835325 221.01085103
-2150.29234936 3427.07203985
-1761.81000543 -596.038077916
-4048.68711592 -3253.24505262
3342.47831906 2206.27676764
833.086021523 240.450674105
3662.34934891 -2796.38822474
2902.84677254 -9569.40335732
1096.06671485 984.311830116
9807.85280403 1950.90322016
-3221.93653513 1220.82739711
-1732.09329895 -6091.6321388
-1096.57203936 1014.40230188
-4287.0233063 1039.75798928
-6423.89370321 1290.16467444
4801.82855392 1211.47850701
-9807.85280403 -1950.90322016
-2564.61326706 -2142.46952041
-2940.27641314 -83.7006239962
2600.59595206 3865.13098076
-5657.89100656 103.232287781
-2991.31237916 103.045473265
-1474.41364222 6057.86288456
4850.1499951 -3918.37742528
440.527154938 -6705.84755847
4727.20677149 -2021.85945325
-1704.93282412 -5939.28809178
-4357.93241051 4262.13961022
-3182.19416181 -2569.48029128
-1430.43696789 -2439.15242995
5555.7023302 8314.69612303
4698.77936498 3148.49363294
2380.20114082 5528.9431978
-3170.47514426 -1515.77385527
3451.69434322 183.572899318
1431.95679671 2005.96721261
-77.2418362153 2070.15630681
1996.95522289 482.022323286
4529.33122169 27.1437388617
65.4473056522 3524.18163277
-3369.45004606 1169.59147975
-769.193439095 -1940.4337426
-24.5676674169 5911.11247377
-2421.22842709 -3660.06387461
355.809378603 -896.910497477
-3517.49814739 -453.396935739
4833.07893466 220.74996717
-2706.99954833 -2979.35153806
617.429437596 1020.89880775
4550.6863418 -4564.46675917
-2127.02828925 -2003.59847711
-220.073294515 2428.19516948
2658.94884317 -4149.9266424
-2455.51877529 5383.92255075
-4094.25051046 4077.42234637
-1950.90322016 9807.85280403
-4748.79435157 2702.1777228
4567.68901332 3679.21546019
-6903.78644584 -676.733649383
2469.32478569 187.440871246
-4523.92109454 4430.38610999
-3986.83597517 -2189.57002535
-748.755049691 -1614.72269582
3605.66608547 -1298.58740525
-1524.51740201 -6484.6318928
-5018.56570095 1325.03203299
-1812.32115855 -5337.10238915
-3077.67171384 -1340.0952327
1322.78421024 114.465068228
-550.199398458 5248.08620442
-3078.67462704 1824.04103466
-714.024137672 1589.45449343
-4759.03938317 2305.13814168
-3992.13985869 -2553.28583786
3379.14606942 1123.16863166
5922.79511955 3450.45502123
460.058198223 -5907.14087658
6733.57582181 -435.244345644
-7730.10453363 -6343.93284164
-2389.38366992 5249.62210667
4685.60083971 -2699.52701334
1954.39388458 4837.57383135
-6012.54178213 -2108.8550282
-1988.18828338 -3994.88278938
-2951.27917745 2537.32116044
6642.74822132 1148.89039145
4898.85816825 1708.68141867
-364.861597123 -2774.99560154
-3618.60697737 5487.0757668
2178.22559043 6203.85559386
6744.17813823 -515.111884763
-5684.18187807 -3028.2303224
-1048.73702005 4547.18752994
2154.48375091 -4346.62567883
-3048.89066976 4948.72262527
-781.732729275 644.301326097
-2465.77401948 -676.707746709
2391.1529707 -364.061772441
-1733.773643 -6558.17956661
2526.10315367 -2379.54253749
-4362.50534045 1621.39652446
-1707.36965634 -4422.42695786
-6863.79928197 885.5036818
3493.91814169 -2652.67666861
5970.90411566 64.1501240757
-1063.67028868 4061.312446
-814.923421394 1957.31833983
4126.381978 -1173.96120244
3694.1119435 -3037.20096092
1184.67176827 2206.49828163
-9569.40335732 2902.84677254
-902.761088684 6330.1703304
4542.72737098 2921.39391377
4028.26531248 1769.52031243
-2742.51145624 3379.06887978
3789.66870593 -4477.70160488
-10000.0 1.22460635382e-12
-2607.49294379 -4500.98886644
-1887.59336342 -4102.17513427
-1715.80882475 3044.61541897
-3068.55579784 5823.17618826
-1591.67539793 -5050.84557934
-1668.19380442 -1495.76428183
462.828773419 3632.78967827
5690.47478426 29.4159400055
4235.58115291 693.093273199
-989.658600165 747.754861595
-3572.96954875 -23.5581002558
-3422.08957016 -6100.60546728
4534.77636735 4197.46397103
-4316.26298092 -3958.49933204
-3422.55237704 2089.18430948
3892.94351822 -3071.59242873
3403.53551913 2640.4135878
-232.14938054 5827.17853267
4574.35286419 -1659.12859841
-3043.09866989 5147.39631715
-5576.1305319 -1328.42466564
980.171403296 -9951.84726672
5713.86945043 162.398515046
5982.31479443 -2813.45689168
2777.65229813 -1418.9514394
5655.00406504 -1723.85737806
2096.97447895 5484.42493196
3968.36514824 4260.08217077
-1196.56283594 -3053.80355668
6004.17744868 -2712.57545122
-2161.12998604 4613.5075603
-9807.85280403 1950.90322016
2673.9376904 697.297433444
-4405.28049495 -2500.47502011
-1950.90322016 -9807.85280403
-1258.64449662 -4068.83328669
-2922.23938377 -903.186363844
-156.916305464 -2616.08560484
-8314.69612303 5555.7023302
2220.19350472 -4921.88532689
-3656.09210811 -5587.57156409
1041.97590247 -2735.16530728
4695.73441581 -549.61958907
-4314.13708039 1527.4517981
1031.46487055 -3640.51475794
2786.88703056 -3602.40115761
2237.22939503 -809.921816085
-1833.1533059 -1607.48355036
3107.62860407 3663.93276738
-5942.37441065 -3274.07384475
-3417.23545699 -3141.79579907
-3153.0594159 1915.11937767
-4959.12322122 4504.85727153
-764.256085759 -1883.9718535
4436.68862979 -834.915141182
-469.427158464 4998.94324603
-573.522401374 5615.39185051
1978.41175598 -4327.29582089
2961.64027803 3780.60394862
6236.8612516 -3076.74562304
5172.60381974 2419.16564667
1260.96583881 838.573866668
1320.44073981 -886.934584523
-4657.12633187 3073.50263436
-1347.64307655 2535.99992689
3607.64646391 5855.47440554
5865.48390925 -1072.37149664
2353.56583327 -6461.19137592
-1243.12540738 5050.35939186
-5190.01833707 -1155.98488071
-4689.99678993 1583.41972365
-363.065599663 -4813.57527045
-4586.09303158 -2354.81956524
-4079.33538341 3280.73388064
2023.76236885 1983.44487338
5591.39894809 -1861.35856263
242.04399666 -3073.8067321
14.7495851678 1840.98795626
-1277.17633485 2685.98802713
4272.01784794 -4968.776415
2126.68138792 -3719.83551229
-610.152997346 6147.05456121
7730.10453363 -6343.93284164
-929.180605121 6302.8841046
-3637.14442059 -97.1374884667
-3504.70807832 -3500.12971263
568.996929232 4659.15863476
-5576.93229876 2990.19430526
4567.08503937 -1203.32747693
-454.700028739 1674.72903376
-3361.80064751 -2667.19780596
4867.59514839 -1332.28401103
651.541609312 -3878.09675607
4889.02560124 1314.03965718
-2902.84677254 -9569.40335732
1507.65372062 -2571.94731286
-6654.59519794 1624.31067301
7071.06781187 -7071.06781187
5358.99465331 643.426109755
-444.088540837 -1844.36816692
-6242.57450639 1565.21321387
-7071.06781187 -7071.06781187
1433.60352356 -5323.37075324
5834.31460097 3092.3731106
-3021.23775951 -861.970929103
-275.268594935 -2358.74989397
22.0092700401 3409.84999376
-2570.49520193 1627.1541133
5562.71997719 1172.22181189
2558.06467037 -2739.34948207
1078.30517994 3172.98419611
-5809.78145136 1492.27975861
-642.351031389 -2748.85243364
-1507.29670216 5869.69598829
-610.193963834 3273.87941699
2893.83201237 5734.24107624
-3538.79913003 -1546.11723374
-1748.71661656 -2900.16673784
-5044.91025062 4709.19965507
-2223.55628997 5596.95548167
3619.13787563 -3914.22818092
5577.23649628 2406.3349745
3938.05081097 -4039.55745015
-3157.17585451 75.7423757909
6763.92218424 -927.788243925
254.098742884 -3340.34585487
4016.0200375 1267.15111562
729.632755478 -6529.02568179
1519.31194845 1768.23764245
-2497.36218781 4921.45432898
-3681.20324831 3782.55720713
-5767.46453322 2951.67973656
-167.411400007 -1892.47228016
5515.32326539 1157.1777522
342.54557811 -5957.62387134
2008.04988793 -781.651422699
546.233541699 -3739.87022865
5197.67999462 4051.10074564
3322.1018138 -2047.79435368
-2590.21785245 374.72826842
-6456.83558616 2439.75122596
6532.61901282 -494.055544246
1568.55758439 2598.35974286
-4500.26290204 4743.49312838
4133.87514856 3597.37832699
-5884.33002092 3663.24620556
-9951.84726672 980.171403296
-3671.95477331 506.958223024
-5647.67665513 -1274.59944396
8.86871683833 -4352.73824109
305.152694956 -5215.70273423
9569.40335732 2902.84677254
-4040.62640993 4638.61854797
7071.06781187 7071.06781187
1961.02365495 2263.43874728
-5025.30359232 3336.82392191
426.655334271 5719.13017844
-6343.93284164 7730.10453363
-1844.92868899 -5481.27178698
-2734.90844439 -2449.35755376
6743.69531975 -978.597894667
-962.87487485 4546.98383272
2151.77316846 -850.220737896
5555.7023302 -8314.69612303
1099.0752414 2211.34969854
-3388.79132726 2093.46501465
127.758941006 -833.290324033
-9238.79532511 -3826.83432365
6223.7043026 847.664386173
3335.23282635 -505.495887553
5811.45563123 -2369.03170447
4032.98934945 2015.80434603
122.077268853 252.85667665
1225.19351997 4703.56810772
5894.91518122 -570.610684272
-347.465883716 6645.38165588
2065.95488544 -2343.49095341
-2151.71687 149.97367986
-4713.96736826 8819.21264348
-1501.20494247 -3174.4882846
1950.90322016 9807.85280403
-4473.65586369 -3691.60503827
-2037.12068412 -3841.12928971
-2403.64579624 -2479.58246186
-6083.15886766 2236.86880774
-7730.10453363 6343.93284164
-311.254348631 2954.10681679
-2502.18449998 3177.43022865
2627.42405625 -2870.70396863
-1068.09017581 -4594.0976325
5770.5113685 3733.7875069
3776.06515038 5200.49386641
-4971.04313379 1521.03932251
3092.96260291 974.458142921
4713.96736826 8819.21264348
5164.70004522 -3542.07572121
1568.41779221 4053.71805361
-5809.74335467 -1478.82913551
923.20378254 1785.76182008
-5516.38022036 -3736.06257136
-1947.27483344 -3289.71680527
1927.21288403 3140.44378728
-9569.40335732 -2902.84677254
-6824.16135317 -1365.51199555
4903.007915 1969.3576075
352.266082114 277.284393377
-5718.97149049 -829.460624015
412.755955687 -6955.96158455
-3542.45114469 -5042.43639694
1438.18164635 6335.62852909
-5555.7023302 8314.69612303
6712.48619541 -623.641424145
1532.49560405 -5463.62307093
-3065.84165387 -2679.57190252
-6169.44153281 1068.69153713
1669.82928385 -3427.86195626
-2912.33152438 -4527.11416593
-2187.79463135 1351.4068605
5290.01806552 -2583.84265845
-4551.21928369 -3466.50825213
319.725943861 -1317.54982353
151.474557525 2255.55971194
4475.0031537 -3515.48153322
-3523.21461446 -4204.62547619
-3571.27266363 3145.69111656
-805.979761084 3068.07613052
-261.196930107 2260.06309292
4167.28527511 -415.807732462
1933.96685637 3051.71589374
-1784.62915372 -4634.12231653
3974.6146735 -4434.06442655
3425.92471283 1613.98115717
2198.39438972 -1648.53990332
6161.60232912 -351.081296476
-3536.84847745 1848.15545469
8314.69612303 -5555.7023302
-1922.22354312 3813.29281544
1238.96020272 1564.08422146
-3108.81176952 -5700.86086969
-200.780110834 5891.74035222
-1996.44286992 -5511.3287996
1806.38978757 707.898566811
-3506.13625471 2914.96823309
-1593.93288765 537.291584965
-7071.06781187 7071.06781187
-125.414446036 -5344.08167049
-233.005942613 -4541.11740756
-4627.35541186 413.394752564
1329.22639543 1945.41327079
-1817.23435023 -6501.28128918
2473.85481137 -4093.99525208
-5734.87288531 3532.03017121
-1607.32262582 4793.20587112
-960.049102729 -3331.34434855
-1991.94272056 -5532.87857714
-379.571373078 4793.75498635
-785.298373611 -2579.78837726
3357.21384033 -4860.1931676
-4496.39853477 4113.64734019
3262.22003353 4531.87811849
4713.96736826 -8819.21264348
-3206.90275862 -3105.44271285
-4504.94869801 386.579455252
-3673.08672874 -548.190713948
-2551.85144315 1199.15337814
-4213.85830524 3537.19784319
-5583.01493253 -1943.21332643
-456.157511157 6639.65399051
1313.82884399 -3750.32438416
3826.83432365 9238.79532511
-4314.74041548 3030.24699963
2918.15198348 -3501.50952685
1529.70125751 -4193.0268018
-2553.54149959 4742.92357044
1395.01743928 6170.29801125
-4132.80388042 -4303.47780852
-3623.17964093 2459.36077147
-4765.94487907 -882.930167743
2568.64079706 -223.922685804
1735.84372997 6279.67824456
4973.76245526 747.242209468
-6486.41626407 -2069.18256421
5762.83349419 2864.93770601
-2121.2362619 -2254.13371504
1230.40308333 506.944963113
-2999.81141501 2471.88473886
-4713.96736826 -8819.21264348
-2561.85103802 2348.48282037
4319.56803732 3453.62821264
537.324472815 -6026.58106142
4177.11931882 -4787.4414777
-5815.26617781 2514.43874365
-6201.34493776 1148.61518991
836.429945078 2916.79015008
10000.0 0.0
8819.21264348 4713.96736826
-3074.80198086 -5906.03880658
-980.171403296 -9951.84726672
-1608.05354841 4553.00606998
1783.2927095 5782.59138134
2914.86819637 -4682.20405305
922.069289178 3168.13019244
-2899.55591761 -1704.36406136
-2022.42377171 6396.00395639
1073.23142913 -4878.6227208
4394.54798029 4071.52990437
2292.35285248 2019.00511322
-2060.33891373 -4299.48329739
-2545.23698254 -2106.50955321
-2587.3988773 3118.81221904
-4569.93101736 -4386.53422627
3416.67441755 -65.1711004238
4900.10128846 -3093.67016641
4887.55523737 2682.0158518
-5553.54844087 -2629.40171217
3079.06685291 1494.86301344
6343.93284164 -7730.10453363
-6454.5672397 -2381.29448238
-3082.60143569 2814.55643584
664.534458311 672.161083519
3981.2749253 -3728.88652933
-3636.99738467 4770.33813878
4309.60821709 -1707.54211396
6144.41569904 2927.07585713
-9238.79532511 3826.83432365
-2453.52846766 3753.30210913
9807.85280403 -1950.90322016
9569.40335732 -2902.84677254
3959.41144952 605.599319031
-1550.01033494 -2693.33924489
-5912.47510365 2918.6831449
-3200.05534298 -2575.0699248
-5422.02202877 -3237.94460689
-6318.55309405 -1104.88167948
-3411.93347049 3971.37073351
6884.23487658 278.951789754
4694.10170307 572.062943877
5214.42771926 -4537.78581486
1989.2631955 4512.45112982
-6308.15583103 -2657.62854511
-1855.1544943 3779.86352141
3439.86709613 -3822.63572636
-193.538093096 -5836.1659105
3826.24146956 -3410.55763093
-1610.92016159 -3319.30087513
-5822.73343072 -992.902368886
-958.64954863 -4086.67308781
-6343.93284164 -7730.10453363
2919.50247866 4052.18648705
-4588.4353441 1265.17491124
285.220025344 4192.46233544
-1788.87838634 -5070.28673876
-1830.16431282 5034.0812415
-5650.00041382 3392.38481466
-6402.19977577 1434.17406001
-1323.43887083 2794.42483303
2909.30072963 -761.282655227
-2982.64057249 -4290.70977103
-2221.86836591 1729.74280206
-1905.69097853 -3097.44933451
810.350715004 3769.41572076
-2941.00955663 -5430.2203365
-8819.21264348 4713.96736826
-1972.27460726 -3399.54584604
-1904.29384586 3932.43605692
228.863986058 -6343.45487021
626.387475974 -2718.46862762
9951.84726672 -980.171403296
-5099.07612778 1929.72261823
-6840.29210542 1435.90107887
2000.35518164 -1505.02651484
-454.731194485 1726.61645511
3051.72528795 642.182976156
1656.79034001 1003.40458637
-3912.7184156 5693.28499294
4521.36864915 42.961521843
1009.44198444 -5291.41557372
1073.92038661 -774.469186495
378.719095371 -5280.88337587
-179.909225117 4483.07615293
-1.83690953073e-12 -10000.0
-1756.47716429 4136.26469522
-521.986429995 2710.98758019
-3238.99870874 3850.37403266
6011.56079568 -467.495893019
10.4641484068 5939.07402375
4543.01636832 -3285.74261303
-4237.25073873 -1104.43049909
-5589.28611512 -2912.74179946
-4692.7594035 4005.90606968
-2261.54187231 -1843.35810737
3826.83432365 -9238.79532511
3797.2325955 4424.21765353
-472.057584277 1742.89173634
505.599973093 1666.8366811
3731.11400304 -1784.39759856
-5720.09680137 -2677.19297058
9951.84726672 980.171403296
2200.10099456 -5082.3737414
-959.537497794 -3632.33325264
1104.94225811 -555.827160479
-4638.48886462 -4707.82755823
-294.229448934 -1225.03941173
-3365.49476037 51.4687159953
-986.920054028 -401.198725443
-980.171403296 9951.84726672
-1069.2806746 1788.88577938
-433.27515136 4591.85708289
486.506447562 6389.77560217
1596.93330071 2176.85945642
135.59285585 2437.34111754
688.755708222 -4720.28250466
-240.845444761 1741.86556912
3939.19931322 -2178.41977007
495.181171678 4024.74450941
-3289.23594194 4229.42000355
4513.92512316 4783.54241492
-1793.18530961 1802.25101949
1950.90322016 -9807.85280403
-3662.14986957 5638.26562391
-3246.89657068 -1104.16789485
1603.66254846 -4795.48462931
-2396.33877867 -5030.89555973
-8819.21264348 -4713.96736826
4665.23464789 4292.23315942
5313.18303321 -3365.79379274
5462.39128723 717.028176916
4762.24433946 -43.2855552655
-5529.70479375 2219.69273928
-5513.6158176 1086.70839882
5452.22121308 812.602989203
4847.43764775 1215.40568781
-121.518338183 -3922.04722713
-4295.12415616 -4001.2323394
-408.360305263 3480.15383916
-2566.60230366 1598.37754092
-400.720832877 -6065.65155604
-2091.03341072 -3816.2332139
4078.10490508 4565.16137648
-1287.32794742 6649.70508615
-451.916464832 2762.74995683
-917.191923255 2641.89053712
2479.22931888 5158.21168244
4872.59922723 -2630.68069217
-1402.11466418 910.33325809
-1795.18583368 6434.19637987
-4.10326782751 3196.61441251
1255.35060493 1341.18139042
4738.83520501 3424.0947616
4899.11754994 4970.33195788
-2613.86637314 383.090350257
-2497.66336431 -3719.21279578
593.460549953 3269.81197363
1454.13557026 1500.59466272
-619.447138071 -3077.09695651
-4864.65035921 3427.36096601
-2309.57235948 6028.47028469
1853.16569618 6603.44212439
1920.44410589 2359.77306638
-1335.56027287 -1843.65798051
-4834.26061194 -4140.80035325
508.131135389 5694.10899187
-1687.46101842 884.248069469
3653.25671476 -941.485963456
-3935.51544905 4070.15163861
-6584.90158651 -663.277504043
-77.5915053776 -6172.53003766
4651.14114577 -1487.70395388
3258.75940154 -5705.06486564
2247.55357806 -2847.44626394
4885.22106308 2455.79930146
-1132.46669981 -3174.77358756
2997.79622603 2127.31810905
317.911564907 -5965.43342815
3095.72426539 5900.31684672
7730.10453363 6343.93284164
671.327231217 6436.80588087
-3036.4876855 1257.98250489
3960.66222071 5119.51635324
-432.098949633 6878.89952445
1426.20766923 5465.14572774
-3412.22507508 -98.6911339748
1222.98789836 4074.92399016
-5555.7023302 -8314.69612303
4215.5384041 -5117.03194363
-9951.84726672 -980.171403296
-3605.64736526 -2402.90865758
3855.47185107 -196.726279445
2743.27825143 -1891.94162854
-3010.76172682 -4589.44262307
1665.61001982 -4338.81945621
-4985.94675868 4261.22578025
5571.74862796 -280.767725721
-4775.93354263 4790.59576746
-2749.8970148 5242.03598326
-281.478165373 5758.39177319
-713.446841669 -2810.93773989
4445.62989761 -4350.3715532
-3117.26464243 2769.86631462
-2294.14300694 6181.96074263
2902.84677254 9569.40335732
-4630.46906316 -4167.27924342
2451.95890198 -734.127395536
-4805.50903451 3052.77246821
4035.48320616 -870.043179481
-931.965894903 3696.00769619
-842.33103797 3246.2290056
-1140.11084113 -252.711844677
-4823.68681301 386.71097246
1650.57604869 -6148.73969436
4624.95790335 4952.02382975
500.181526767 3734.32164024
3563.85848425 -45.1127234916
-865.027433142 -2390.27156046
5731.53239086 -382.560362009
-1421.36908895 794.44227483
-4393.31742102 -372.332761388
-3718.52775898 -712.259902057
-1613.04734117 -1171.37317213
8314.69612303 5555.7023302
-4607.93475523 -272.363937861
-1501.16323448 5105.44505819
6405.31281211 -2074.73906741
-6138.12658847 1031.50636296
-1519.34876439 -2934.1796489
-2023.0079612 5523.94540879
1378.77253882 -5400.71211331
-177.212228271 -4084.86067363
2605.48781013 -6022.77371149
-1087.85500932 6199.17148615
4523.44767698 4821.01711402
-309.980969253 4091.18467715
3042.54333417 -3107.68003967
-2784.94715195 -2364.62930521
-2053.62207592 3623.71516143
-6432.65908754 2184.34682252
5900.14779037 -1457.82778517
-6188.95628181 -3114.59849793
656.465717311 509.179116491
3700.82779852 2884.91086512
622.769135804 -6413.8576885
2427.7975983 -3581.1956839
2691.36012054 3249.27121527
2650.4110413 -4269.65845038
-992.5624689 1023.24912501
3655.81574932 5159.71435965
-2746.35958295 5638.56125895
6417.13742346 -1721.62539634
-235.821535515 -3502.76865469
433.785669334 -4369.95385731
-6383.8881888 2376.38727726
-408.334688166 3765.28963148
-4000.73969796 -5126.36724214
2341.51761966 -3214.5634413
-446.927215503 792.708124007
9238.79532511 -3826.83432365
-5434.88931101 3882.30369089
-2481.14042188 -5860.64398555
2427.80189505 54.0106875828
-4222.55383734 4674.83033656
-6387.28228668 804.224871769
-2752.73259847 -3240.73720536
2316.91312114 -6470.52918143
-1616.37227465 4378.97970399
1705.71319989 380.705561806
3279.83964847 2214.38465079
3427.82400187 -2797.68204909
1882.55746523 1766.79520502
980.171403296 9951.84726672
-3832.90036361 4136.02454499
-6480.95671051 1460.425245
1805.04863818 4063.10303443
3610.03070613 -973.670291581
605.82705246 -6909.13044039
5525.09444335 -2937.76314114
-3229.99604194 -3166.55316445
4800.69856372 2127.97010674
-676.265473391 4470.06844474
-1880.87351021 6076.55544999
-4071.44620138 -3415.76874205
5518.93166434 80.9212143943
4994.72978704 -1789.66764179
-1374.41699085 6435.93160493
2619.67721889 -6422.26103176
-564.067825217 -2972.66972309
-4696.01744029 3192.08480526
-541.716546644 -5376.53843878
-3258.93343491 4146.40116145
