4917.1541786 4777.39983058
1788.29812194 -5794.82944596
735.645635997 9972.90456679
-4816.74446268 -1368.98096605
9569.40335732 -2902.84677254
-5785.88156965 -2751.90301829
-3366.84844247 1328.48127216
490.676743274 -9987.95456205
-6715.58954847 7409.51125355
-2191.01240157 -9757.02130039
7883.46427627 6152.31590581
9142.09755704 -4052.41314005
4713.96736826 8819.21264348
2487.13035564 2694.71048591
6033.37843181 -3253.0386636
2253.57414757 -5009.83811756
-7572.08846506 -6531.72842954
-4809.36606426 4483.57960176
333.478903782 -1757.44296092
1212.82217133 5519.40440045
-5106.96495816 104.317165964
-6152.31590581 7883.46427627
-9852.77642389 1709.6188876
-391.216349916 -5132.21294019
-2002.62679666 -1315.86910953
1519.03205979 5161.51335246
2091.80242903 1817.34952191
688.557281139 -6476.66147389
-3472.74467877 3251.48514931
2140.29274968 -429.510641519
9807.85280403 -1950.90322016
-8448.5356525 5349.97619887
-1502.65138737 2670.3808646
-3465.94760617 -5284.66608063
6958.42946307 691.98949228
8700.86991109 -4928.9819223
-9996.98818696 -245.412285229
-2630.69660904 6315.00854981
5476.83793741 -1407.86320026
4211.85601621 -2151.03334548
3775.287023 937.248077103
6123.07196518 -3275.20185566
-1464.92818808 -4347.96890515
-3652.8320597 -5809.3001432
2342.09762595 2870.69753516
4759.78149794 -2871.79717246
-1576.21466702 6341.41417374
1704.08417894 -6233.11999599
7730.10453363 6343.93284164
5110.87786963 176.421035368
2857.86974838 -1980.24108717
-4813.97036954 -4973.927706
1709.6188876 9852.77642389
-4713.96736826 8819.21264348
-2380.11171786 -1388.26927365
1111.63284453 5007.01651239
3894.48854748 -516.189146957
8448.5356525 -5349.97619887
2106.88272278 -2195.53106625
5141.02744193 -8577.2861
110.047123217 2245.2599149
-3394.74556249 5684.69526479
-8314.69612303 -5555.7023302
866.760753278 -5475.47686206
-2835.50102826 -4950.43560318
-5844.24277059 3339.06534775
-1871.53781935 4486.55115194
-3784.41445988 4243.97103416
-2897.13177332 -4351.5143435
3711.51014286 2023.6657674
-1742.20755414 -4969.52867151
-336.700626567 4917.93395783
-4275.5509343 9039.89293123
-3517.99250723 -2838.02927963
891.925799276 -5839.04015939
-2179.6940759 -880.001590644
-3784.0362869 -3634.90020099
-3216.19478238 677.777120222
3598.95036535 9329.92798835
6181.22998038 890.845474641
-407.239622763 -479.719653658
-132.493668867 4374.80361712
-3562.90944992 5172.46775227
-3405.37331704 -5187.37510352
-6084.0423689 -441.629963051
-9238.79532511 3826.83432365
-5261.79719577 1880.27648906
-643.85759988 -1360.11105555
3624.01059458 1258.01027715
2429.80179903 -9700.31253195
1944.54789068 5889.69907764
692.255518225 -4239.67398791
2075.72893056 -2815.77758573
304.792903545 -1782.28400631
-2069.70639256 5985.98125686
-2050.48927281 4095.12245842
-6343.93284164 -7730.10453363
9757.02130039 2191.01240157
-5862.07411749 3297.67957114
3868.20825472 2226.18341168
3484.05081884 418.033124334
3136.81740399 -9495.28180593
2759.73643584 -3126.99457405
-117.719749527 -1145.56300291
-2274.04902924 -507.232747789
92.4359420998 5245.10518718
-5555.7023302 8314.69612303
-5648.77640458 602.198909255
2611.98040232 2573.31693193
-2587.476413 -3993.8598713
263.102435997 -6891.32103096
-3666.60637506 1768.96846009
-490.400059203 -2174.73918784
5758.08191418 -8175.84813152
-5196.95426116 -4565.11402344
4316.41804484 -439.147239896
854.425416191 943.711525503
4106.2425771 487.952953388
-9238.79532511 -3826.83432365
-3131.8958454 5798.34067887
-3403.18074737 -941.125837515
-548.201237504 -752.779847795
3340.92743135 -4892.44639582
-4164.41203446 754.445275199
4092.54440985 -2130.55780154
-8700.86991109 -4928.9819223
2338.85769948 6033.94167156
-889.107261005 -6931.99727817
-8819.21264348 4713.96736826
-4928.9819223 8700.86991109
6343.93284164 7730.10453363
-4201.05405766 269.581874183
-2103.03741983 -884.890958228
574.821052372 1129.00607905
-6.8869923449 1766.72257201
4275.5509343 -9039.89293123
-2902.84677254 -9569.40335732
5141.02744193 8577.2861
5070.33202509 -1490.69163382
2670.52016701 2005.99489933
-6895.40544737 -7242.47082951
5963.53901388 3566.24053327
-3113.88744151 2661.81908279
-2223.0734667 -4904.30188264
2658.19324332 -4169.93198631
9495.28180593 3136.81740399
560.044229018 1784.5065851
-5349.97619887 8448.5356525
6152.31590581 -7883.46427627
7409.51125355 -6715.58954847
1006.64098078 -4451.15105604
3908.2776645 -1403.55899873
2975.49670965 -3487.31681692
-430.691718796 -3225.15478113
-777.329050732 -3765.00762756
-36.5099629049 -5470.88454282
-5095.11078652 -4271.36931202
-980.171403296 9951.84726672
-356.911796354 864.241306337
441.49197969 -2334.30518827
9972.90456679 735.645635997
-5006.28125935 577.804440759
-8819.21264348 -4713.96736826
-920.619728579 6884.65906159
1306.36141678 -3609.10467565
-5459.07210958 2317.63319778
-9039.89293123 -4275.5509343
5861.85921111 2838.24257496
-6346.55176279 -1787.24886859
-2133.74356473 -5147.44648694
9415.44065183 3368.89853392
4481.42977352 61.6908211282
1467.30474455 9891.76509965
9700.31253195 -2429.80179903
8175.84813152 -5758.08191418
3368.89853392 9415.44065183
-3014.8928995 998.431093894
266.105326777 -1754.87223579
-4691.81305522 621.345247295
-1162.91636194 -256.008621635
-612.951182893 -2247.54561119
3368.89853392 -9415.44065183
3307.80826492 5853.51188083
1829.84466841 3664.90497248
-9987.95456205 -490.676743274
5956.99304492 8032.07531481
9807.85280403 1950.90322016
3163.67850954 -6186.11532858
-1853.33349227 1773.83076295
-6554.78612821 610.246166184
482.471286761 233.063763076
-1222.21858443 5492.75761278
-817.084251446 -2274.15775686
6152.31590581 7883.46427627
-4640.53643037 -1882.10330632
8819.21264348 4713.96736826
-9757.02130039 -2191.01240157
3028.61526872 -3933.56384591
-2109.42573765 1740.77068017
4928.9819223 8700.86991109
-3826.83432365 9238.79532511
9996.98818696 245.412285229
-6875.09319945 636.782227641
-5758.08191418 8175.84813152
-6683.44410021 468.653095805
-793.234309469 3475.10487417
-532.193264865 -6285.36902306
-4231.56434308 3405.93811026
3416.4527705 -1561.68886223
-3494.50337087 -2469.34622052
820.333395579 4743.9472445
-4741.11694388 -3425.22414875
-4850.36788083 3853.38011184
-5349.97619887 -8448.5356525
-4350.48621833 5184.10701669
3826.83432365 -9238.79532511
-4909.90008755 -4580.01971694
-3070.65997604 -983.412637813
-4398.77437735 4118.40230939
-3430.91935334 395.898137332
-4921.52336928 4183.21300485
5979.229538 429.800032951
32.334302597 5718.576778
-2065.69044885 -4379.29428276
-9924.79534599 1224.10675199
-1443.90623518 -4864.46905334
-9569.40335732 2902.84677254
2287.99266552 373.137475894
1041.22822732 -3258.49653977
139.990310568 -6271.54147821
3848.89617922 -1442.09805913
4083.16257593 -842.682601445
-5069.50576425 3420.26641586
5165.00941298 543.278149798
-3103.11013278 1406.10392641
1299.48284806 -5546.06525115
4472.99903974 4537.5337742
5555.7023302 -8314.69612303
8932.24301196 -4496.11329655
-8932.24301196 -4496.11329655
-1646.89143408 3594.39320144
8932.24301196 4496.11329655
3283.80445511 1758.88487821
-5166.154101 -1215.35364369
4550.89428109 -4756.97432811
40.1681145173 6639.34842302
5862.58965656 -3.72517454384
2175.89850089 -2318.55425153
9972.90456679 -735.645635997
-677.417334942 4420.71884725
138.631063385 -5977.66110334
5702.74130136 -4010.21922162
-2163.62393476 -4841.63087803
3891.00925985 1221.2055302
5475.64500763 -3053.18292546
1487.41317843 4042.44683423
2052.86960329 -238.661938937
-188.255435866 1983.34036428
9951.84726672 980.171403296
-7409.51125355 6715.58954847
-6343.93284164 7730.10453363
-9891.76509965 -1467.30474455
5861.5801283 -337.531171546
-2638.77591842 -4911.9515603
-5443.15538488 1922.33890064
4239.57427604 2086.57571784
-2429.80179903 -9700.31253195
3697.95635236 -2767.27147645
-1948.40422727 -3683.39236726
2389.15278606 6216.46909164
-980.171403296 -9951.84726672
7572.08846506 6531.72842954
-16.0266991034 4900.58797945
2516.37493287 -4885.5667391
-1891.57467355 -1168.34365265
2305.50399283 6014.40594256
4052.41314005 9142.09755704
-5754.18156127 192.895984751
-5098.76750631 -478.589460874
-3906.82521605 -814.371762897
-4017.05668619 5655.6706807
2047.57971976 1332.26438108
-7242.47082951 -6895.40544737
4052.41314005 -9142.09755704
-6619.23345224 -2119.77969156
2902.84677254 9569.40335732
-989.852765373 -484.631505084
-723.542230848 -6836.34997483
-4227.42037806 -792.013193549
4653.62034276 -1157.96928509
123.08700927 -1596.3317264
-4290.73142794 -1428.54124258
-240.402092914 -5207.15345416
9996.98818696 -245.412285229
980.171403296 -9951.84726672
-1709.6188876 9852.77642389
2382.41166427 2757.07748379
1746.59528563 -733.77369333
-3934.50962923 -5592.12334886
4978.78233386 1028.77921068
2089.62848575 395.31285209
-774.458349827 -713.374205615
1964.0670876 -2210.23062172
5197.89554934 -1665.22574853
335.449236732 -5349.33055968
9757.02130039 -2191.01240157
-4327.55047179 1906.93919966
-2831.07226503 2155.59497152
6147.29730082 -1215.92754422
-3482.87323229 -1969.15990698
-7883.46427627 -6152.31590581
-735.645635997 9972.90456679
4053.73618606 -5636.78547165
-3100.48626498 -4962.71892804
-3598.95036535 9329.92798835
9569.40335732 2902.84677254
2069.25634485 -5315.17723346
2667.12757475 -9637.76065795
-6428.38430791 2070.15571502
8448.5356525 5349.97619887
-650.249890977 2705.92539111
-2484.72735981 2876.57516061
2665.26102668 719.639111531
3694.71875334 3852.80531072
-6099.34806978 -1587.21816115
-7409.51125355 -6715.58954847
6895.40544737 7242.47082951
7409.51125355 6715.58954847
3997.81196633 -1625.43844387
-4275.5509343 -9039.89293123
-457.219587893 1837.90576906
6315.49903461 -707.539693334
-700.689786239 -4766.01342167
-4238.62708631 -845.012218367
-9951.84726672 980.171403296
-3916.48470921 -5056.20097068
1774.38715786 -3365.7529578
-5167.16543971 -1176.34773134
6441.2215724 -95.4416389605
-9637.76065795 2667.12757475
-1952.20095953 1831.59948624
4275.5509343 9039.89293123
-6279.33580186 -2174.81211107
-741.913465278 2254.34364581
3333.81571702 2611.5348856
-3767.86856538 -3601.30042414
-1990.22662585 -5210.92978198
5309.24552529 -1661.97350521
-8577.2861 5141.02744193
10000.0 0.0
-3907.86172231 4664.45710434
980.171403296 9951.84726672
3144.49199218 -2204.68127292
4394.51476043 -1813.04902023
-3871.27084683 -3515.22974816
-1773.0248495 5451.84435134
-245.412285229 9996.98818696
8577.2861 -5141.02744193
3770.95499903 983.514035502
3826.83432365 9238.79532511
-2134.93450629 394.63636955
-735.645635997 -9972.90456679
2960.12662849 -6337.16855324
-9142.09755704 4052.41314005
-6152.31590581 -7883.46427627
-1259.24411147 1830.97569219
-5208.20453156 -4265.14232396
-8700.86991109 4928.9819223
1709.6188876 -9852.77642389
-79.9170803385 381.230297483
3829.55798847 5384.22794134
-4052.41314005 -9142.09755704
-1178.69573785 -3705.18486492
-9807.85280403 -1950.90322016
1467.30474455 -9891.76509965
-820.627451202 -2260.60181343
2114.45876538 926.776650861
1100.73341143 -2611.20967003
9924.79534599 1224.10675199
-6261.44834319 885.177478001
-5190.97238132 -3125.52195515
5264.91664309 -4211.76125421
-3355.45498064 1130.9323965
1169.80336306 -4599.40088518
1017.11828208 -2418.44999495
4310.22069722 5084.81522191
-5872.43508715 -3134.15827432
7883.46427627 -6152.31590581
5773.6586902 -1394.00531302
-2757.14149052 -1140.66105761
2233.67095004 829.749470717
-6335.77228721 -1032.82876023
4496.11329655 -8932.24301196
-1050.36618919 3119.21187896
2388.28386993 3824.9499568
735.645635997 -9972.90456679
4081.65512021 -247.231526754
1661.53667835 -782.90475222
-9972.90456679 735.645635997
-4884.1056315 1561.32239586
-5517.18816991 -653.062389619
7071.06781187 7071.06781187
9951.84726672 -980.171403296
-4713.96736826 -8819.21264348
3903.86519847 -3458.6286797
2669.95978926 -1881.23657393
-818.910958815 3448.06129422
4508.41410756 318.250566746
1766.82802968 -4264.95651393
6648.62841039 -687.500694782
-8032.07531481 5956.99304492
6335.86212871 2589.47427118
-2314.97244832 1061.54578338
-1.83690953073e-12 -10000.0
1017.47022371 -2377.57334911
-5141.02744193 8577.2861
310.858014563 -3357.48996879
-1294.89043885 -6007.27714965
-1146.20120695 4824.6974712
1218.31093768 3916.2576386
-661.13464655 -4864.94170697
3863.99084118 5596.2257198
-9987.95456205 490.676743274
4481.73285554 4216.95914334
-7242.47082951 6895.40544737
-4496.11329655 8932.24301196
4318.53007449 520.736547383
1679.93025192 -5410.70739716
-1277.38198304 -4776.28043902
6.12303176911e-13 10000.0
1636.80878107 87.5488163948
-3933.44202558 -768.45338716
-1402.05282941 -4663.82636495
-9637.76065795 -2667.12757475
5379.19480886 -1280.93715388
-3695.47409029 -835.494817363
7242.47082951 -6895.40544737
5710.10808455 -3971.17096853
-1467.30474455 -9891.76509965
9852.77642389 1709.6188876
3314.69138536 3444.98655753
-2546.7320679 5403.80576332
-5848.76901512 -2745.22180097
1000.97206181 -3805.78886245
-4496.11329655 -8932.24301196
-1729.2222018 -6001.50490424
-7071.06781187 -7071.06781187
6715.58954847 7409.51125355
-2549.57604824 -3236.0973311
5390.97284732 1896.86047592
-3650.65548923 -4346.05222169
316.405614905 -6496.83836475
9329.92798835 3598.95036535
9039.89293123 4275.5509343
423.678174139 -201.359364745
4910.40256527 41.4695064206
-1224.10675199 -9924.79534599
-1026.38249521 6748.97419718
-5555.7023302 -8314.69612303
9924.79534599 -1224.10675199
-2339.05133391 -2080.80194915
6214.01906555 3208.6042599
8314.69612303 5555.7023302
-2970.0826771 3753.28768161
-8314.69612303 5555.7023302
-9852.77642389 -1709.6188876
-9142.09755704 -4052.41314005
2667.12757475 9637.76065795
-1224.10675199 9924.79534599
14.7784979192 -4292.78813164
965.541847888 265.007632247
-6453.13282399 -988.155158528
3608.34293354 3017.4134149
3844.68786209 5585.93060532
-4732.6737966 4089.58782386
4010.06397315 -4507.85706414
1321.07024281 5177.31093461
8032.07531481 5956.99304492
374.42525061 2437.5915412
2358.86677892 4693.26853403
-3136.81740399 9495.28180593
245.412285229 9996.98818696
-6468.60153396 472.960451573
2431.15477005 -3261.98658505
-6895.40544737 7242.47082951
9415.44065183 -3368.89853392
-2020.47989651 -3642.23029926
5236.74406914 3124.28199548
1920.40226041 6389.08068573
5484.63256106 -3168.41345771
-1926.32827712 -4310.65167702
-3033.01082251 -743.847505123
5933.84650474 1762.00057264
467.867858403 5888.64499032
-4248.250937 -2108.06503547
-8175.84813152 5758.08191418
-2805.23978317 -5015.90318252
5094.98672276 -3847.00938391
-8932.24301196 4496.11329655
5956.99304492 -8032.07531481
1149.75955322 5307.58773052
520.387523576 1400.85634749
-5765.92021323 -2832.3111936
4496.11329655 8932.24301196
-5631.9895773 -767.415079626
9852.77642389 -1709.6188876
9238.79532511 -3826.83432365
-5758.08191418 -8175.84813152
-9569.40335732 -2902.84677254
6398.20640725 -1587.91685099
4736.63517667 2610.14729725
245.412285229 -9996.98818696
9700.31253195 2429.80179903
-1324.69093549 -890.373948031
4713.96736826 -8819.21264348
-9972.90456679 -735.645635997
-3334.05859639 -2524.8970415
3475.76251869 -2138.47876206
48.6215926231 5368.2087054
1281.55644668 519.838772671
2661.00632731 -2828.30182246
772.19499649 5516.14918927
8175.84813152 5758.08191418
3990.24890904 434.194323472
5006.87461891 524.939206093
5572.20703359 3155.70563863
490.676743274 9987.95456205
4659.46847978 1666.70168831
1224.10675199 -9924.79534599
2807.71368456 2785.98093916
3760.61583992 -5161.17477075
193.85899861 -3346.20970443
1892.34613411 -2346.68407624
-2751.67177189 -5797.97855301
-59.1889161752 4116.15345249
-696.346598041 -5514.26026728
-1258.17913069 -5804.73367088
-7730.10453363 6343.93284164
9142.09755704 4052.41314005
2469.43049669 -1041.23522688
-9891.76509965 1467.30474455
2342.09275992 -495.053332332
2004.88498291 1225.10303872
5758.08191418 8175.84813152
6895.40544737 -7242.47082951
5395.53780919 -3585.13072016
3342.6558075 -3685.28594341
3546.40833592 -1040.23057545
-9329.92798835 -3598.95036535
-317.647859463 -1990.19369758
1920.54565421 -2636.5021605
-9495.28180593 -3136.81740399
-2088.35522902 1480.68195036
-7572.08846506 6531.72842954
-4400.50422919 4550.42398355
-1160.42733885 2035.6691165
3362.0534694 -1358.02463266
-1761.69972993 4594.82381033
-5956.99304492 8032.07531481
-6329.04009709 -1583.79653009
-5800.46973654 -3838.31998511
95.0641155411 381.60425627
-1537.21598893 -3676.76208474
-3008.58790584 3873.77389504
-1052.60388618 3396.95550731
-5114.3486674 4767.60123895
-3598.95036535 -9329.92798835
-9415.44065183 -3368.89853392
-2191.01240157 9757.02130039
-3148.28307762 1181.89768192
9637.76065795 -2667.12757475
4986.18432116 -2270.25165447
-3368.89853392 -9415.44065183
-3669.18170956 3831.26774339
-677.090470342 846.036602577
5495.07127116 1069.99837731
5781.18802799 3276.98336507
4846.19128535 2411.97999874
-5047.8309122 2813.02537831
1807.24387389 3013.46610886
-245.412285229 -9996.98818696
-2902.84677254 9569.40335732
5060.66144395 1631.12020094
-8032.07531481 -5956.99304492
-7883.46427627 6152.31590581
9329.92798835 -3598.95036535
-1547.16769041 -3876.87628091
-1239.50736689 5194.65027357
2191.01240157 9757.02130039
5320.00114086 -558.759903274
-3411.37862799 3199.59660318
5349.97619887 -8448.5356525
-4928.9819223 -8700.86991109
872.426500314 4521.92893741
680.071830757 -5677.70257093
-1023.37273961 5441.16143722
-4946.38940229 498.440877265
4444.83956768 -4036.43528376
-2292.99410698 -5586.78665285
6531.72842954 7572.08846506
-955.236020423 5431.08140202
-5245.15666092 1014.76362015
-3511.87298643 2327.64426508
-6715.58954847 -7409.51125355
-558.881761281 3188.17089397
9891.76509965 1467.30474455
3907.62750595 1762.77862481
9238.79532511 3826.83432365
8577.2861 5141.02744193
4670.00230683 -2255.25847098
2602.64695622 3784.26654069
-3699.06595908 -440.64999915
-4035.44014805 -1229.00843395
-4757.57820418 1612.61165373
9987.95456205 490.676743274
1659.77087426 -3331.55963878
-5141.02744193 -8577.2861
5555.7023302 8314.69612303
8819.21264348 -4713.96736826
2331.55239621 -5121.15913309
-9039.89293123 4275.5509343
1551.86239875 -286.36409669
1042.17304077 -2806.32119876
636.802493636 -1958.35290314
9987.95456205 -490.676743274
-6250.60807463 -2644.90880043
3291.68975078 3323.21118181
5563.12958152 3514.59510368
-131.514019316 -6546.33507738
3669.7108303 4676.3438607
6715.58954847 -7409.51125355
-7071.06781187 7071.06781187
1447.24995857 -6740.65837474
-2991.10367413 -4995.6291579
-6193.13711481 1263.92275157
2191.01240157 -9757.02130039
5384.30045865 -1959.46661229
4928.9819223 -8700.86991109
2200.49171847 6022.29019433
3351.84638988 4725.30316078
-9996.98818696 245.412285229
-490.676743274 9987.95456205
1605.17184139 6096.31076531
671.031120657 5907.99010419
-864.2160511 -1565.2438553
-3753.53486258 3713.37676634
1675.99570406 -287.092954375
-4052.41314005 9142.09755704
3136.81740399 9495.28180593
-2876.25426312 2350.08885978
-1536.8071658 -1710.48865157
-2636.22462996 -4784.53789065
-9924.79534599 -1224.10675199
-9807.85280403 1950.90322016
-8448.5356525 -5349.97619887
3279.08182536 -1039.30598044
1994.39818765 -5972.61358243
-6531.72842954 7572.08846506
3598.95036535 -9329.92798835
-3729.79493479 -1476.31780672
4941.3026086 847.736344299
-9329.92798835 3598.95036535
2722.32999862 3095.72176818
-4452.94366358 1277.30451283
-2622.18722901 4314.0589339
-2667.12757475 9637.76065795
6343.93284164 -7730.10453363
2256.81413633 2237.60384292
-1366.96269312 -6101.24521602
1950.90322016 -9807.85280403
-436.205424048 -546.738724812
-4559.99784878 4595.2189469
-4052.9971158 -4346.76405291
1787.96948972 1241.71463291
-9415.44065183 3368.89853392
4244.93008792 -3584.82880486
-1964.1369438 -1079.78033002
9891.76509965 -1467.30474455
-3640.6725609 -3641.31409847
4026.7129414 4530.03260768
426.582795034 -605.655942695
-4076.41774373 4409.41624675
5786.04177369 1507.20885877
2300.5194485 -5673.67304577
5910.62965964 947.477524712
-5625.41753587 -447.366059618
2455.34736946 -732.281071732
9495.28180593 -3136.81740399
1442.03717717 405.339906089
-6216.64510436 1204.16108073
1481.31868022 -2779.9530175
2429.80179903 9700.31253195
2902.84677254 -9569.40335732
-5956.99304492 -8032.07531481
3028.68868869 2662.85588129
2497.42135148 4204.58094039
-1756.40275758 -432.197853489
-4924.53896667 -537.562902783
-1950.90322016 -9807.85280403
5948.3176485 -963.36958408
-4584.70829138 -5022.03765022
687.790551129 -2089.34536681
-490.676743274 -9987.95456205
-8175.84813152 -5758.08191418
2135.50334432 2997.76415392
2950.97489876 2405.4117366
4471.08458015 -2244.80972689
3478.12553132 4113.60648849
-1950.90322016 9807.85280403
7242.47082951 6895.40544737
-4227.51757911 5464.76818439
-8577.2861 -5141.02744193
-399.663765562 959.958710402
-1282.10232156 1242.65152754
-5382.39906623 2908.64395598
-2453.19032098 -1609.78666744
1485.23704938 -417.562550722
-4359.24863758 -2703.69039734
8032.07531481 -5956.99304492
-800.321471665 -83.6446914785
4876.08559917 -2713.93575177
7071.06781187 -7071.06781187
-9951.84726672 -980.171403296
-7730.10453363 -6343.93284164
-3826.83432365 -9238.79532511
-3549.14240407 2498.95631985
9039.89293123 -4275.5509343
4960.69765424 623.140276616
4415.6340109 -3952.90156804
5349.97619887 8448.5356525
323.185175907 2791.36143953
-99.3113800853 -1268.93120109
-3136.81740399 -9495.28180593
-3562.25523617 1494.93520744
2634.89478364 -6191.2762836
998.727583602 900.642073129
-6531.72842954 -7572.08846506
-4029.16802522 3544.21221339
-2943.50411638 4119.35890165
3583.39726509 1649.56930362
-3081.28487871 -5692.44142967
-2667.12757475 -9637.76065795
-3852.67605201 -4495.94603957
-2912.4367762 -1639.24244841
-5263.38726174 4257.52927719
7730.10453363 -6343.93284164
-4400.15625679 -5420.55291286
4622.03366177 3178.61162538
-4729.24265518 -4219.65597911
487.034631879 -6480.03454598
4001.30288733 5306.08748144
6531.72842954 -7572.08846506
-9495.28180593 3136.81740399
4476.24911908 1309.30188049
-3824.79052134 -4686.86113153
-2278.36204029 3327.22996811
6152.12857779 1205.52223089
1224.10675199 9924.79534599
3098.60204323 -4390.80333668
-99.1114044455 4239.68388504
3134.03923961 2623.42235007
-1936.72623408 -251.735247447
1173.01355852 3067.6315855
-2429.80179903 9700.31253195
-1037.81355346 4285.47291979
1227.99278814 -4521.92951716
-3368.89853392 9415.44065183
-1942.36503843 -5083.24510078
-9700.31253195 2429.80179903
2582.42812738 -1234.57920052
-5018.39119711 -2670.23318051
2608.87099441 -4331.21534726
-4218.56382166 1515.14638719
5788.01104274 -2895.11666248
1950.90322016 9807.85280403
1167.89896934 5913.75335172
-1467.30474455 9891.76509965
3280.76729986 -1285.0679749
2965.30112046 -1414.29523758
-1872.05228787 -3171.3493086
-2169.86522627 -5733.39314335
-10000.0 1.22460635382e-12
3798.15092762 -3569.05815835
1156.43880362 1303.60818723
8314.69612303 -5555.7023302
3948.59952129 -5304.3505843
-1709.6188876 -9852.77642389
-2452.03216857 -6496.31792182
6861.66483894 395.599874665
-9700.31253195 -2429.80179903
-9757.02130039 2191.01240157
-1077.52546681 -1254.38312318
9637.76065795 2667.12757475
-3792.60095044 3914.96588266
8700.86991109 4928.9819223
7572.08846506 -6531.72842954
-584.154505357 -1131.99678568
-2071.02511399 3594.11975977
5638.59163577 1548.61974988
-223.723533223 5181.39810753
