8986.74465694 4386.16238539
-317.533964088 583.731879845
10000.0 0.0
-9604.30519416 2785.19689385
-5192.6485308 1255.90358117
3939.92040061 9191.1385169
1129.62851644 -4608.03770284
9456.07325381 3253.10292162
3713.17193952 9285.06080473
9285.06080473 -3713.17193952
5035.38383726 8639.72856122
-6806.00997795 -7326.54271672
-5304.37519353 4236.86591119
-4099.75740429 -204.379269652
-3466.28757688 -2482.45003719
-2152.94099452 -2349.19552858
-1154.78900534 -1470.01393653
-9700.31253195 2429.80179903
-6166.11033099 172.655288193
-1709.6188876 9852.77642389
-8760.70094195 -4821.83772079
-1224.10675199 9924.79534599
9604.30519416 -2785.19689385
-226.747904649 4261.04482321
4694.88048276 5062.71243718
-4496.11329655 8932.24301196
-923.242055206 3056.20619478
1435.1887605 3060.71691078
4239.23879243 500.290754937
-2310.58108281 9729.39952206
-6253.88319165 1592.79963795
9700.31253195 -2429.80179903
-9191.1385169 -3939.92040061
-4928.9819223 -8700.86991109
-8175.84813152 5758.08191418
-5857.97857456 8104.57198253
6055.11041404 7958.36904609
1544.14024701 -6129.90870152
-661.006512843 -2419.84383716
9993.22384588 368.072229414
6055.11041404 -7958.36904609
-8448.5356525 -5349.97619887
-5365.96022543 -3983.11969354
-3939.92040061 -9191.1385169
7958.36904609 -6055.11041404
-9757.02130039 2191.01240157
-1811.94154682 5689.8588266
-6110.05796304 1009.61752214
9373.39011913 3484.18680249
-9495.28180593 -3136.81740399
3136.81740399 9495.28180593
-8876.39620403 4605.38710958
-1049.98304406 -6056.75341039
9807.85280403 -1950.90322016
3383.7918714 -593.648824301
1696.20177929 -1765.73319593
4928.9819223 -8700.86991109
-1102.22207294 -9939.06970002
-7157.30825284 6983.76249409
7730.10453363 -6343.93284164
-1491.42651765 5601.63391642
-7883.46427627 -6152.31590581
5584.6094802 2495.8544402
-689.667794914 -913.12556096
453.881279389 -3023.43535102
-5453.24988422 -8382.24705555
-9415.44065183 3368.89853392
645.085027683 -2716.14206883
-9533.06040354 -3020.05949319
3826.83432365 9238.79532511
2172.20709659 782.576033238
-2211.80219483 -6466.1041658
-3618.34075193 -4743.98653041
7651.67265622 6438.3154289
3413.9546707 -1939.30229874
122.715382857 -9999.24701839
-1.83690953073e-12 -10000.0
-9999.24701839 -122.715382857
-4837.91556428 3578.29183649
9981.181129 -613.207363022
-8104.57198253 5857.97857456
-9972.90456679 -735.645635997
-1830.39887955 -9831.05487431
605.562913106 21.2627989831
-5555.7023302 -8314.69612303
-9373.39011913 3484.18680249
-2785.19689385 -9604.30519416
-4237.79730067 -2379.36797399
-9891.76509965 -1467.30474455
-9669.76471045 2548.65659605
9951.84726672 980.171403296
2667.12757475 9637.76065795
-9924.79534599 1224.10675199
-9963.12612183 857.973123444
-980.171403296 9951.84726672
4164.29560098 -9091.67983091
5570.50397969 2203.49522763
-9142.09755704 4052.41314005
-6343.93284164 -7730.10453363
2154.26546857 422.001873493
-2256.79470779 3196.88942776
3253.10292162 9456.07325381
-6152.31590581 7883.46427627
4427.76519195 -1356.74747278
1795.54324817 -693.749339244
-281.461888956 3306.8010718
1102.22207294 -9939.06970002
4166.24739675 -5423.13512277
-1588.58143334 9873.01418158
3253.10292162 -9456.07325381
-3713.17193952 -9285.06080473
5857.97857456 8104.57198253
-2047.25718985 3924.13914164
8513.55193105 -5245.89682678
8382.24705555 -5453.24988422
-962.04574554 -5178.6683447
8448.5356525 5349.97619887
-5584.97500158 -1682.79594167
3826.3445504 -790.755153378
-1752.45434271 -6496.14627135
4972.86268553 -2224.47876055
-432.722748831 -5228.44771161
3596.76416789 -341.821199313
-2008.82212252 -46.7907292717
-9939.06970002 -1102.22207294
9783.1737072 -2071.11376192
4508.40487163 -2970.27650212
-9729.39952206 2310.58108281
-9091.67983091 -4164.29560098
-9951.84726672 -980.171403296
-7242.47082951 -6895.40544737
-6055.11041404 -7958.36904609
5412.74543518 -1703.62553691
-2827.95637166 -2656.02293038
4496.11329655 -8932.24301196
1049.35718086 338.845264816
-3598.95036535 -9329.92798835
-3253.10292162 9456.07325381
-8577.2861 5141.02744193
6983.76249409 -7157.30825284
5776.27292359 3172.18243954
4757.36057096 -3948.3050563
6983.76249409 7157.30825284
-601.204907748 -4415.83208132
-5355.53850559 -2078.90726078
-2879.5721641 343.079268518
-6983.76249409 -7157.30825284
6715.58954847 -7409.51125355
2669.29755125 5941.51342142
6806.00997795 7326.54271672
-9604.30519416 -2785.19689385
7071.06781187 -7071.06781187
-7807.37228572 -6248.59488142
6178.82994252 116.225512932
7883.46427627 6152.31590581
3598.95036535 9329.92798835
7572.08846506 6531.72842954
4386.16238539 8986.74465694
-6206.7125434 -650.85314545
-9831.05487431 1830.39887955
-3253.10292162 -9456.07325381
-9909.02635428 -1345.80708507
-9999.24701839 122.715382857
4386.16238539 -8986.74465694
-684.845305061 288.585651101
490.676743274 -9987.95456205
245.412285229 9996.98818696
-6343.93284164 7730.10453363
3352.90953906 4153.02937512
-4346.11041771 -169.461398208
633.223216855 6259.24539112
9993.22384588 -368.072229414
3225.60218615 5383.32888984
4562.3340873 3846.67962969
-5956.99304492 8032.07531481
-245.412285229 9996.98818696
6152.31590581 -7883.46427627
6895.40544737 7242.47082951
-4880.72786664 -2375.0436333
8876.39620403 4605.38710958
735.645635997 -9972.90456679
1004.19897159 6400.45868142
3020.05949319 -9533.06040354
4891.6191592 3002.46546763
7326.54271672 6806.00997795
-7326.54271672 6806.00997795
1633.93862212 94.7983852837
3484.18680249 9373.39011913
-9909.02635428 1345.80708507
-8932.24301196 4496.11329655
-9091.67983091 4164.29560098
-3939.92040061 9191.1385169
-5756.85996864 -1125.57059451
7883.46427627 -6152.31590581
4275.5509343 9039.89293123
-3826.83432365 -9238.79532511
-1950.90322016 -9807.85280403
5245.89682678 8513.55193105
3136.81740399 -9495.28180593
7242.47082951 -6895.40544737
3783.30936453 2655.55834885
4496.11329655 8932.24301196
5814.10469227 -3746.17408342
-5108.77794048 4192.37070456
-1364.16234259 5743.51191308
122.715382857 9999.24701839
1588.58143334 9873.01418158
-9191.1385169 3939.92040061
-2429.80179903 9700.31253195
1345.80708507 -9909.02635428
-857.973123444 -9963.12612183
9415.44065183 3368.89853392
-7730.10453363 6343.93284164
8760.70094195 -4821.83772079
5857.97857456 -8104.57198253
-4605.38710958 -8876.39620403
-9783.1737072 -2071.11376192
9757.02130039 2191.01240157
-9981.181129 -613.207363022
8314.69612303 -5555.7023302
-8032.07531481 5956.99304492
-7730.10453363 -6343.93284164
-2310.46570392 -1957.29494253
-2522.44209802 -3826.59238998
9807.85280403 1950.90322016
-2656.41134305 1378.58216242
-4275.5509343 9039.89293123
-6152.31590581 -7883.46427627
779.762645167 1983.57670166
8104.57198253 5857.97857456
5349.97619887 -8448.5356525
2753.04383316 152.476690154
-245.412285229 -9996.98818696
-4804.57230314 -4039.02046365
-6895.40544737 -7242.47082951
5772.80377607 3647.53641556
2122.36209915 6045.06790301
5758.08191418 8175.84813152
-3727.83644455 5796.16250795
4052.41314005 9142.09755704
900.796547651 -5015.985543
-2433.01291332 4205.10947523
-3322.84730054 -1379.59445492
1113.75205361 -3172.91253488
1418.16856974 5067.26560041
8104.57198253 -5857.97857456
-9963.12612183 -857.973123444
5453.24988422 8382.24705555
4928.9819223 8700.86991109
-8986.74465694 4386.16238539
8700.86991109 4928.9819223
4992.47187892 -1195.06777498
-9495.28180593 3136.81740399
6390.58841586 840.363959079
4131.22242383 685.77235751
8314.69612303 5555.7023302
1224.10675199 9924.79534599
3484.18680249 -9373.39011913
-9039.89293123 -4275.5509343
1580.41848379 -3794.78395449
9729.39952206 -2310.58108281
9757.02130039 -2191.01240157
9939.06970002 1102.22207294
8639.72856122 5035.38383726
-575.441466429 5744.0327826
8577.2861 5141.02744193
1672.92215485 5105.07048112
-6248.59488142 7807.37228572
9637.76065795 -2667.12757475
-8700.86991109 -4928.9819223
-1893.18803435 -6572.26831513
1866.92227883 -2398.22685776
1588.58143334 -9873.01418158
-9852.77642389 1709.6188876
9873.01418158 -1588.58143334
-1588.58143334 -9873.01418158
4224.71011884 5156.5139738
2548.65659605 -9669.76471045
-7572.08846506 -6531.72842954
5349.97619887 8448.5356525
9700.31253195 2429.80179903
-4713.96736826 8819.21264348
7730.10453363 6343.93284164
9972.90456679 735.645635997
9873.01418158 1588.58143334
7242.47082951 6895.40544737
-1037.04515709 1187.22268888
8032.07531481 -5956.99304492
-7491.36394523 -6624.1577759
-8513.55193105 -5245.89682678
6730.06493078 -901.602069783
-2884.45481107 3790.49394191
3826.83432365 -9238.79532511
-3753.47073988 1680.14458
-1733.97380632 1554.1987317
2194.79413939 237.104787074
6796.67706898 -1546.49032274
-4490.55908717 3612.37022882
2903.71840029 4695.94846467
5386.30762001 3055.25592166
7409.51125355 -6715.58954847
-1950.90322016 9807.85280403
8245.89302785 -5657.31810784
-368.072229414 -9993.22384588
-9831.05487431 -1830.39887955
-6624.1577759 7491.36394523
-5035.38383726 8639.72856122
-1709.6188876 -9852.77642389
-1488.28290866 -2392.53626083
-3826.83432365 9238.79532511
-3368.89853392 -9415.44065183
5141.02744193 8577.2861
6624.1577759 -7491.36394523
3613.7117952 4032.57308324
7958.36904609 6055.11041404
-4941.3223676 -3461.25184545
-9329.92798835 3598.95036535
-3484.18680249 -9373.39011913
980.171403296 -9951.84726672
2902.84677254 -9569.40335732
8448.5356525 -5349.97619887
6021.63842196 1843.44302809
-1345.80708507 -9909.02635428
-122.715382857 -9999.24701839
9329.92798835 -3598.95036535
3976.29828475 -4168.26761954
-7326.54271672 -6806.00997795
5956.99304492 -8032.07531481
8175.84813152 -5758.08191418
1345.80708507 9909.02635428
-4335.44914539 5433.13671493
1224.10675199 -9924.79534599
281.069315125 -893.506588
-3350.20096361 2999.98990308
-6715.58954847 -7409.51125355
3598.95036535 -9329.92798835
1950.90322016 9807.85280403
7807.37228572 6248.59488142
980.171403296 9951.84726672
-8932.24301196 -4496.11329655
9329.92798835 3598.95036535
-5296.98192891 4538.2273238
-669.837525279 -2217.25777047
5245.89682678 -8513.55193105
-6531.72842954 7572.08846506
6027.27063335 1123.51795525
-112.518924358 1386.35316563
3869.97297854 -3040.92880122
4275.5509343 -9039.89293123
-2779.06204664 -4388.60055505
-1216.41274576 6713.02002145
9783.1737072 2071.11376192
9963.12612183 -857.973123444
900.387235416 -1644.6774971
-4356.69191954 4061.78970822
8639.72856122 -5035.38383726
-4870.86799694 2278.44947206
408.226022399 -5238.62389384
5115.33440196 3071.75415431
-4928.9819223 8700.86991109
9191.1385169 3939.92040061
2112.16491669 -3037.39157024
9456.07325381 -3253.10292162
-3598.95036535 9329.92798835
4605.38710958 -8876.39620403
2546.53674566 284.0172229
758.748691598 -5915.36174921
4301.61723352 2376.72360983
9909.02635428 1345.80708507
4959.134557 3965.20783733
2117.2154819 2058.85262268
6.38173809871 -778.453511773
-5593.32283959 -2406.75344313
3368.89853392 -9415.44065183
2071.11376192 -9783.1737072
9569.40335732 2902.84677254
-7572.08846506 6531.72842954
5555.7023302 -8314.69612303
735.645635997 9972.90456679
-6983.76249409 7157.30825284
9924.79534599 -1224.10675199
368.072229414 9993.22384588
8032.07531481 5956.99304492
2334.19405575 1497.8550315
8932.24301196 4496.11329655
-6438.3154289 -7651.67265622
-3713.17193952 9285.06080473
2911.96504644 -3256.50676088
8700.86991109 -4928.9819223
2707.68054171 -2460.3687574
-9669.76471045 -2548.65659605
20.4512717131 -6983.40479271
-2785.19689385 9604.30519416
4997.73072197 -610.572329717
7157.30825284 6983.76249409
-2710.06913062 5877.79505516
-3020.05949319 9533.06040354
-9951.84726672 980.171403296
5668.20563511 1808.57698679
6438.3154289 7651.67265622
-7071.06781187 -7071.06781187
-490.676743274 -9987.95456205
-7157.30825284 -6983.76249409
-3054.01782977 4931.60339693
-741.7957215 -2104.4733184
5988.04940898 1446.09069879
-9807.85280403 1950.90322016
-5245.89682678 -8513.55193105
1232.94686878 6810.72483023
9999.24701839 122.715382857
-4052.41314005 -9142.09755704
9831.05487431 1830.39887955
8382.24705555 5453.24988422
-2548.65659605 -9669.76471045
-7807.37228572 6248.59488142
-543.188058567 -1919.08057918
641.435478704 -2590.38695178
-1102.22207294 9939.06970002
-9939.06970002 1102.22207294
-901.555125289 4718.24430153
-3796.21551407 -5471.69452646
6248.59488142 7807.37228572
-3368.89853392 9415.44065183
-9993.22384588 368.072229414
-5544.38565746 -532.196109103
5916.00036966 875.825232089
-9238.79532511 3826.83432365
9039.89293123 -4275.5509343
9909.02635428 -1345.80708507
-8700.86991109 4928.9819223
-9569.40335732 -2902.84677254
5084.84485399 -2526.62401147
-2191.01240157 -9757.02130039
-9807.85280403 -1950.90322016
-8876.39620403 -4605.38710958
7071.06781187 7071.06781187
-5890.45774289 249.48223693
-4516.56591018 -4976.26727428
182.324390304 -6668.75122667
5141.02744193 -8577.2861
3728.7386884 4931.78246476
4821.83772079 8760.70094195
3550.26083212 -847.527675009
-7651.67265622 6438.3154289
5484.31236219 -2008.25487356
2785.19689385 9604.30519416
9091.67983091 -4164.29560098
-8760.70094195 4821.83772079
5657.31810784 -8245.89302785
-8639.72856122 5035.38383726
-4605.38710958 8876.39620403
2838.51905521 -3805.42225993
-887.750625593 -2440.92587018
-5156.9656922 4546.14838347
-9238.79532511 -3826.83432365
-9569.40335732 2902.84677254
7491.36394523 -6624.1577759
2472.79465211 -4710.27556507
6895.40544737 -7242.47082951
4792.11368735 1292.42409055
-4654.77691832 -4113.09321878
9987.95456205 -490.676743274
-1345.80708507 9909.02635428
9238.79532511 -3826.83432365
5035.38383726 -8639.72856122
-9637.76065795 2667.12757475
9533.06040354 3020.05949319
4605.38710958 8876.39620403
-5956.99304492 -8032.07531481
-613.207363022 9981.181129
-5035.38383726 -8639.72856122
6248.59488142 -7807.37228572
8175.84813152 5758.08191418
-8175.84813152 -5758.08191418
-570.802631138 -3309.6476587
9831.05487431 -1830.39887955
8513.55193105 5245.89682678
-1531.22104626 -6826.16961312
857.973123444 9963.12612183
490.676743274 9987.95456205
9285.06080473 3713.17193952
9987.95456205 490.676743274
8876.39620403 -4605.38710958
-10000.0 1.22460635382e-12
2429.80179903 -9700.31253195
-1467.30474455 9891.76509965
7572.08846506 -6531.72842954
9891.76509965 1467.30474455
-7883.46427627 6152.31590581
6084.18219891 -1690.88305295
-8382.24705555 -5453.24988422
2176.36930629 -616.051310236
-8032.07531481 -5956.99304492
-2429.80179903 -9700.31253195
-4265.64640865 3073.4423652
-1571.44816433 -4406.83345366
2876.03946148 6288.32559016
-6715.58954847 7409.51125355
-2482.99802278 3710.99403914
-5758.08191418 8175.84813152
4295.15885754 1320.37735048
2191.01240157 9757.02130039
-5349.97619887 8448.5356525
9604.30519416 2785.19689385
8245.89302785 5657.31810784
-8513.55193105 5245.89682678
2329.98724959 -862.466140918
379.358705156 5686.27854049
-5857.97857456 -8104.57198253
-4435.36045323 -1996.48333936
9142.09755704 4052.41314005
9996.98818696 245.412285229
-7651.67265622 -6438.3154289
-5093.06945295 -3807.51692938
6422.09194171 274.696616385
8577.2861 -5141.02744193
2785.19689385 -9604.30519416
3838.04038548 3464.28259557
933.186664139 3875.60363058
4052.41314005 -9142.09755704
-5349.97619887 -8448.5356525
5311.19965265 -1538.51750899
-9873.01418158 1588.58143334
9569.40335732 -2902.84677254
-4821.83772079 -8760.70094195
1830.39887955 9831.05487431
-8245.89302785 -5657.31810784
-2010.96694366 621.155359517
-78.0267386423 6683.38611381
-939.937631306 -1130.86893618
6531.72842954 -7572.08846506
-4821.83772079 8760.70094195
-18.9410279542 1616.01537009
-5202.90918444 -702.968974542
-283.494579406 1395.43118229
-9533.06040354 3020.05949319
3928.61982032 4509.11269608
-2238.79730248 529.146053341
6806.00997795 -7326.54271672
3781.8650157 -5441.13751699
8760.70094195 4821.83772079
-4164.29560098 -9091.67983091
9495.28180593 3136.81740399
2429.80179903 9700.31253195
1467.30474455 9891.76509965
-2375.78260658 3261.94612361
1709.6188876 -9852.77642389
9669.76471045 -2548.65659605
-4386.16238539 -8986.74465694
-8245.89302785 5657.31810784
-9039.89293123 4275.5509343
960.480854253 -2993.08960213
591.13175344 481.6582629
2062.42225336 796.760260284
4758.90032984 3659.75305921
4809.30619645 4818.21961625
2604.9981995 2500.37850687
-9142.09755704 -4052.41314005
-6624.1577759 -7491.36394523
-6531.72842954 -7572.08846506
168.89902421 -1911.03805423
-4464.28208713 1140.24049626
-2418.08341995 2511.21779217
1685.10928043 1219.72240396
-9993.22384588 -368.072229414
-3147.61054968 -2615.65997713
-9456.07325381 3253.10292162
3577.78427845 5719.17443101
2310.58108281 -9729.39952206
-9285.06080473 3713.17193952
-735.645635997 -9972.90456679
2556.52589603 1295.46821014
1950.90322016 -9807.85280403
-9456.07325381 -3253.10292162
-5869.68295391 385.066366814
3402.1228265 -3502.72041142
9852.77642389 1709.6188876
-8314.69612303 -5555.7023302
6438.3154289 -7651.67265622
-2667.12757475 -9637.76065795
-3982.39883984 -1297.13910017
-5555.7023302 8314.69612303
9729.39952206 2310.58108281
-9329.92798835 -3598.95036535
-8104.57198253 -5857.97857456
-790.141255088 6006.93407356
-2071.11376192 9783.1737072
-9924.79534599 -1224.10675199
-5657.31810784 -8245.89302785
-5429.0257295 2316.48196917
625.091772992 3499.09905767
3713.17193952 -9285.06080473
9996.98818696 -245.412285229
5961.38752542 1220.35944918
2310.58108281 9729.39952206
-2953.31371444 796.28223552
-3020.05949319 -9533.06040354
-4713.96736826 -8819.21264348
5691.21816508 32.6890071825
6715.58954847 7409.51125355
-6248.59488142 -7807.37228572
245.412285229 -9996.98818696
-33.4631870114 -2684.50717542
-861.922763874 -1722.02781819
-735.645635997 9972.90456679
-2295.95302918 281.968082466
1467.30474455 -9891.76509965
9637.76065795 2667.12757475
3939.92040061 -9191.1385169
4821.83772079 -8760.70094195
-198.093742038 5283.37390221
-504.638304833 276.167603617
9238.79532511 3826.83432365
9963.12612183 857.973123444
-4275.5509343 -9039.89293123
-7491.36394523 6624.1577759
3517.84431935 4404.32159827
3819.19170889 974.065436284
3388.26156847 -5542.74311227
1830.39887955 -9831.05487431
2667.12757475 -9637.76065795
-4490.64635099 -1928.35501714
-490.676743274 9987.95456205
613.207363022 -9981.181129
2548.65659605 9669.76471045
7491.36394523 6624.1577759
-9996.98818696 245.412285229
2268.04516498 5491.21966209
1102.22207294 9939.06970002
-9783.1737072 2071.11376192
754.01163708 -3516.02003171
-8639.72856122 -5035.38383726
-2310.58108281 -9729.39952206
5758.08191418 -8175.84813152
-122.715382857 9999.24701839
-2191.01240157 9757.02130039
8819.21264348 -4713.96736826
9891.76509965 -1467.30474455
-6806.00997795 7326.54271672
6343.93284164 7730.10453363
-4348.18827355 3212.71346401
-3484.18680249 9373.39011913
-1813.37388237 852.342765519
9191.1385169 -3939.92040061
-9987.95456205 490.676743274
5235.0367976 -2701.86451996
1874.70423491 -3406.22672243
-5668.84504065 133.83133407
-5758.08191418 -8175.84813152
-6438.3154289 7651.67265622
-7958.36904609 6055.11041404
-857.973123444 9963.12612183
1285.17630002 1182.2987734
-409.997428225 1352.49121625
-2071.11376192 -9783.1737072
-114.338325972 4421.8266526
5555.7023302 8314.69612303
7157.30825284 -6983.76249409
2191.01240157 -9757.02130039
-4386.16238539 8986.74465694
-3717.03723328 -5410.4841815
5948.52124054 1481.95096767
-6055.11041404 7958.36904609
-9637.76065795 -2667.12757475
-9873.01418158 -1588.58143334
-1224.10675199 -9924.79534599
-1407.78167477 -358.17887879
368.072229414 -9993.22384588
9039.89293123 4275.5509343
4502.19485573 2082.61991102
2902.84677254 9569.40335732
9415.44065183 -3368.89853392
-5141.02744193 8577.2861
1336.51281897 217.429242589
9924.79534599 1224.10675199
-9729.39952206 -2310.58108281
-2902.84677254 9569.40335732
1709.6188876 9852.77642389
3020.05949319 9533.06040354
9495.28180593 -3136.81740399
-613.207363022 -9981.181129
3859.23881561 -1944.9060135
9951.84726672 -980.171403296
-980.171403296 -9951.84726672
8932.24301196 -4496.11329655
4713.96736826 8819.21264348
-3136.81740399 9495.28180593
-3088.78233829 -3164.80090241
-7071.06781187 7071.06781187
613.207363022 9981.181129
-3226.38323249 -2136.83031407
8819.21264348 4713.96736826
2166.33977813 -1777.55091501
3368.89853392 9415.44065183
857.973123444 -9963.12612183
2071.11376192 9783.1737072
-4496.11329655 -8932.24301196
-5245.89682678 8513.55193105
-7409.51125355 6715.58954847
6447.2936848 2301.26084841
-8448.5356525 5349.97619887
4761.2050358 -1701.02617072
3416.02491664 3349.00477805
-8382.24705555 5453.24988422
-3150.97002089 5445.97864098
6817.84072635 -163.654365178
7651.67265622 -6438.3154289
-368.072229414 9993.22384588
-707.426869271 5918.2231058
4770.30309974 969.083402209
5956.99304492 8032.07531481
9091.67983091 4164.29560098
5781.86556568 -2208.09755218
-5453.24988422 8382.24705555
-1399.40479692 4454.13882456
5453.24988422 -8382.24705555
-8314.69612303 5555.7023302
9669.76471045 2548.65659605
-3481.60699408 -4641.20930927
-4052.41314005 9142.09755704
9999.24701839 -122.715382857
-1041.21293254 3857.27709252
-1642.81473975 -5229.35861265
3116.73010862 -3023.52689374
-3136.81740399 -9495.28180593
-8577.2861 -5141.02744193
5228.82561401 -1606.25856075
-9700.31253195 -2429.80179903
-9285.06080473 -3713.17193952
4164.29560098 9091.67983091
7409.51125355 6715.58954847
-8819.21264348 -4713.96736826
-9987.95456205 -490.676743274
6.12303176911e-13 10000.0
4702.82819869 -4837.80309068
-941.780358439 3486.95793194
-1532.88005705 42.7486370683
4887.47428054 -1624.1606724
-4087.03517025 740.916411485
-7242.47082951 6895.40544737
-4164.29560098 9091.67983091
5068.28087167 -25.6930958049
9373.39011913 -3484.18680249
-733.790200232 -1174.35430281
7807.37228572 -6248.59488142
-9996.98818696 -245.412285229
-3296.23193358 1843.09016532
-9852.77642389 -1709.6188876
-2231.99187592 -3904.01825859
6343.93284164 -7730.10453363
-1467.30474455 -9891.76509965
6152.31590581 7883.46427627
4744.75107255 -4134.8625903
-1396.00034837 6619.2725824
6624.1577759 7491.36394523
2580.73863508 -2181.27162283
9939.06970002 -1102.22207294
2225.46716136 5082.5531402
1682.2186847 1160.67364416
-2740.59780051 -5367.29132339
-3524.08110474 -1753.04548654
9852.77642389 -1709.6188876
6719.29023079 -1668.32878478
9533.06040354 -3020.05949319
-2548.65659605 9669.76471045
4713.96736826 -8819.21264348
-9373.39011913 -3484.18680249
9972.90456679 -735.645635997
6531.72842954 7572.08846506
8986.74465694 -4386.16238539
-3315.56771448 -3467.81970967
2213.25686023 4853.75475311
4219.43821474 -5150.05146017
2250.31087787 6020.80277697
-6895.40544737 7242.47082951
-1432.12455052 6301.28537654
-1830.39887955 9831.05487431
-6395.84704198 1801.14938292
-2902.84677254 -9569.40335732
-849.642197488 2403.93984538
-9981.181129 613.207363022
-4873.87627583 423.575371642
-5657.31810784 8245.89302785
-9891.76509965 1467.30474455
-8986.74465694 -4386.16238539
-9415.44065183 -3368.89853392
7326.54271672 -6806.00997795
-5141.02744193 -8577.2861
-9972.90456679 735.645635997
-8819.21264348 4713.96736826
-3880.68432386 1629.07037821
9142.09755704 -4052.41314005
9981.181129 613.207363022
5657.31810784 8245.89302785
-7409.51125355 -6715.58954847
-7958.36904609 -6055.11041404
-2667.12757475 9637.76065795
6878.73518102 933.278112713
3295.35640442 -2185.6628881
-9757.02130039 -2191.01240157
