-5216.18325537 4246.35271801
-2119.5617788 2984.2934466
2845.8802306 4348.4701617
819.69098895 6427.10335755
-5244.33798443 2719.15872849
-1162.71407314 -1887.55601749
-1542.74242916 1758.20248601
-691.517685365 -3580.12415457
-5763.79290775 -2013.31268493
-1112.13443856 3636.28206898
3057.93144336 182.443413323
-3636.8768862 -110.465988596
4734.60881182 -2217.53417481
-4679.57319153 221.680376722
-4276.49755761 -4574.49564906
4733.14324214 -449.237591275
5600.88019757 -2130.70685602
1755.44939386 3974.43397104
3340.27437117 -739.133658836
-3496.62128537 4202.00682234
-3107.33243491 -6127.05898415
-2048.0697966 3011.41460841
-1951.41147127 2694.90231797
-2414.9097047 1692.89738854
2011.15303344 400.703125487
-3479.7634526 -4655.67944409
-5894.52650222 3135.11774716
2471.68978988 -1874.46515529
-3229.16186422 -2321.1939764
-5425.60246823 2444.37129776
875.1557522 -1358.17577537
-941.533448375 -6252.63885445
2036.63564962 -78.6456751671
4494.63588476 -2757.80223963
51.4558292576 -1694.32093303
5257.36938197 1355.39361632
4726.62497293 2730.82376574
-255.897648593 3578.65153976
2074.81887715 6386.59537153
5593.07818347 2496.56492113
365.17179251 5836.94908906
-45.2011230544 6304.42488657
674.10237834 -5934.97877753
-2511.54945441 -1193.2714138
-1211.61885591 6836.26971084
-3819.20082301 5247.01798168
6885.21772518 -54.9393009187
2169.7495631 -2001.60104243
-2060.45714323 -6331.60356492
2933.98953291 -3178.66456991
2060.13479133 -2910.91922381
-517.962658405 -818.132286083
5927.38529876 1524.09129057
4069.0198866 -2605.82973685
-6464.29640528 168.143596958
-6823.56360542 -472.024392545
-910.91431028 6129.46231169
-3998.96950424 -4144.26065889
-6033.71430501 3123.89858071
5937.64299831 -1515.88580221
3855.27289955 -624.538966765
6669.50146199 749.062155895
-4891.56867874 -2256.93160155
3116.70364177 -4834.08769622
-5381.81158427 -2199.07012346
-1428.58259204 6823.61570746
4552.65966222 3152.49724385
-1988.82649055 -2906.13137687
5272.57008135 -3947.52220132
4793.8036981 1140.50309142
5620.51123871 3331.57064315
-6355.37805806 -1859.6239051
1856.89834618 -1612.29399634
-4171.97311097 574.019011164
-2899.10563953 -3454.48853518
-3966.8606373 1389.91236437
-1981.87292757 -5780.2707788
4564.12825618 3214.53033338
-4876.04114422 -755.510409384
-1735.01689474 -2982.36569032
-4735.2447607 1540.69335314
1072.5934063 -1763.75914906
-6257.77274283 2878.22053094
-5304.38877501 3590.06104099
-5985.99856571 295.74071017
205.127379379 3562.43325315
958.366421734 -301.59152302
-2369.31852095 3114.27238806
2396.76640737 2308.20785971
134.809834944 -1936.75738149
-781.343036959 -6713.67543325
707.387351299 1397.54956834
89.1159332997 547.422267081
-122.040912922 -6870.44768543
2669.21743797 -6394.96745677
-1956.71265445 1139.95844423
-1.83690953073e-12 -10000.0
-4486.9936726 3926.44328815
-2624.27468014 3634.20618447
1948.28263612 5317.52915512
-1434.07684145 1006.31804998
1402.12412913 4310.92411088
3635.74933092 -1927.27609614
-5747.34419926 3950.11232014
1925.88194662 -4892.26484683
-1762.90069534 2070.91660486
5655.83709863 2562.97761206
2852.87862489 -973.145419966
4813.57563535 -3898.39335369
3794.78522852 -1675.36260545
-577.655195519 800.69185833
2529.98191553 6104.26584991
4605.56054723 5254.57805478
423.764081798 -1874.42446469
-5215.24116414 3991.05964407
3231.94293213 -252.848595911
4141.97261413 2910.80500406
1321.50409444 -2737.44191182
1705.38420311 -1388.79153937
2327.44315557 -1134.50177908
-1256.93874423 2257.76356493
-18.3651850146 5316.44622321
-1465.31274139 2805.56615196
-3112.98952604 2996.98995041
6364.65225732 2530.66200171
-1555.48906355 237.153158366
1528.39150259 -5546.25730808
-630.611645221 295.000407289
-3917.30901348 4990.46983352
-1068.20412267 -6690.96025819
-2329.59738804 -6001.01696127
3146.74191869 -177.848020954
1247.11920844 209.395754175
238.63319922 -2082.09935613
-3335.29690398 -1321.5867876
-853.411617602 4821.50779996
86.6615247767 6359.57052444
217.55855139 4127.1419928
-1331.42769408 -4444.35983586
-1978.18433551 2971.18654508
4439.28276367 -369.71163167
-2266.36409666 672.506042487
4791.58341763 1565.8120375
3379.15697836 3932.17875079
4712.31829599 -1152.71824718
5350.97704481 -1247.54681476
3180.22950448 2095.18227608
-1888.45613055 3747.64504199
-6686.4539982 -991.940859711
5314.14578806 4116.52633198
3943.53853379 -2624.59453505
-3578.32502629 591.725977017
6652.42580951 -1367.92195628
-1195.82830685 -535.468008517
-1655.91636629 6781.40062108
-5434.87359635 1024.6931851
389.005543461 1731.98292055
-1560.49139571 -6596.67547758
-3503.67703826 4044.59525711
5916.68085127 -1166.87469263
-4615.1761085 440.849359287
-1435.09468293 -5305.93296293
173.886672944 5941.20032608
-2431.77465958 33.745563089
-4815.14984284 1896.43873031
-33.3070601102 -893.916603921
-1185.90076779 -5056.74456211
-3382.31014218 -2530.42912312
-2735.2416411 -2795.25196011
-1085.59462001 -6197.88142989
-5474.73740776 -2643.92228967
-3049.95062312 -6257.10439103
5304.92257923 3944.58131149
-6645.63966065 343.061953741
-5327.28173773 1498.76002396
-4499.43279307 -2303.94671607
4762.07867109 -2928.66055148
6138.0738369 162.52246636
122.329836937 -1789.88759108
-867.806328444 3892.84821754
1910.5919564 680.342412285
-6871.6695432 -310.431614499
300.135636902 6108.74311147
-2623.15287046 5749.19863094
85.0285394156 2013.3810044
2071.20908585 2929.72335584
4112.58246811 2769.04245229
-4015.25864196 2046.09627494
-1734.96366801 993.776912736
-1051.89096619 22.875806913
1540.23657541 -4931.62290461
-6390.71304127 -586.38768135
-983.79094172 -4603.54632231
-5902.38985105 723.807948133
4475.9334124 3931.66962994
4988.50015528 1542.23147328
3234.9906904 4599.91200522
173.483539364 -1624.66850254
-3088.34756843 4383.03104396
-534.160919744 -5184.1104526
-2865.7962153 4167.81659049
900.115812086 -1508.2838668
916.676021524 -3224.42659863
125.21447839 3044.65241942
4328.51673781 -893.53151365
712.285054355 4738.55137983
-6541.0184303 -1668.87942888
-6309.72338783 1778.57311725
3908.75094245 1179.11441741
710.545212758 3925.52735967
-6437.45249978 805.146178814
1435.27239721 -6050.48304076
-3392.90654909 -353.900008663
-268.826986554 -616.17141518
-37.6404572467 -42.4500888685
-3618.83892179 -1362.45094316
-5297.72470345 -1642.01659958
-6717.36766704 -1904.10781892
3803.79117859 -3437.10480413
513.518994484 6442.37469631
4991.55319083 1283.86852034
700.886470804 -6772.95843612
1696.94944898 2179.35706706
-288.626848574 1623.62163846
1470.43317499 6592.86001436
4315.96711043 5201.89433241
-1705.43119615 -1244.7684863
-636.036914947 -3512.29495896
1919.22650143 -1765.82383924
2424.7080267 795.742689796
3032.96894599 4672.00032012
-3375.09622993 3224.43908598
736.108392903 1962.96009608
-2950.35444133 -3545.41969106
-5541.32500538 -4219.49892081
745.689300348 2568.18989471
-1494.26345044 -2137.63167054
-385.311643652 -4363.41540959
-2149.98611822 470.202329491
2482.8453769 -3067.25955978
-4379.11110255 -2847.83990324
4657.0016339 1587.12301547
4784.86119969 -4156.67887065
5665.14419412 2299.35825104
398.210014266 2780.5790655
-6224.10060621 2875.09001012
-2177.84233033 788.384751321
-1308.10043081 -1555.1424698
630.379500321 -2969.27927257
-440.275047709 492.297837759
6135.21311336 -2455.65095597
-1711.51652936 -2646.82574651
10000.0 0.0
-46.4445549594 -729.005969493
967.266212348 4165.84354686
-4694.89370458 2571.56138309
2685.84842081 -518.202220603
591.98816591 6018.33374755
-2725.40988834 -6404.89976289
1557.52286764 6037.34191358
-1789.24503019 -4415.80540796
-930.346680412 2282.52017298
1284.77424847 -6470.44974489
-486.370527315 -4462.2517798
1146.3494531 5605.51107787
3096.01594371 -3985.88845654
-3257.84552442 457.941641198
-634.968178712 2687.52762067
-6675.72964736 122.10198022
-2007.25179943 -254.698258697
-5203.39436274 -2348.37131706
490.107810707 -2473.95519474
-4330.74856948 4577.43191828
-532.127778206 -6272.94064855
1519.39827394 6470.58283466
-4548.39727307 -1371.68200991
-5104.0341265 -152.719427365
-2391.45706558 -2570.21843469
-2933.20976426 6016.90977114
4132.52887569 2304.94431667
-5630.95034125 -67.4712159823
-1117.49618295 6529.25343117
-3045.05855408 -5684.30694094
3294.23745536 625.506832105
4593.90900176 -2566.49006942
-598.793088965 5207.32464883
6423.09921077 -454.407325761
6.12303176911e-13 10000.0
3726.09142569 -3849.31486254
-1926.09953692 4555.849642
-5436.1712985 2668.78216501
-3550.81439812 -3087.36403282
-314.825087108 -708.163382755
-148.066729823 -6257.68663577
-3154.97954511 -3844.61362541
-2401.42713441 205.595184863
-1196.60812009 5493.45633022
-257.376001327 -3864.79184306
-945.675580394 -3544.09450335
-4271.19814159 2066.48336288
1509.89477498 -4632.1419333
2734.64450302 3891.33619913
-2521.22767418 -229.759713288
769.609073802 -3290.93596224
-3243.06457714 -2401.60036083
-3851.8347515 -1389.89752787
3630.47938571 4636.98585068
6059.3540676 2912.70293093
600.689603885 -5040.98424835
-2054.23993432 1419.7511806
2423.53043128 -5939.54195727
2873.92489036 -3545.95145817
3442.34808934 2544.9187108
-3641.10672732 5544.75137918
-4709.05276452 901.529331571
3266.33937299 -1946.31518988
-1880.40508479 -2180.22536053
-1390.27087975 3542.75422264
5247.14048358 3007.5082237
-2199.3900109 -3684.34501688
4828.01200738 -4391.56872552
-3636.83382924 -1057.76735511
-4162.09374569 2811.04187081
2083.66417075 281.827186207
628.797160269 -3615.57539516
-1618.06220786 2330.05798584
-3582.94296205 3125.6314937
1431.80181114 3725.55828593
-296.121830877 -5953.16421909
-2845.96569015 -396.305982775
3021.05951572 4645.79289042
2864.4894 5712.22812556
-3673.97300201 3695.72768277
495.988735047 -2787.52082653
1726.09544137 6410.81363017
-6571.32640475 -2112.66626319
-3919.12294939 2192.39590812
-4634.03310761 -3092.26202638
-3180.92607109 2219.98990979
5312.24424245 -1534.85595963
-292.662282329 6494.37159448
-1287.88704447 2150.10561287
-1866.46468642 3641.95892488
2922.30937465 824.400262629
4231.10226857 1704.9546939
-1684.20294825 5951.09882961
4033.72394147 3473.9519442
6052.67787771 -2341.53664266
803.103951241 466.556169354
-116.047297495 2614.77463466
4503.02765507 31.6970873338
-3359.83242168 -3337.25085912
458.827408211 -3941.55174667
509.315682429 24.0523211023
-3644.74105263 426.692831643
-3631.01688312 1543.64531557
-2893.62883507 2270.39081422
-1424.88473124 2794.37815033
-1672.35847005 3128.25269686
-843.666042115 -3373.78138923
-3144.46033139 5165.54167439
2727.87159033 876.012920589
-130.379646063 910.717614299
-3408.88286349 -905.770714614
-973.72759484 6285.68289767
901.002073871 2780.76836426
3809.00202294 -3971.45145814
-3687.11469972 -3775.6281521
-4421.48706231 2023.82041788
-1599.0253266 -1445.16071323
-2113.1256715 447.783214716
-4423.68065793 1391.32423923
-5401.54797101 4149.22198895
-93.2958894694 -3981.34849976
-1851.84944294 -4243.64056431
5710.30707684 -3870.02666591
409.299671714 2743.58067424
1387.35037046 -5725.80919066
917.516875651 -591.554134834
-2183.28767839 3077.65070498
-2121.17605476 77.7866526574
-3038.3323595 -953.348952314
453.134288372 839.959430392
752.454431175 6832.16039463
-6193.52176331 -2411.99729621
1843.79949873 3097.8794976
6451.83826318 -2299.96634892
1251.81556562 -1592.86989204
-5406.61979615 -3085.25183087
5462.37226307 348.191444814
-4047.51342993 4533.70423924
4117.85855116 610.339514571
1137.65044265 -3921.14609468
-4430.79726929 -2480.08684563
-5898.99838425 -2021.27227315
1784.44161883 4405.24531462
-3899.58819919 -2086.24968845
-4705.19989842 4432.7186968
-814.870847876 -6587.02138978
3253.19529768 5937.67129494
4056.44484685 2509.31348843
-4220.84069081 -4077.33448432
-2550.99081685 1451.54161799
-5722.32056767 -480.556792456
3396.35383881 -4232.51059212
-4046.97646911 4819.25702089
1561.52546891 -4782.51306182
-4455.96836508 1971.6960926
-2587.20743225 -923.77728266
6478.17639762 1761.27470827
-5240.7675461 -2253.65576045
1106.55426246 6660.77208138
-5452.13852495 -3864.44443592
-3334.46090117 4648.71776113
-522.783887643 5472.63249233
2493.38590129 -3462.003979
4109.1887732 -5547.78839643
-4534.38256067 -3020.60335767
-2567.515186 -3257.66246214
-755.568968603 -6461.29433383
1982.50088621 285.511952839
3571.9964963 2075.17312868
-2968.22753932 4084.38804581
5770.52314041 -1898.07296055
3208.16788117 -1986.66470182
2968.32307889 -4936.35024394
-4356.16677227 145.68647282
4456.67969177 4827.81680084
-3475.44708256 -75.3352448747
-2286.92394615 6470.31220066
-935.066040959 -4155.37240001
-97.1404368621 -1391.92259017
-1127.59454844 301.08556631
-4020.85329261 -167.453924682
1296.00579793 4343.53398389
-3022.55411055 1379.07712868
4573.76770672 -5004.91997414
5456.53508278 456.818526117
-20.8394060985 -2879.2261821
-2534.40549012 1008.84950498
-2848.75746449 2671.43995022
-6802.80649131 108.072943542
-3897.69365239 248.284262094
1613.59274323 -2375.53784182
3933.93448205 4403.60742973
-1111.02225739 -5636.25050861
-4029.86603503 -1711.62779023
713.629311817 4632.12180427
-4039.77614672 5377.94075343
4160.24271741 34.3099752118
-3601.1985511 -3461.65449687
3388.50113658 5760.37912015
707.932892715 6013.31486533
2306.25100068 3994.52834451
-3701.96209243 -173.802493094
-1238.51275202 -1416.06260887
-3107.25511788 -1221.04732212
2160.65795899 182.36050397
1138.78582216 5078.1475663
2092.18540212 6456.38102123
3862.37071992 2100.15164917
4891.50288723 -82.7583945622
-1850.97311583 3287.52537367
-1314.71285526 -5295.50316525
-6369.4758307 -1030.86747266
-4091.23656704 -5313.54434784
-2931.23266193 3140.89891768
-2311.4850263 3884.48614336
3783.04073496 4138.11607868
-3685.54390096 5849.33054725
2692.89649731 2943.86740104
-426.649398328 -390.007890232
-5644.11985899 -3810.2245073
4354.02149517 5195.13393161
-857.365901676 2612.7947849
-3493.23813889 -1461.52599979
3989.51255409 -2358.20970292
-4979.28738067 4358.70978335
674.998468339 3117.14342403
1076.35822387 2099.30752584
-2238.49940795 -4341.45242166
1435.31429389 -5121.18438791
5802.73017313 204.161107752
84.6766258148 -4318.69677172
-5742.86552919 -1181.18740797
4553.75263034 -483.904947422
2918.96079103 4503.40653595
-1350.85966938 1617.03555182
-1254.68275167 -3958.64870223
4386.96550363 -5242.51235878
-6044.17303427 -2485.82922419
120.116316341 -2710.4386657
-1357.26741019 1898.83169281
5493.41127034 -961.497316517
4147.60231057 5073.20349877
1133.23799969 -3869.82970285
-4463.11162538 -4276.54440858
387.978070339 4643.03107315
-5875.19702893 3389.9716684
-654.057737536 -4531.30507362
-5033.29584437 -1851.48967354
-926.455698965 -4715.97077685
-5993.68948411 1300.16345552
5860.45529614 851.251806657
2939.0961229 -5313.91130205
595.579898395 -3245.43011563
-4413.7073332 -259.683127954
-1034.48158913 4834.28456933
-5813.77046597 -719.452740335
-6127.74435676 -937.988822931
-3237.18024793 -4096.71763337
-5374.30546008 -1216.61118604
1522.04907734 3468.46152841
-1148.8400848 6128.61472606
-3010.9422351 5974.17185598
3081.24966634 -1453.09751025
-4477.29370184 299.315224661
-1297.14873041 -1503.58869258
-1057.26248087 2143.48213468
-1942.58461357 -6658.02012211
5617.83883324 2748.56202562
4020.98424446 2737.77293526
1036.5822526 -6681.03715779
6140.61248113 2743.76374699
4750.26220181 1187.08760255
-4199.29831898 -4890.09453903
3049.00744304 584.790389733
-4945.38329561 3384.78460213
-6198.39988723 2494.96178572
3654.2191779 -2272.74461943
3190.73774791 -5185.5421267
5528.60990263 3945.63417765
278.947437449 -6279.6474398
-5556.68846746 -505.965572745
1532.45276189 1124.53273557
-1122.43351369 1088.42552518
-5139.8321986 1242.39383956
-1576.26353003 -1846.19532642
-4337.43732382 -309.791276496
-3964.18245187 782.713025539
4924.8267967 4064.74028625
3983.74127356 187.132590116
-3919.44137468 -1800.09083184
-6469.76148638 1723.93544781
-74.8436532336 3230.66428709
-6390.49189935 -1091.75979719
-841.938309083 42.7081352772
-369.599959476 1177.52210564
2977.64723372 4515.41238346
-1958.42911994 4564.1366192
1053.83082411 -4538.86095203
-3232.08737135 3457.64482789
872.121108789 -1616.33175896
5798.02845032 2007.89815148
-200.653177607 4537.5493545
-5295.36149034 26.1220811764
2264.82116838 -5519.40848043
-1560.44101129 -6649.84214661
3849.05144103 3514.6139405
989.787016823 1679.55046915
5668.6290728 1752.69743363
2050.58120111 -1534.38966908
5391.00777099 2734.5157585
2034.41792143 6281.07142235
-3682.01100296 -2763.00052807
3947.17653758 -4370.4917188
4076.92787443 -1183.98002914
-1811.40481471 1367.11006401
4741.28937569 2688.5632672
3092.74130997 3257.28498966
-3860.31465796 -721.527879012
1727.3985959 -1940.98207905
-8.50774153712 -5990.45377892
-1757.84368863 -5722.68838995
4204.9661184 893.454965794
-3088.37755408 -6251.32302493
734.212713668 4700.65640605
5529.12256361 2628.31824139
987.766515791 5184.74513391
-3777.71389928 -2631.63694635
3736.46586338 3421.36735503
-1536.26607977 4246.09501106
-3752.84372035 -2673.17691415
-6550.01096598 942.905433383
4432.36372514 3103.23716075
-3477.90417993 559.067268714
5419.20836897 3314.27796066
-2034.29145584 5777.7961109
-4067.19274539 2697.98867608
1064.17388218 -5279.05245798
-590.259240755 -6456.08153623
-1522.03155858 -5048.99737646
-392.333837988 -4941.96262333
-847.125465241 -4113.32866404
5335.46139977 1131.2050582
-493.385660435 1554.32930008
2677.62954765 -4490.70393257
-285.879694489 -1479.44164058
-3099.50366916 -4732.62851989
-3481.36417794 -2250.52023227
440.304753089 -1113.37991764
-772.580594777 5319.21154519
-3409.53660704 -2872.77953183
4221.82825841 3893.68706774
4228.75626249 -453.859414883
-3209.96959618 3386.15073263
5169.87801852 1675.10998903
474.187845241 6679.84209122
-779.168843705 5979.88504145
4243.85967697 3191.0715783
-683.001535001 -1596.97272686
-4436.7594856 4831.69938067
-1089.37377287 -3577.77641322
-1028.49565965 -5758.00705203
1378.88973498 4023.76304605
1705.44918644 -1046.10516945
1812.62425451 -634.060918929
2888.53717507 -4427.61480106
-4503.71407724 -1274.72214375
-10000.0 1.22460635382e-12
-609.34156035 -2381.15000456
-3387.15680653 -3448.36570271
2793.61529666 -812.096471442
501.778691335 -3062.05018025
-2740.14655758 -802.965670597
-5245.60551942 -2852.02563213
2877.97289467 -1799.93612635
1104.96783774 -6486.60634064
145.528539518 -4640.61791555
-2793.94757644 1247.84320752
2970.42745173 2372.80469058
-3259.38209224 -4777.09048558
1994.72452664 340.832625493
-2373.88441803 -1638.81728149
3077.77268518 -2784.63179445
-2777.17270756 -668.252559361
5370.85501294 1759.43397384
-2007.49373982 -5242.02868675
6397.53769665 -2704.74405061
4172.40553174 1417.96995373
-1840.01380534 -6665.52305637
-4693.79567773 1794.68251001
5597.12254285 3014.09595493
-5221.75206568 -1372.18226542
1463.24897833 -1622.86910092
2749.51687352 -1726.29960081
4410.18873972 -1572.84701029
-3408.98240741 122.15666961
-5854.26343239 -2390.74895236
2192.49443505 -4734.28701371
-3061.70749278 2215.14250808
-1937.55259942 -2091.52435122
-2997.91420726 -3388.96297214
-4618.59570582 2123.52424238
3806.80220309 -3478.6395082
-3709.58546554 3215.5198641
5276.8731274 -2439.15076323
688.918277703 -4723.11554968
-5646.27837233 -2851.5426348
6845.03355799 -153.408731549
-3702.7399125 -5324.81145068
185.820468083 -6084.57892811
2789.75313345 -4837.11030468
-2946.48971757 -5878.83940378
5322.4841203 -3649.2019881
3291.3058943 -878.506751562
-1597.66980802 5041.34637757
-2529.83911921 768.742086219
-2712.68908052 757.42926953
537.654629555 -4364.18634606
-1646.53040393 723.659480161
702.236770252 4576.83925339
-4258.09335874 -4738.5379953
5227.06188637 -1734.57059739
1306.18268022 -1250.8807735
1911.58637125 -6302.02847371
3923.92087535 -4206.04482312
5442.65973783 2623.80817061
-4614.06549836 -3927.22734401
-4413.71948182 -2257.5774544
-1773.48494551 5071.72438065
-4896.29479726 -1119.12562099
-45.3962771399 2724.10179805
-1797.11002478 -2469.36178157
2897.12777842 4339.97076353
3511.5516184 625.499575927
1810.23130111 4404.79947256
-39.0284945143 -1414.04047338
-3224.44880816 4844.91359233
-6241.87847436 -2099.63570912
-2420.44457881 3687.23070178
2464.955808 -3135.50698431
-149.542798849 586.777284305
3417.23825652 1173.53831553
3583.2868407 3019.06604293
1561.0032094 -4201.79756638
-4119.98142501 -5188.29886568
1578.08417235 -4792.90651549
4508.05636561 -5286.61670657
5023.26424144 2485.75178931
-5647.10504467 3525.06275697
901.803547206 -5360.8959669
2910.86143002 1438.89794942
4640.63765883 4557.15527031
-477.896292471 524.337032807
-1496.36072394 -2673.2523459
3239.52224009 4.80127322274
-4355.39872168 3812.32174901
229.041926949 5824.92395053
-4929.01545668 2297.92394971
-1845.53269385 3597.05223569
6131.26524745 -1875.52209906
-5042.07889463 -3947.61129629
2190.00530973 5424.93978046
5232.70331315 -3771.66872171
-4846.42590106 -4157.42679106
2655.40592538 -303.665952535
674.606178981 -709.028446594
-6892.79875558 245.727368329
2535.2189355 -287.768093578
-3593.74347589 1369.36655266
3809.83186011 876.562736229
5253.37624567 2622.55374515
-2018.07290805 5834.29236896
-205.073024812 -3901.49880109
-1190.65850459 2547.20102387
-989.482819557 -3711.98969585
4418.78588112 2291.92552813
-4213.57065839 3745.16937697
3936.76572313 1519.25339416
-4619.74614949 -3122.68702115
5689.58564703 -3336.90225688
-5377.52801619 3625.62444427
-2868.64942934 4266.20360165
361.275358474 -2074.98993582
-2527.42182034 -169.042362201
-1397.78251976 1448.11078637
1599.86444688 -4709.24782004
3442.25430586 414.961946976
5204.23533567 -4052.74295928
-4041.36207623 5688.21540646
5159.92927485 1373.21522321
-2256.39971433 753.575663713
-1783.99564482 -6128.0440786
2161.91952245 3259.11064767
3158.49523881 703.202409915
-6243.78016354 -2709.75096177
4642.48333496 3189.42145435
3416.17863113 -5939.92277933
-1269.93196917 2520.96925105
4181.04891247 2652.23119723
1577.86735575 3125.17308643
-3893.49375424 4627.38928868
4449.01176642 -1352.50439236
2812.44075853 5837.53796236
-463.720546098 -277.286637657
5266.60969811 -1114.72748297
1217.08739536 -5019.28519775
-2094.51664698 565.549769151
-5745.37346764 2844.99870793
-354.8343486 -4612.10110056
-6936.56987712 -348.255121921
-941.961134105 6201.70597105
-2152.67224204 3295.97171178
5910.40769178 -1177.66110566
-4789.04727284 3584.79322855
-4359.22879615 -750.093853809
-5362.17623574 -2703.83543379
-4717.84369837 -1471.55235186
216.838115357 1877.89361156
2694.13930295 -1223.60581984
4382.52834246 3231.4118828
1738.14272603 944.448469499
-4633.54085574 -398.854674584
-709.104204091 4342.73012492
-1804.64764303 1262.15490764
-5750.36878902 -1383.59063138
-3139.00992899 -2921.21913
-4398.74682123 -2183.79876431
4188.077799 3166.18110292
2097.14505423 6361.47440994
-718.307322921 -988.538647827
3354.32275331 1936.58173783
1485.0933075 -2655.91186173
2413.7361163 -4688.22167828
2361.5681755 6061.6537301
-2620.39989414 -123.563064148
4361.00910255 -5437.61470081
541.749558667 1647.36759311
5447.12067983 4193.31320322
6026.13187195 -1499.7963452
-2031.24719163 2550.99263789
5820.99066205 2445.63151962
-4740.46672798 2597.48899727
-1956.5375278 164.253863191
5064.19352528 -2065.16497894
5560.62003567 58.5294598412
-2670.14848036 1602.608493
84.2764185404 2647.75653873
-3948.63113879 4804.32272382
