100.0 0.0
100.011466194 6.29218811714
99.6270173894 12.5858191832
98.8465173973 18.8559816473
97.671397494 25.0777525326
96.1046573209 31.2262960633
94.1508595769 37.2769623589
91.816118501 43.2053858061
89.1080821635 48.9875827174
86.0359086104 54.6000478859
82.6102359294 60.0198496513
78.8431463315 65.2247230923
74.7481243637 70.1931609701
70.3400093949 74.904502053
65.6349425394 79.3390164612
60.6503082031 83.4779876818
55.4046704637 87.3037909154
49.9177045128 90.7999674286
44.2101234127 93.9512946006
38.3036004364 96.7438513701
32.2206872815 99.1650788028
25.9847284632 101.203835519
19.6197722099 102.850447744
13.1504781997 104.096753751
6.60202248912 104.936142513
6.45144586648e-15 105.36358637
-6.62967506134 105.375667563
-13.2608704655 104.970598515
-19.8673385088 104.148235731
-26.4228194492 102.910087257
-32.9011454227 101.259313622
-39.276344431 99.200722248
-45.5227439902 96.740755318
-51.6150740268 93.8874711126
-57.5285686121 90.6505188775
-63.2390661262 87.0411072836
-68.7231074496 83.0719665815
-73.9580317843 78.7573045736
-78.9220697153 74.1127565512
-83.5944331339 69.1553293711
-87.9554016507 63.903339867
-91.9864051451 58.3763478168
-95.6701021052 52.5950837081
-98.9904534318 46.581371566
-101.932791396 40.3580471285
-104.483883453 33.9488716727
-106.631990647 27.3784418172
-108.36692034 20.6720956379
-109.680073047 13.8558154559
-110.56448315 6.95612766746
-111.014853327 1.35949494752e-14
-111.027582505 -6.98526340927
-110.600787229 -13.9721287062
-109.734316307 -20.9329403691
-108.42975867 -27.8400301917
-106.690444365 -34.665826774
-104.521438665 -41.3829650873
-101.929529284 -47.9643956819
-98.923206716 -54.3834931019
-95.512637752 -60.6141630768
-91.7096322498 -66.6309480572
-87.527603258 -72.4091306736
-82.9815206267 -77.9248346963
-78.0878582597 -83.1551230892
-72.8645351911 -88.0780927551
-67.3308506938 -92.6729655849
-61.5074136514 -96.9201754333
-55.4160664489 -100.801450661
-49.0798036621 -104.299891899
-42.5226858433 -107.400044701
-35.7697487264 -110.087966784
-28.8469081907 -112.351289563
-21.7808613418 -114.179273709
-14.5989840851 -115.562858495
-7.32922558288 -116.494704698
-2.14861894984e-14 -116.969230868
7.35992404537 -116.982642787
14.7215358971 -116.532955977
22.0556967054 -115.620011139
29.3332542563 -114.245482427
36.5251583337 -112.412878496
43.6025761621 -110.127536303
50.5370074709 -107.396607623
57.3003987252 -104.229038348
63.8652560656 -100.635540572
70.2047565051 -96.6285575847
76.2928569367 -92.222221856
82.1044005086 -87.4323061563
87.6152199368 -82.2761679816
92.8022373327 -76.7726874689
97.6435601353 -70.9421990241
102.118572752 -64.8064169062
106.208023529 -58.3883550355
109.894106685 -51.7122413215
113.16053886 -44.8034268251
115.992629965 -37.6882900935
118.377348016 -30.3941370265
120.30337767 -22.9490966519
121.761172221 -15.3820132056
122.7429988 -7.72233492724
