100.0 0.0
-74.9595088641 77.8665840916
-23.8406196312 -113.695162713
120.538667361 30.1484081692
-71.3383855162 111.461036538
-99.7091661538 -98.8723447843
115.698748013 -93.097196223
95.3558802208 124.204966069
-124.647334122 107.608959811
-128.886126052 -115.033650241
91.8573826352 -155.772343074
181.731602013 51.6289964096
6.75561673372 196.891128055
-189.214252561 79.1217221096
-153.599857369 -147.819447671
68.4332125787 -210.409897856
225.739694121 -40.4925178019
154.186159119 180.54917621
-72.5080504583 234.559122401
-242.492226814 74.2134839526
-208.880882056 -157.620810029
-2.59947281982 -269.749710203
213.805926356 -177.441566252
281.830929725 48.2424106881
156.936185205 248.626740046
-75.448249697 292.52470333
-268.494930174 155.316549839
-308.444628474 -78.4537219285
-175.453738252 -275.172814033
55.9328868902 -329.723095853
265.321959416 -216.615975739
350.552777271 5.83850618281
273.875732678 231.618727577
72.4098428116 359.55038601
-165.315137412 336.43094931
-340.963179181 174.312653139
-386.304450584 -60.5497625504
-286.328410445 -278.030132784
-79.7857903372 -399.295569092
159.344456925 -383.485042408
350.043401686 -238.118583693
431.263128828 -12.3719575322
379.350521038 221.979597839
212.005771561 394.216716968
-20.3687123657 455.2368499
-251.588429741 389.60446892
-418.999142957 217.006230347
-479.685393975 -15.7547972331
-419.832415411 -248.821297749
-255.858695971 -425.0450879
-28.1759979042 -503.407901604
209.964063513 -467.274648237
405.350552751 -326.296239983
516.360118254 -112.378986048
520.879362201 128.649520175
419.42592901 347.40149576
233.446883645 500.978104578
-0.272732191585 560.783142873
-237.552202884 516.893370991
-435.358254467 378.5970075
-559.344711218 171.462517764
-589.191677917 -68.140767368
-521.094366327 -299.842383294
-367.318583331 -486.114541137
-153.228307696 -598.053149149
87.4642190931 -619.308798566
318.30241995 -547.77234374
505.614567236 -395.01034596
623.172904959 -183.776458885
655.415585795 55.8422591301
598.93809736 290.96648368
462.234120917 490.468191666
263.901280721 628.917588787
29.6999382018 689.486491812
-211.048997211 665.548809751
-429.218473129 560.912014284
-599.316010208 388.787464822
-702.237567325 169.74409792
-727.085045262 -71.0210034937
-671.933222478 -306.723126201
-543.561656728 -511.977970209
-356.277671653 -665.420935761
-130.038849687 -751.716357716
111.867032523 -762.805896104
345.310225393 -698.339529843
547.714351142 -565.320371343
700.135314843 -377.067971334
788.854618316 -151.658781632
806.381547723 89.9654075636
751.824253893 326.019855072
630.650868601 535.83814305
453.913572212 701.605716155
237.047637862 809.735949012
-1.61774849409 851.802647203
-242.489822226 824.988623895
-466.339794824 732.0536969
-655.798184244 580.8637846
-796.611634771 383.553350652
-878.583786082 155.414846158
-896.154287823 -86.3794507282
