-4732.50603085 -515.02353413
-646.910801886 -2166.23918101
-485.322503741 -6169.99079059
-2441.12144306 -1177.68588591
-3293.23535856 2449.14580046
-2593.27236743 4133.69871585
-640.554656395 3307.3138945
2226.12892138 5831.83206278
-4982.37819847 -4188.03765563
-5009.59464835 4013.56489919
5770.79500029 -1000.76610469
-670.117716571 -3217.03871117
-3202.78379625 518.542929035
1501.30314882 -2701.12617167
-547.438284679 -740.895759976
-233.863922515 5330.48228898
-2109.45984238 -4935.44764448
-2984.39872324 -5253.091686
-5665.78459177 -4087.61365746
2028.1678907 -3557.30800855
-6614.90928442 521.795529026
-1750.33968228 4630.44783128
-6826.56295659 -202.975339456
-874.575664116 6884.51813065
1446.69420286 5944.64557539
-5568.97493849 3481.84672125
-1734.62305833 1820.96521795
-880.641190642 336.107048138
-5841.93859685 1638.60406144
5801.56193968 2940.36455001
-2440.75375577 -6515.64644167
1921.71650823 6605.54106044
-4749.81868935 805.987635348
-4652.73994447 2423.82082018
-2280.34674466 2400.79831194
-1772.85418767 6222.36652061
586.959955296 6436.46573859
3047.07900516 4551.31040183
-1984.04535133 2732.02405593
2332.64612891 1613.86853507
4024.38293584 -1898.82642133
-1294.9565021 -1729.65906318
-5079.45948368 -633.572076685
3151.61957288 1620.87347282
1238.59515504 -2541.74643478
-2714.77856711 3839.56555132
-162.123544737 -1189.35438103
-2605.44565112 6171.45109286
3717.9938029 3670.79367779
7054.96467975 7087.13435511
-5967.11035013 -3338.57300876
2091.13167884 3797.12505995
4163.20366228 -2428.73328533
-3303.94544484 -3137.58492696
5589.15343129 701.98466283
-4319.1675044 4536.56828637
-3889.19948907 5410.87588244
-1573.16665613 -1793.95383703
-5011.94747607 201.339541091
-1381.94681973 -2703.38735643
4877.3127414 4583.61169721
1728.51172344 1830.59161989
-3559.66338696 3488.06167222
-4477.50416825 -4684.77726005
-2667.39979547 6253.54542907
-2540.11224308 5839.18387788
6207.68830053 368.771202544
5765.75924196 -3696.23988411
4651.83191105 -2832.21133461
3509.46266087 -3422.62985263
667.915662954 -352.567624269
2497.49932292 3161.91690892
-1061.40226488 -1631.01946875
2414.19031965 2586.89110751
3026.82710383 4763.65725866
565.042627887 2131.15624987
940.8413199 1593.97332863
-577.517079272 300.614292316
-2931.04641373 5963.95510563
5622.85405319 195.725089383
3413.1112044 -1431.22678159
-2427.27145611 -5540.05421747
6178.08527029 1548.1466286
-2638.38335517 4273.3465442
-5625.90000191 3172.64044002
5984.90764372 -28.672421875
-1026.21323074 5994.93138615
-2117.86559364 -4853.44574344
-766.580352302 -1139.61436357
-3089.79156204 2660.73145597
4507.06666664 -154.534731784
-5634.11803829 -1887.49239208
-1951.33003389 1729.26955469
-2873.18555634 -389.50111849
-603.790360123 -1973.50572728
1782.15438571 -5998.26423642
-5623.52804779 -3780.55849702
-4040.37712925 -481.939782523
5688.42833759 -1449.53967177
-4537.97863077 2887.84925608
5781.63721669 3078.74507222
-3842.92309911 -1477.90972858
-4082.21416852 -5479.80762868
-1969.02957639 3017.13899494
4064.23131068 -3933.7718179
-724.380221619 5589.93900954
-3342.01105815 -1254.61776546
5465.95483367 3001.24845198
3437.85282996 4673.50530363
-4446.70575621 -878.243665108
4163.18835746 655.859748532
1753.7990942 2120.45534376
2192.45986161 6009.62526361
-1785.65892281 -6099.22525391
3523.6913651 -2433.6392343
-620.063731618 4098.04592374
-3981.97602879 4400.23960934
1952.46741955 -960.7762128
3290.72478453 1580.5841574
4166.25504923 1170.47229198
1994.49232012 -5363.07308859
1233.62783162 2266.87830824
-1005.62160536 2663.37414636
2466.57186532 -3110.76138179
673.7922889 4641.19714073
-304.045854697 4570.94910686
903.136919027 -785.633633323
2858.58673851 -4879.19659099
4643.21248503 2833.25403725
961.373796478 452.499202126
1162.73786268 -2455.03847389
1474.39958649 -5574.22273697
-4322.33880665 861.960809918
893.605363874 135.709776867
2905.56548878 1658.31654031
-5181.83514754 3356.36979167
-1183.02806734 -5320.8984142
-106.145273886 -162.924949901
-5772.73731427 -1923.64857446
5901.00619352 -3382.53030672
-6694.07092877 -721.79217649
0.736459531871 -3908.66905447
586.715779144 6026.78495049
1884.74569296 -5492.21472556
715.652238521 273.849350609
5205.56628082 2465.09538809
-2596.85543762 -2401.40684434
-4676.37811814 -376.408321775
-6056.7090802 -595.895250524
3.31383021213 6122.82941732
3501.27663884 836.979385059
4392.2634235 355.408580059
-3652.90150546 721.188612163
2136.30949461 2607.33170411
1771.52991503 3839.84323799
5397.18510661 1093.14891683
1151.59241418 -5733.65684094
2320.42195794 3089.33407901
3144.32728183 5545.52823498
-514.464862702 3680.721944
-215.888745634 -2338.01239447
2292.4462874 -380.718385932
-4359.92056861 -4092.30594152
-28.316674998 6167.82853508
3875.77453105 1364.98222013
-260.981947917 -6406.29528841
-4482.60815927 3248.86266239
-4726.75032804 -7.92578473977
1355.56090924 -2927.67989612
3972.46804987 4968.6457889
2678.98980393 -2990.1766014
1949.92330106 -1100.7699582
-2645.63340742 1776.10130671
5231.6302341 -3494.09562439
-5558.77298791 3569.92117123
4246.87994048 -424.571504354
2664.99927816 1484.36458347
-3122.86046225 -1310.88205699
-1121.46938698 4852.27941265
6275.7903116 -2232.23806627
3356.52058086 -6020.68150363
-6158.27243855 3275.63029814
-2545.60562105 -1434.95807472
1374.67941538 2218.74276246
-5462.27350986 -4103.77870442
-1480.32018608 -3292.24047434
-32.0797491512 974.624515021
5019.06213176 4231.31035078
2609.71300457 6425.51588818
5647.72646163 -3318.64471971
-579.498102684 -5309.17744985
-983.351985278 5112.86922159
-1459.78960717 5247.38988843
-4884.82686976 1952.4229122
-4869.14860332 2080.27956806
5466.3241218 -2381.71948794
-3901.18648274 -3771.36348148
-2933.38139725 1405.05232895
-1935.93475975 5254.13742797
-239.216455691 6681.79139053
-4987.77098075 1396.40767247
-2789.10150905 -2161.93791277
-3452.09009559 -4087.71450312
-1287.50864554 5889.40989207
-5769.53610354 1185.4703935
-2993.18420856 -5176.61232618
-388.633232953 6828.75652806
-471.775927216 5941.789056
2969.13728938 579.929088804
2791.02062094 1586.80605686
-2401.85777101 -6462.10107676
2427.8493144 5126.08201214
-4681.56969955 1196.2062546
1889.33075041 2248.03974179
957.493004608 4946.04402473
-2878.02718915 2577.46981509
5088.1308523 -1810.21371072
-6776.83137749 1424.54955463
-5771.40727713 2575.29368926
1280.97140013 460.856440895
-2934.19310388 1964.53892116
-1255.58223553 -3741.50019014
-2650.37311908 -2869.28282715
2569.91845302 -2530.82228118
-1156.07422227 -2697.93202833
3772.07540102 1454.33955457
-4747.69327437 3690.89232866
671.481799 138.730066574
-4329.88145045 -2323.51176639
-6280.32688426 2817.2732726
2645.44533285 1226.77539366
-2506.39745011 -4486.96099567
-1298.50566017 -1504.86981813
1162.1445531 -1522.34588111
-6302.82203959 1225.35673085
-2034.18171378 5574.16670667
-855.523478013 -3830.59594558
-4260.09330539 -3331.21263373
3134.27984051 5678.41123467
249.550250647 2730.22503965
-2283.09135063 1033.16089065
-1456.90550901 -4604.38291642
1594.14474802 -3145.28240748
-6246.49750896 -2378.55512912
-2511.21596686 6401.82470501
4626.46816607 5096.59350712
2072.9462096 -3985.75704087
3121.25122147 548.903244256
-476.936129514 2582.93782694
3437.56229003 4452.59171751
-3664.28504414 287.715464668
-2376.58373635 5320.29795819
-4166.48762603 927.89249721
-3984.63380733 88.7932269164
-919.169771034 -3612.67496282
4069.62556642 2363.36675043
2967.548132 5930.45609911
-4382.75529745 -2886.19216413
-6880.59935967 975.100867537
-3754.28358272 1612.16289025
-3348.36334699 -4612.88148933
-2761.00586155 336.90369208
-1112.68576016 -1298.77039713
-1717.87155265 2399.06881413
1069.291968 -2705.21515028
-4008.66686389 -3615.77391376
-2952.40451145 2154.02636671
963.876596015 -4051.29106542
-3846.55523651 -109.493910858
-4401.2582017 1738.91038915
3831.93677115 -3940.30772697
-3135.95981811 2592.5244211
2944.23883289 -1221.58454092
3125.68834104 3700.18334956
2160.42905769 4159.58348578
-4138.31247824 615.042630916
3551.83457802 4822.6414765
-526.001107255 5495.86128818
-1608.47051079 -4968.76432422
-109.347811133 -6514.13311613
817.584817442 -6124.62419984
766.163704951 5738.96575602
-4588.52835234 4355.77212483
-4193.02679719 4623.83879232
-5638.24865034 -3687.52877157
1319.0119637 5001.44431154
712.37300213 -4134.09568723
1337.32818572 -1210.86304469
3214.4762134 1494.8158951
2400.62769865 -2992.93982952
6520.45184921 -1038.80933789
1100.4973419 4008.74372062
-3691.74778866 -4361.26972252
-2244.46617577 -2481.7981815
3745.45720875 -5814.75645537
275.203581972 -6294.79366314
-1967.12665964 4014.30014347
-594.903431917 -2253.61455789
3787.09374961 684.063423268
2108.99830574 2458.76590762
3227.55258854 -5603.29163474
-4061.73496781 4242.60950872
5657.19269906 -1850.82473422
2680.98423331 -153.595356436
4967.6215492 -1473.57731129
5161.54025149 723.815461896
4287.73324108 802.924817118
-853.392311321 959.42240568
-2767.98606879 -1923.33208511
1387.33791119 -2115.26615851
-947.82330932 -3915.76902316
6764.62833838 176.1945658
-4477.79638049 -4827.31855744
-6456.67843405 -2034.66437569
4911.01746332 -1832.04894059
2401.23880305 2797.26894255
-1314.7148155 -2988.03314677
6489.87429633 -19.2750599549
-6441.57936635 -723.435027081
-3772.93923526 -1082.11037628
5788.77472724 955.216373102
-48.0046180632 -3923.57925858
902.722613917 997.687081595
-2366.39249649 -1930.97134237
-339.018033816 1592.69403557
1771.07425648 -725.869182662
-1494.31158038 2392.29497683
332.249565273 -6306.39603351
-4010.89063739 1908.33205246
-1835.17419974 -3099.49221847
-4526.25102133 -3684.1147436
-1016.8468105 -5577.73928468
-4989.91924202 1926.58040645
5583.2310622 -561.311771241
2744.16494134 3433.13554679
-6557.00951654 2102.23894077
3400.02359506 -66.7292510149
2668.78855337 719.093694206
4966.52662828 -4766.16967021
2081.30136528 5458.76668437
1193.98115797 -3531.20542528
4861.1088949 3870.49637968
2020.56813612 6131.97605058
-2282.06829823 -152.404735486
3981.82716564 -224.58868145
1413.13207472 -1023.05628822
-5299.31297969 -582.434653257
828.504661277 6672.15853484
-6848.60613544 1214.81970312
2527.33728327 1738.86219141
-4437.93646002 3608.98429464
1944.8301189 -5809.67285104
5947.11358724 -874.172336879
-2547.78373423 1915.17756239
276.107983026 5077.43136068
1502.65196142 1659.74965387
1330.27766453 4253.33452093
1578.91647545 6390.49002723
-838.061421571 1644.93340004
467.582232319 1315.15091333
2006.76373839 -5793.51989617
4407.16953795 -449.243613117
2939.27230236 -2675.73676794
369.441797393 -2595.29827295
2121.9306671 -892.718986848
-1420.02958941 -2556.31874749
2244.33847072 -3744.77356806
4630.89848842 5042.18819552
2388.85608736 -5293.40570894
-8270.52792977 5621.24254618
3004.28582135 -4906.68489651
2344.19570284 1146.10092372
3177.58767981 2191.07179577
-4528.27841514 -2802.79844501
-5569.7359184 4134.53152503
-4595.51209406 4400.60910375
-2973.34256466 -1044.64987719
-2311.91495564 219.541315926
3849.21792102 -4061.90432138
5324.19482273 -3819.81994106
-5503.77816908 3171.12079496
3801.66844424 -3290.19416978
-2348.98372825 5005.98912982
1064.06527503 -5968.19625705
3895.12366806 -4375.25708028
-1607.90444716 2967.90491264
3063.59095008 2821.02003026
-4545.62152401 -4085.57945572
-2041.93554541 6197.89260122
-1169.02588247 -917.04946411
146.775767595 -3299.46679111
1072.59957857 5732.10553037
-1855.13976387 -1703.05944419
376.711914336 1788.0684692
2232.97253942 491.935451204
-2673.72366831 -1553.1992799
1032.13922748 -1089.55902397
-2055.52624143 -2050.72905667
3791.43463162 953.076560116
305.298172644 -4372.77253739
-3920.70231004 -5322.66413788
-4660.28381794 -633.383372658
-4442.72983392 -935.302207058
585.648223721 -6457.83570259
6134.00900108 -978.342565904
-4669.24810167 -5163.51633158
-4451.01066872 -5394.43494878
-4149.3290457 -4111.70025848
5998.00914523 -1556.36755615
5675.60624657 -1332.00509423
-2517.94494945 -1509.5327879
-4110.42244503 2208.6035054
-2319.72787847 1958.7521037
-2777.7817412 1352.45587713
-4931.89899746 2386.56257142
3504.22556024 79.3594610175
3036.79226339 3434.99395885
3723.17682638 4979.10351832
3065.9452473 -5766.98591469
3644.49940828 -3299.75127237
1324.9129328 -203.026609524
3276.4231621 3214.82279157
6105.09513117 1139.67235791
-693.469778765 1987.06422332
2877.97944781 2090.33117229
6832.13999815 -508.263641894
-2519.46194227 -3855.10934664
4205.24270227 -3045.6869746
-775.58646501 -6097.87418727
-1642.54247137 -2280.96003716
5266.35776005 -1598.13937356
834.858997562 -5690.62121476
827.615288189 -3762.62009888
-5088.40425882 2064.48954555
-143.214461107 -4835.34074407
-2745.5919558 2778.72651221
-293.780235505 -1162.64009084
-2024.50297494 6011.77636081
6201.04014086 -912.293990469
-4586.30919815 359.71474993
2478.36342366 5114.56692185
3627.83185201 -2199.94831761
812.89103818 -3094.43765636
1085.66851957 -1688.64263295
-1540.99011522 -616.439322469
1899.5300957 405.59206921
-5736.09056368 3207.70444076
-840.113068875 -1886.67758592
3662.33395948 4138.16322141
-6623.84181889 820.373856283
-240.221702764 -6670.61507033
1236.67619027 3353.81949692
-172.151195746 -46.0270425412
-1295.38406541 -1637.54294207
3854.62782319 1820.44422606
-5998.03988452 -1084.47835946
-6425.3542269 1935.92452082
-1195.71411855 1050.77264287
1536.24305685 3381.67687755
-4002.3965392 3949.54819449
-313.723806715 3444.58083403
4059.62424906 1596.94709613
-1253.73056796 -714.562786605
5838.57920398 -1532.65568239
294.127314159 -243.833849755
-1737.26217576 -3136.66649894
4543.5529172 -1478.98547858
-2247.73042003 -4019.04612573
-3069.23996217 6095.05413609
2445.2393092 952.380774751
-2070.37490304 -5488.74985878
-1261.61382422 4463.79593551
5233.06570619 2200.31152809
-615.412134435 -689.913317277
2226.44097747 -5435.99446256
-4897.23814466 2920.41768705
2383.6806312 4258.18819857
-1233.64738152 -4203.84617243
4931.22468016 -593.643783607
-3931.95190342 3521.96035082
4071.40510372 5304.21513344
3392.1514984 2671.44192892
-3758.70488766 -616.214130904
874.807931174 1103.3335996
4093.54316572 -3149.12500002
-3864.47579112 1590.56648217
1822.83952399 -5762.4681818
5199.03086649 -3030.76729167
2572.47747211 -76.2409409581
187.578699613 -1370.16554076
6608.16598764 -1153.07932509
6653.83204132 -2086.97259919
-6026.3936363 -2636.22109635
-2576.13831577 1059.80861073
-2846.61072516 5184.90910895
-3137.45642317 -4937.66419232
636.257141428 -1780.5835942
2381.29237553 -2669.53319347
2009.69806814 2098.74089785
5738.99097401 117.04157521
-6430.5174106 -513.846851965
-3498.16499348 -225.299846755
1783.33074945 3004.18721263
5521.45600304 3679.76683623
-4426.49026354 -3876.98002103
-846.349441083 1073.13792881
-6228.54557838 -634.132083162
3759.53801154 4425.31323369
-3232.80283597 -900.583798202
-3302.59290945 -1162.45211192
395.477110468 -5091.10033362
64.334725164 -6804.52581201
-738.945122685 2528.01595495
4808.24401248 -378.02714289
-481.44033166 -283.273589898
3016.17738719 3421.86345049
-411.005989705 2437.08102561
1601.94466318 -4696.93619008
991.15032931 6756.03084915
2692.08319048 -3911.19471837
-570.99331335 5298.32556859
-3029.6318942 -644.539521041
-4865.82443061 -3936.19319104
-524.088224287 2771.18289896
-1352.10238709 3878.27311834
-1421.00380773 -3439.98134941
-6412.02912855 -1965.3695306
-4447.27371231 -940.671162829
-280.216702014 188.464230579
-1398.15678976 3817.3906824
2004.66426085 6551.0239255
-2850.49891566 -1906.10510852
-1854.09755599 1263.18157056
-4125.99728463 5131.64388244
3117.25387087 -3476.64341971
-966.496993146 5802.47092997
-2172.35353625 52.832721209
-2527.46421963 -104.215598882
50.9039852279 -6700.32327467
640.293635861 -6047.35915297
3412.05540505 -5770.95636656
-195.392102625 -2099.42187024
2971.82966968 -2274.08989351
-4018.0676064 3877.72504259
-1679.81785053 5234.30757684
-4919.3606265 2673.70181863
-1130.76831553 3484.99464309
3907.12482614 -2753.47819104
-4032.71752145 3512.98616209
-1340.91983617 -6009.13996757
318.673477204 -6027.54277816
-1572.79710662 -4326.97981332
4247.29512407 -1446.1073527
-1538.23930533 -3990.94546537
-6221.04682502 -1796.95376065
5948.35511579 -1781.72515889
-3618.50327516 -4514.53815124
-2468.23902425 6057.42498382
1706.68938031 886.753066232
677.586328083 -5803.3131351
582.831816097 -5009.10974178
-1049.87139151 5973.99498799
496.748129869 5981.01759605
-3294.71653433 -820.117939273
-65.5899946851 -1859.84896674
-6760.14636368 -1198.82566147
-2441.65856038 5088.3264384
4327.91466202 -111.517800318
4104.71394277 -55.8096094455
-905.899295657 -1603.08247367
-6297.49806379 -927.238602049
4550.68686442 1484.68060427
6189.86273346 1166.05936342
-215.173101087 -5539.46590253
3923.02840823 -41.9292822367
-35.0079388215 5447.76231513
-2876.26952397 -2556.22402001
-3963.77333009 5765.60615742
2305.93799969 -698.663584282
-5014.81129937 1598.3777014
850.271925656 -463.005550108
-2274.5404057 -3484.31312163
447.217331854 586.912675014
6580.35323005 -1889.04088954
-4985.01217305 -2617.17749022
945.644507891 6339.53592039
4078.35321566 -1740.0908448
-3045.46030666 2462.0650963
-3265.25421256 -4055.85089887
-2228.63026234 3063.50987635
3118.30297328 1187.44066813
-1036.77591866 -598.777728939
3397.85248402 3609.79664711
424.028689202 420.756967393
3818.054562 -4478.02456735
1663.28796296 -6693.85388371
5727.09713576 1870.24146499
-5101.02952743 3671.23258932
-4991.31818777 -39.6807037841
1367.97516035 1826.13395539
-2014.23608133 1173.3298177
2381.06454596 4728.26532384
4983.60767354 -1799.32409302
-932.282649947 4036.06783245
4283.9749833 586.228660753
6309.84029187 616.097012949
-4488.33631334 3830.97264069
569.727801755 4417.40572477
3134.25462352 1370.70007603
4520.14564513 -2873.70891088
-2556.46784907 -3635.24649162
1208.9667763 -3510.18603439
-1492.17140031 2391.84056843
3065.30007568 4859.64251916
-1536.87587546 4827.40028198
394.860943059 3387.9556999
-994.878661534 4374.92573417
4796.13059156 -2703.23679424
331.506576567 4102.92487431
-334.911664845 -1686.70746417
4174.81160853 -4410.83818908
4968.32036022 2213.49033743
-302.915870169 6947.09315894
1904.78444329 -3872.91878737
140.28156574 -2377.03510662
-94.8793435939 6668.21036839
2003.22710694 4731.25853864
6328.51720711 362.645226274
1850.80327696 -4082.79569441
3404.63711736 3862.03419601
597.523760683 2609.8995062
2627.76874352 -683.63680079
1172.95469706 2032.72691366
-509.953524246 4401.32721323
342.159749158 433.13582775
-4715.36730461 4006.3496951
-6846.42675009 -298.931025893
-2315.98311417 -5027.95244571
-5804.3359201 -2036.23915299
-1717.85029095 -1294.69074602
1087.08332738 -5678.33899451
-3257.39555583 -2256.0213284
-2861.83117519 -3421.09125459
2885.35565907 5873.15213757
-492.55305763 -2217.0199512
1143.19144651 233.014704803
2228.8733699 -4134.35508794
943.947079809 -1175.01652553
-5917.93950588 2875.00052978
-871.134802899 4160.6592023
-5395.23615399 -1721.31754585
1171.41340312 1907.55940875
2455.8818682 2873.54350988
1698.90859936 377.959978496
4206.54897575 3908.00301101
4565.27774967 846.796238387
649.371629482 -825.268059554
2733.2776379 5249.15620615
-287.03326255 -2342.66985047
3332.52121778 -5595.91268292
2196.1351304 2059.42030854
2831.48942177 -2887.66758771
1508.10900536 -5091.51520947
-5552.22345056 -3670.99865142
-4926.57671869 4147.05630218
161.082801694 -2716.80797851
-4158.19283248 5022.10049232
718.777862993 -6105.024538
-6659.70971584 -1973.1908461
-4222.32153144 1050.44069507
-1308.30637665 -1189.16712978
-653.948963871 -1539.72563417
4250.031286 -2661.96963518
-2098.78332455 1599.37424162
4314.88837758 1738.78943583
-1315.97077341 3798.68645083
2130.96060883 1125.75800937
-6130.21174058 2689.19225649
-2672.71183468 1661.37145948
5168.58991495 504.071110914
6373.01470868 1984.06802175
-1290.08245375 -3448.1607925
-414.764174233 -4764.39362651
-4086.84481083 4.62080001102
-4967.33435652 1839.1786183
-5612.23061495 -77.8271737403
-6166.47726673 1896.95608954
-1528.52008294 -2142.19664712
4617.3316791 4307.05178493
-1844.00116247 -367.279981716
-6183.36619361 2129.87795658
-519.0135967 -1.71176911951
33.5424126366 -950.977470349
2441.36856855 1885.45739755
5251.36588117 -1660.32278782
1106.07003109 -2343.21844421
-928.035475028 -5430.52958904
-1168.88370441 -576.679143314
-6274.45278879 2451.18222245
2895.22046712 -6198.7599731
4019.0393422 -4668.8707386
-1326.5615259 5184.47913082
-6153.51306073 400.847653501
-3094.0330103 -1236.02179098
22.3625990317 3103.74676684
-5125.89110434 1125.87849489
4148.13369367 5185.45957546
-343.996021281 5885.60386832
-4748.1294191 4511.39233445
-1102.86513215 1595.26661703
2091.60313697 4734.90653132
5639.4884058 -3519.98710692
-6225.9630658 514.754322914
1443.42409477 -3778.78373913
5248.72879234 2351.85618845
2965.44413418 -3548.92339491
-1897.01432372 -2893.44102474
-3865.76080476 -4128.80562047
3449.53208726 -3084.47684449
-2647.44601518 2022.85005534
1893.56750552 856.810890981
-905.044502205 -428.49029537
2624.61011253 5726.13705947
-1568.42362449 -5732.52910292
-491.408418296 -6073.6176805
4341.52056349 3851.72311262
4831.51040312 3867.57128996
-5849.93585777 -2051.94988946
4190.88634397 254.169024281
3307.45747307 4881.91081548
4564.00719739 416.297272911
2902.3424158 6162.69640073
1705.06796486 -2121.52439649
3281.09190953 5962.39602156
2733.77818266 -797.448334334
790.251788124 4394.07325152
151.248725182 6732.01660807
468.529946684 6856.94695008
5675.93679162 959.63617595
488.471172362 -3920.87303221
3901.61723518 -3697.95942179
-4578.40999843 -1338.07100389
-1798.90608943 -5202.98396675
-5371.26353415 4196.1023549
-4143.42630704 2792.82649227
4668.51815392 -4106.69682291
4134.67739934 1234.62668833
-4560.77596112 1061.73544758
1113.10253453 -1515.72410995
-3351.88126586 -2569.00611701
5528.41183174 -28.4030899463
-1999.59231219 2871.88620813
-2634.73588607 4256.81913813
-3372.79867386 -4304.52019546
7745.04672334 -6325.6818805
-864.758691305 -4400.32821394
-1990.5192604 -1459.86168761
4582.56108768 931.608574648
1878.28498221 -4359.12433973
5300.635127 2859.65097182
-5661.03995984 925.156122135
-556.625850354 -5654.88445654
-2957.76678527 3463.12526223
-5372.39774943 3007.94082865
5241.09112691 -2511.95020865
-4402.7037354 -5346.34442094
2244.86746199 -3431.45267143
4570.04419805 -4249.3205932
-1195.38397752 6427.87717866
-4304.15691627 1694.2165292
2911.27533998 6019.27029036
3711.68804921 2792.79456887
1725.73244306 1592.87277038
-453.216965031 1237.89726193
4010.83840903 2584.75888529
6301.06557217 -1952.68331059
-3228.71205257 -756.78103143
-685.435676643 -3035.83238708
-3053.15484644 3041.95282151
4571.8945801 4544.67062165
5433.05338594 -412.003139947
2997.07660143 6170.95611835
-1183.53196339 3264.82894124
2351.80959916 6115.35614891
-755.690584463 5534.70914393
4941.71267877 267.819851527
-2300.89651565 2174.73424851
1811.27523188 1850.39863129
-2060.73573686 -3130.21355185
-3017.39703698 2058.17873458
6263.65965775 -2237.58294724
560.506319728 610.227177283
2372.51311538 5114.30013415
-4429.29587831 -2141.89679757
918.764065378 5897.40929795
5092.16940852 1193.7724266
-4256.08704374 -1432.61941765
128.520571327 907.71257158
3190.84006835 1256.61165118
-2504.14529518 -848.10443035
290.384612298 -4070.72716833
2689.03882654 -640.245990563
-1354.65172919 3430.12363439
-761.945579001 6956.38790251
-4058.86182488 -1342.48962868
-2659.96369493 -5100.43501846
6274.41267 2279.19998452
6219.14997672 -1293.22906824
6474.4397361 1185.78760695
-666.786061474 4909.71810108
-6413.64214003 -1115.79400098
-1532.68028916 -4375.14772564
3643.86531514 464.220299887
-3823.20079077 -3514.07015671
-520.058441912 6888.59183786
-5525.78419492 -552.149330061
2541.40418902 3757.46815137
9976.74272872 681.619046797
-578.362651212 3447.3669593
-4302.0031281 33.7961449542
1201.71081192 -3709.25769548
5132.5092936 2556.8837293
-994.950117205 6269.01409695
-1515.92038415 741.308757139
5429.57260019 -4319.87985642
366.642089846 -5496.31842274
-3584.39267921 -1822.50911735
-980.464931082 915.336603053
2225.13112416 2834.42060645
2665.37277545 -545.39295809
2008.89000722 -2655.50587278
5207.33177273 3891.78074459
-816.678514899 1322.29117202
3652.94074525 -1118.3248624
299.134991173 -2195.27865004
4737.80376832 -4557.57574509
4731.93733569 -655.641536605
-460.719060223 6023.60854372
861.077278893 -573.71860811
1183.38027123 -3616.37389206
4696.64336068 -1870.31424877
2031.97833708 -994.246962991
2938.63519782 5079.06422647
-2070.33330889 6108.38208831
470.896794871 4903.73281337
-1765.70997268 -3188.81219958
-2670.30162179 -5237.15490418
3111.22353287 -6018.29326097
1259.32321506 1118.69492036
1376.89894862 -5003.79075485
-3069.19986232 1446.77509701
3730.66911841 -2134.49675172
-6222.53395057 1046.24544541
5707.26810065 -553.020984046
-6446.35463468 -2677.45282536
-6106.79948039 285.448340394
-2797.80100222 4094.28051208
-173.300406667 -1046.87602625
271.480945758 -2297.55496454
516.836151692 4678.22127653
-4892.19954251 4705.70603496
1494.09843724 3701.33106292
6678.40094994 1133.09007344
4664.10344417 1622.93631027
-2438.20421431 -5697.84561072
1190.76257155 -794.079954255
3286.37873834 3573.92437851
1849.8609094 -5245.64094352
2652.58816216 3011.8585744
-5824.50217633 -3030.00693415
-1889.53645268 816.040911976
63.4137698102 4954.92748
-2011.69442442 593.764363319
3683.93583393 2094.42982229
1191.27761894 -5486.35743844
2215.95207075 -5736.08947579
2621.51855691 1363.48302609
-2927.39446901 -3919.90489621
2768.65340506 -1694.76096498
-6544.37640173 -2274.03490442
-4825.50920597 4229.80904908
1933.47528601 2519.5265244
-2513.39387461 -5322.75029479
4793.89882798 1578.82619164
-1031.55117459 -9946.65281259
3543.61911372 -4773.4368514
-3054.17040227 5808.36077107
3388.90966186 816.873358075
-1181.48534442 6893.36831592
-822.226477684 -3822.19282797
-1501.88528875 -4345.99821998
5274.67068987 -2713.11922692
5980.03628564 2683.18215138
487.351170153 -1968.06815528
654.606352325 -449.258782656
-5389.39395264 2271.07095541
-2825.08231948 -5012.30366104
4888.10763099 2979.65407637
-5728.19102415 -507.909024358
4031.44191405 2396.85936404
-1670.17152725 4253.63306032
974.309361854 -272.375049471
-143.824395918 4380.70973443
3749.25009979 2877.68155414
251.065495609 2430.6101669
-2474.22901151 2379.72307117
-6495.67945914 1498.48365707
5085.08968891 2184.81794266
1436.37732466 3788.20335656
4656.71716726 -3295.55741502
-6533.65971881 2094.07211374
-1833.78446962 -4518.52353319
1615.05061856 6705.07856993
-4268.78063839 178.804389604
-5147.40131561 138.053252342
-1907.01855882 -3626.02499841
4990.45870368 4178.96539588
-2874.33613851 -4952.72864178
-1473.65185726 4797.64726866
232.379167443 -4626.54131503
-5664.66842941 1823.77886484
-5318.98616101 -2507.30218544
-2030.71353299 -5411.76167515
195.386893126 3542.53656707
-4087.52915751 1070.73156173
-424.136619848 5634.30819831
-105.228711086 -2421.20529915
-5059.77343958 -3200.86793526
5636.8525404 2005.90119454
1776.34389645 -4515.21412349
1376.05533311 -5498.53801524
2719.47051853 5020.38356392
5660.73586466 -2416.11123309
-765.518927583 -4940.97832944
3706.60702947 2877.30177683
20.7689279596 -2260.22482278
-3699.63797943 4857.19244991
267.371843002 1222.64826111
-3704.2491836 2516.42409665
-5506.6402359 712.248810203
-5520.40574287 3113.10968364
-6202.10231471 -2794.59475112
-1013.7073124 -3321.18620934
2521.40268573 1336.49240948
-3784.12238934 -5064.87628036
569.114345361 1539.46917063
-1180.3382204 5748.95885663
2794.33282815 -3266.58590262
-1569.40921974 -1479.79886807
-5247.76754844 2705.46472497
-5953.02621164 38.2627881314
-5322.34549544 -1703.80086749
3792.27070019 -4078.316654
2161.05740549 2569.36020945
-3537.82641564 4265.99547208
6567.34363083 2015.46045151
1053.60349529 6384.44716679
-1303.71154178 1648.05774224
-4939.25448802 -1547.4077898
875.288816581 1672.11341964
-5119.38673089 -4233.47003047
1687.94926322 4709.78522813
-6332.12508752 682.803034812
-3849.8972962 -3794.22371658
-4890.6691452 -2186.52611851
1061.93185291 -3626.58767567
-2321.91533019 -1690.07164805
-2531.17264761 -2842.46531231
-6846.0110219 -694.066864952
-3085.69393619 -2487.06958915
-2196.4195991 -3761.3840901
-5648.78864249 3422.80416
-5639.83904191 -1935.83326162
-5066.28470356 -3113.00165507
-3964.60607571 3704.45938277
249.844658623 2659.87187618
-3632.51086269 -1597.28728332
-65.2667946098 -6460.03457684
-1765.9888125 654.055459876
-2771.65756754 2880.35219265
6169.69157901 2383.6155703
3699.10058742 5109.31585487
-4045.86203239 588.000228622
1175.6473268 4061.33277437
-572.226741164 -3554.76788923
1683.36296515 -4403.48638943
-2241.07719926 6473.40448847
6186.27035363 1734.3565706
4256.22363585 -2669.36417313
791.719950567 3326.90456492
2578.1600625 5102.63177639
6097.78554082 273.77948659
-605.401154191 2935.63874623
471.123905847 -1247.94033956
-5506.44328708 -827.472637811
1574.60286083 2314.96178847
-1903.48429796 5437.43593922
-3989.35296705 -1441.41582632
-4537.56414416 1596.23908212
3486.64541529 -2894.80344627
-2715.60828781 -827.93446013
3057.04506967 4429.84338983
2426.74222734 -3667.40177002
5782.92554075 -1219.16156698
-4495.80254502 -2707.68102021
1846.77454154 6316.61195098
1405.42529245 -2234.78064932
2463.94459164 -2873.3935241
-817.174332953 -5634.73510471
86.9733385082 -3528.7134258
-3053.74405563 -1637.93836807
5002.02069642 2596.34705758
3349.7117572 4407.09333856
-3252.53824858 -5978.79141897
-1036.21633831 3874.4004953
3983.3142709 -2124.23755997
-4953.54698179 -594.543264516
-5005.02326787 -981.628049994
-5451.41641138 1503.77567299
-2146.75163602 -5410.92174763
-3141.38757143 138.276491633
642.051869184 4058.20402187
4691.85086446 5109.55818511
5616.43662801 4131.75169153
-3872.99732271 4325.68644304
-4960.90256759 -1493.44581463
869.040821323 -2873.88755453
2632.3178356 3810.74213997
813.173107598 -5203.85297505
-4150.51895807 860.833130888
-5224.17339672 954.249287539
5106.71564277 -278.638714884
314.703122083 14.3998141674
1576.81499597 -4396.49149013
-1496.13809486 2952.56362988
-5189.30399294 2978.41197889
3499.181558 -4905.53405556
-3449.12504439 -4395.1133058
2656.19236948 -1355.42165002
153.274069049 1076.97510036
-3994.04086601 -5094.71778675
3682.92761045 2655.10243737
-2609.40916922 1110.10312903
6819.39932817 1062.39409823
-4704.23488829 2706.50959572
-3248.80324208 -4109.38132781
2910.05610958 557.576510842
1055.41200246 1723.35249198
-2940.25145587 -2023.85348749
930.100441882 -5915.03106101
6121.64166855 2834.4166462
1943.60646543 3804.35462269
6169.82710961 -1290.60541067
2408.19733587 -5331.8200807
-3996.43083867 84.6895175326
-1886.02281412 4666.49830867
-5499.63420169 -3931.86319894
-6709.92601209 -1632.64447996
1637.61737026 -4489.26143713
1777.58871522 2409.72977343
559.804163307 5603.5026256
-3538.97725963 1542.90853123
-2738.02083316 1844.59874606
2802.70954322 2621.45167305
-3376.27817937 -3984.97582926
300.88398 662.050182405
-4350.92429721 2878.34045742
1207.73349285 -256.783496193
3712.40773005 -1031.51888722
-3310.1872527 5483.49607148
4934.97431859 3562.63339624
-3395.45125541 1974.92301367
1232.22212173 5538.75733338
-737.691578048 -2303.62552148
4487.17399555 2583.09500381
-1004.32974315 3198.75106677
1963.30069692 -3088.19755652
-2364.29028203 -3505.93099342
3171.0528743 5738.91328964
-3767.83767632 -3245.35534079
-3223.20759149 -3119.49500773
-1888.65401298 -824.341448044
1706.40864306 -645.06832737
3399.09887721 3325.25091834
-4728.36974376 5004.90563871
-4119.39618579 -5011.08056519
1382.44708866 1193.43024706
-1385.59898216 6154.78968465
-3397.9589382 -4916.51471016
5532.36535303 -326.192253411
1820.5299127 -4062.10523677
1685.56553409 525.223951059
-1027.61006087 179.677103714
-2788.2061525 514.540647197
2570.03364906 -2465.88270447
4754.71051243 -4449.00479052
3200.07037363 -4293.14909627
6720.25041144 1081.45011329
-2022.2201612 1246.90145895
-1034.3117039 -5267.11520375
66.5882900713 2729.2590544
1974.82408158 3695.59524405
1759.40900048 -2670.76992734
2595.79507668 -4854.62478416
-2937.77010859 -6312.38667626
5670.34548658 3482.75014363
5357.89885015 -4449.04278265
3023.43603913 5547.24347867
3813.41162335 165.159975267
6573.24010034 -2257.51690486
443.790516313 -6199.27691837
-1745.55213567 -3081.71640513
5293.25089352 3177.22280896
-1513.3571366 -5918.46901842
-1517.01217308 -5304.82390848
-4713.271672 -499.509832771
5364.74730255 4227.74090279
2052.26233196 -1929.06265381
651.692589342 5024.46933807
-2148.14936819 2753.63555443
4257.97874317 3492.50161953
6417.1428438 -1467.29776952
-4789.57850049 159.694087952
-3730.52596099 -1517.99106505
5102.70859762 691.793202828
-3218.99992202 5894.47889069
-5098.83728343 864.036155833
1358.60018819 4229.75107092
-49.2141591368 -2034.41041899
-2439.68425952 5478.02706791
715.804080762 2663.33389306
-5661.05704315 -656.888436116
-5041.65717791 -2954.25944875
-6583.06107602 1674.4271994
-4126.84863899 -5557.51130686
2062.42657164 -1670.34216823
3670.38931597 -5920.61671135
2516.24144827 -5929.35374299
1354.64413291 -4618.96919259
-2231.00716944 -3830.63296164
1605.77908915 2888.02542342
3407.24000094 686.621651881
1061.92259158 5143.57989932
4015.88708705 -2974.80052077
4636.84334031 4618.18614228
-314.596209542 580.075131791
1616.27678444 -2764.41860132
212.879731447 5496.62058183
-4890.73313758 -476.504401688
-1775.21745288 -6341.00115163
-1205.72132256 -3502.95692552
-2122.22731576 4022.03572667
-3382.4742884 -5662.35899079
4327.69227604 -1724.98406593
-30.4712021521 -6328.69525866
438.353803652 3912.34336235
-4143.25359165 -3400.07901621
-457.547269495 -866.585515516
2930.90443896 2778.82531727
-5000.14021817 2814.83313211
-871.338481766 6184.77863649
4910.93669893 4852.43186442
-1501.27588533 -3486.5394908
1543.39870885 -2091.35431261
-6250.61528996 -1134.64199654
-3076.00409755 1017.05629933
-1958.99991494 -5745.08739895
3261.68799429 5581.11205048
-1807.31535653 -2928.31246053
-2747.98514668 -1817.99711491
5899.17135854 -2314.7607245
-6098.10229303 -3171.4461515
4144.94601736 -1899.01528838
-1696.79883679 6118.30094989
5609.34997278 1439.53079978
-2641.5588024 5044.06754687
216.489142546 3493.87711404
1507.73806979 4161.56934615
-4182.77447835 3664.13830204
1980.76172686 -6428.62353566
648.165246645 2073.00801086
2903.1557764 -3840.83239622
-106.426624578 -152.503663828
1486.22758515 986.689202603
4624.44527003 351.26405432
-416.571430953 -657.013732248
-3461.23528104 -3880.95170444
5099.37700252 1866.31322434
3313.49597896 -4166.32748676
6585.49436137 -322.815007957
5806.27656866 -2816.23689457
-6116.98574248 733.627275023
-2188.9484327 3320.30236259
-1257.17654009 6217.58889865
2936.10011263 -4932.86095782
4383.36080474 -4826.09216579
-4787.97837104 4101.23105709
-3739.21958528 -1440.4038808
-412.726873818 6093.75169702
4066.32812586 -347.665373318
-4337.91383568 -4541.21513935
-5106.11385419 1217.74310493
114.684082763 -4881.06598798
3414.19724012 -3774.67355674
1032.02364066 -2577.42098214
3630.26871884 -3341.72071745
-4637.39021198 4662.24828822
2491.34123479 5853.41016333
78.7278838876 -5991.7065718
-5121.48366436 -3656.98472308
4573.45255404 2354.63146281
432.951288149 4530.64959446
-1985.19597122 2674.91129274
-5666.13000907 -2328.85358853
-2292.22943502 -3166.87824526
5740.36415587 2837.72599137
4898.25367995 600.086045795
2426.25865061 6390.73485882
301.438857337 -1175.3037395
-4519.76821637 3823.57338007
-1231.25244726 -6214.26103751
-5211.474325 -3427.41224192
3540.30555265 832.521496151
-3472.15009112 5159.52652967
1736.16647725 910.348077669
2532.61450732 972.166780528
-5282.39454149 4518.362509
3081.84389675 -4734.76134861
-2046.20202839 1150.74076413
-1477.27389926 -3256.20255726
132.153791532 -3666.64644826
-1842.9318428 894.271411612
1772.6880023 -5961.80600781
-6056.61511178 7957.22397497
1822.2230292 -3760.32070107
-2305.71501298 1731.38135018
-1252.38989828 -2735.61498567
3240.86600573 5172.55938247
2411.60257572 2817.0323503
5794.22338368 -1583.30592203
6133.53845461 63.574329667
585.767571319 -3717.26669177
-1604.1953557 5822.25764328
5759.57654152 1538.90822719
-1138.06441244 -35.0999164651
-4168.68174498 5495.66762729
-2298.72295305 1835.34981363
6146.58987122 1372.55157185
-1950.98677232 1878.91544684
126.529494965 -3593.94334719
1978.01315624 3420.94606703
-829.230238511 -1262.78774226
4012.94171211 -4531.89146439
-789.010298198 1036.17957044
5318.44789224 683.314768169
3638.95598883 2717.85434647
177.657224725 -3806.68153021
-445.517416563 6550.02188936
339.444837193 -741.659804533
-952.974954445 -3657.4755683
3037.06250655 3774.02960801
4613.07228464 -112.888184662
-5753.33731504 1173.7771183
51.9116912628 1680.63786674
-3309.74492423 -223.289180644
1997.06745179 1773.71810247
-4713.29682104 -4762.10886444
2038.31704598 -4619.32962333
719.12379947 -4477.28216452
2050.03941776 -4836.79482707
3252.02255545 3031.66905411
-3206.94320248 4766.33310891
-2320.92097774 -750.6008657
3716.75018035 5856.65756617
-4279.21786625 -3802.01315269
-279.494245537 2130.27959431
602.520872167 5253.77330434
4254.96172641 4677.16753517
-1422.80817147 -5500.27767731
2304.33917695 4948.0135093
1755.26372453 -93.126554933
-6684.80655066 1635.34111504
6064.86708994 -130.062659729
5391.88533041 -740.091020731
-2468.60781593 -2500.76533015
-5907.31470411 -1698.42309025
-3361.06152117 419.703363602
1470.70001144 6558.23996983
-5084.57866536 -2760.85444575
5539.2916413 -2209.18187596
1546.00101075 -2.88969334046
-1550.26208731 4083.72101518
-3513.78387056 -1423.02648165
-6047.88173264 1851.20993865
-4208.21267541 1266.35922721
2932.34239523 -641.700123541
3008.87847533 5080.46639822
-1081.79919973 1060.91299265
-6144.54208814 2640.72780467
2971.12922746 4251.8102698
-2588.55995341 -3550.45304702
-4853.63748696 4226.55584102
-1532.60967345 2195.17754412
1949.26661336 -1720.52598503
4553.26094461 -3254.49684022
-3232.33781929 5087.16675214
3578.2841317 -2445.46316561
5163.63556896 -661.206726414
-11.3039111653 -6755.64158188
-5561.21093697 -1852.35745027
3565.6277192 -1905.16740724
-2067.37147436 -2862.28516375
-2849.98955408 -5944.46705088
275.597545966 2904.94746761
-2231.79169444 -5318.16062943
5607.82888423 178.639946755
4096.87367143 -3178.46500104
-1547.13341235 -4163.24729687
-4365.73872721 -1044.53072375
3286.35490333 -1288.20088796
-4243.32409346 1306.9673009
337.427846535 -4294.68627256
1424.6406637 2865.52680916
-189.049112596 1806.24257189
3404.61469978 -5776.81946769
3216.04805803 2264.35162568
-1067.06117246 6375.70515729
-4237.45515476 -2332.21622952
-3880.08677047 819.512053533
2621.24346041 2120.53747149
1419.58111419 -1370.05170592
50.3981134584 6854.7922833
1974.89497648 5377.69137709
-3895.60647897 3184.15329142
368.059848021 -3446.43058335
5010.17542627 -4281.40793171
-591.402728433 3178.64043438
-4710.67520761 3799.25802259
1704.29491671 407.067734838
-5690.58688917 -3445.46459358
-2444.49627878 1360.55485516
160.926860234 -5400.5279769
-5075.93949563 4691.50337108
2404.65310018 -547.090479596
-2364.73683368 89.1568749126
-560.678150649 -2099.62520254
6566.24607598 2395.2410776
-1084.93872655 -3840.9037923
3982.05793528 928.329158346
-6333.0878789 1077.43825155
5349.8195458 -2088.77146439
-1276.20267407 377.406043117
-4037.14448642 109.398879123
-3755.77733946 -3084.54745409
-3227.47861888 -3510.7116267
3637.70394701 3634.93371406
-5835.96861362 2737.7500944
5564.63690915 -2256.03106311
-4638.37265159 -4109.16158663
-4154.0433852 -5069.85703325
-1550.88021466 6004.61110423
-5197.56812868 2230.48882804
-2107.55873011 -2246.27730652
2525.30934634 -4371.40385803
4491.91852554 4980.28017432
-2311.6848086 798.952712232
1858.56969164 -3344.86948564
-3616.03859128 -5486.05401997
5537.4893761 -2972.37666896
1252.79651128 5768.18334923
1265.76340402 4582.44987369
2207.04595169 -3121.74985906
-3035.35663888 3422.41402079
1252.89882273 -5479.69421343
-5824.80198518 2345.34664483
-621.630289617 166.907939953
3563.44062831 818.100536892
-1525.51461755 -3596.09415587
1267.45799052 5237.05880953
-6109.69251218 2612.35923066
3600.15172112 3872.83292409
-2150.73183432 -1802.09018401
-4772.27040612 1782.51666186
-3762.32036514 2565.61465188
559.718008587 -4624.92500265
4601.28712015 2212.39377238
3848.42825411 -1641.07143843
-5376.74604612 4310.32602395
924.454640012 -1481.05549901
285.770365845 -3181.50216488
-4473.77620885 4640.25190724
3367.59499369 2834.38976036
-5806.44671094 -1330.86524738
-353.229128044 2987.25911058
885.93150071 -5647.41074577
-1799.1844012 4159.40911518
-3014.57980755 -239.938781652
2229.65655904 2808.58540603
5271.30613099 1127.14749523
3906.12048901 4398.7180953
2479.85053374 6005.90407563
-398.882854909 -4901.08924421
5822.49436566 497.006853374
2497.0693745 -3833.73954781
2303.58786808 -4688.9364222
910.168801943 5479.4933483
3956.86117904 2772.61981921
1932.69098848 -2147.09953324
1565.7154429 5141.08918746
-2403.70742737 -469.993051699
-403.662386853 4004.39203649
-1890.01520514 3568.61239567
3834.75487633 -3885.40577927
-4008.87467051 3561.22041734
-6780.74712007 1682.33379346
6586.68299929 -39.6500476647
-1609.53204653 2676.12071097
-2168.886453 -390.918901321
-3006.39626779 6085.94324496
-6851.20572779 -460.851480004
1181.25415749 3444.2575083
4096.54053222 169.797394654
3134.61559066 -378.235480865
-509.017047495 6219.30486281
5798.88851996 -1979.97039857
-2465.97372237 1725.78623736
-1203.82559162 -1355.5332223
3767.54133456 2211.72163311
-2569.98596202 -5015.86491628
-1143.54328698 1827.39091595
1298.21317194 445.982672788
3962.52646112 -2502.51774417
1906.30678564 5358.12275542
-1199.20686467 4012.07166217
6088.69589847 43.2418095573
-2027.72905226 3528.52599701
2955.98618632 -6209.86907793
6431.13333802 -1923.8468109
301.701841004 5549.72428459
3278.79801938 -5806.9500841
4309.78753366 2366.45339266
3246.97032768 5013.8006474
-4081.6091071 -3240.88014307
-1482.25946385 -650.104908904
-5245.5935479 -1175.89414903
-2098.56637719 -3520.92074447
-2942.42563778 -1554.91285721
-775.43641375 1273.73920769
2140.16726254 5488.50014193
-4979.36137497 895.262867756
-453.679457104 1195.71886784
-493.642714885 -1627.68536531
-2107.01735914 2743.9191145
4013.39255363 4232.78073126
-348.749636248 -2781.0719637
-1825.07797175 -1492.95799795
4608.81662314 2915.41770081
-3920.09275278 730.075288918
-2902.27963255 -6153.66936405
-2482.06964141 -912.796711576
-3219.2701692 -5845.73396142
-920.247204437 3186.93173476
3079.00666224 -5178.58266201
-6203.74086006 604.453797776
4034.69652079 -3825.4701797
-2160.71711168 -2067.87490973
-3982.17269236 2972.1804234
-5551.77870598 -3151.94831574
-2636.77195848 3648.80231183
902.966307782 -6257.65663258
4242.14086586 4411.81967785
-4315.4265754 1735.63542857
3634.76846663 -4027.5980465
3410.01938523 1972.70734126
5704.82974389 -1024.30563975
4728.52598478 -4250.05277233
5233.46771093 -2354.34254361
-1122.73503045 1391.56327325
-1668.52016843 5238.7059665
4416.89708314 3402.61363824
-1417.94073037 -1444.65737212
-4050.62736096 2211.42297565
-833.916585745 -2038.10752989
285.860774094 6928.3519769
2201.57731313 -4935.10043221
-404.710671591 6562.60635314
5338.95276311 -4221.70884107
-1125.0692629 -1482.43086432
-4967.15226063 3850.34230124
-4693.83640733 -1478.38992005
5172.73577435 -3361.63240279
-2655.68989855 2544.49293113
-2970.82568688 -3565.83878921
1945.03728743 5858.86554616
-4375.75843705 -4448.79128812
1134.44788157 4883.83592421
6470.45920534 1944.73971439
-4524.75949387 -914.641628044
2096.8185524 6306.1460878
-4393.73376139 -1210.80801286
4843.05938201 2559.33698551
4726.79971931 -479.522081938
-4010.73459979 836.792931452
-81.8741126396 -6124.07199791
-1910.5705116 -3851.20646822
-1613.83914232 555.523598437
238.231155291 4874.33055044
-3036.11064187 1087.97039414
1981.60317597 -836.228304565
1630.90619121 -4819.42224166
-4080.54257492 3533.15914933
-2107.81877004 3715.54512914
-2036.61354363 5115.89952337
2157.5641129 5750.85742605
5932.81377983 3566.31265484
-1966.86129488 -2621.06342861
1491.48843389 -3500.541913
3485.88893431 -594.024193487
-359.102672966 292.520810048
2250.10294195 3860.19715757
-1530.59588685 -6790.24483134
-6407.2265904 983.562531894
-6833.69234641 -448.786690706
-3279.92216885 -4892.56766503
1640.43679533 6499.93751833
-5802.05568368 3182.56568605
3451.82925732 -2914.78048962
-5433.17171236 3575.99998337
3324.84053191 5747.30744537
-825.913503685 -4953.72368522
1649.92329507 6412.63229335
3383.15754195 -3963.89340228
-102.334393688 -513.123518742
719.15022444 -3357.10786235
-3975.95878848 -4481.56651138
-1740.67844412 -2543.78474972
-5765.03003679 -743.111391759
882.810068653 -1605.68257798
-3985.76551284 -2804.09562722
476.480494062 -1500.45575335
142.993283199 3773.29534004
-3147.9485584 -4118.07758405
2530.94871105 -2313.59898662
-4884.58058618 -3423.78528296
-3215.39306647 -967.656414448
2629.81712345 4992.31534996
612.768128018 3296.00374826
3845.53376071 265.613461877
2680.43371221 6149.31104486
-2283.28525309 -4619.28248657
604.287103544 -3257.29660857
6439.02622656 -2020.52814778
-6453.03495782 1323.2294855
-2962.95359307 -2776.70928239
-3160.35989433 4934.6727678
-1549.73137364 1874.76811085
-5087.00445969 -553.255507727
-2934.00790235 1272.88367717
3974.25018239 -3549.61362909
-1728.01798343 4716.64457002
2517.48445943 -3425.93777679
-1077.21276324 -4349.55983495
1734.25479327 3000.83458296
4941.13409832 549.512124204
-1144.42773639 774.718026097
-697.046826107 5266.50730629
-4866.84319174 -2725.9483084
6655.5890355 257.60672581
3938.96248012 3398.62049174
3999.99561397 4045.59355184
630.122997358 -4619.29572302
-422.635990448 -77.6732790166
5628.56120454 -981.38775941
-4250.47276181 5511.11441049
792.242239277 6887.6063451
5263.86084245 1541.29546991
-455.606391096 6335.63812136
3868.6932211 -3030.16096397
-6022.19746085 -254.398292478
3932.59351813 3213.34445281
-5330.72328174 2013.2623174
-3906.58262329 1136.16338653
-1902.24746191 840.625284243
4648.81223423 -3532.49593646
2934.93262064 2859.37353544
-9265.24407358 -3762.34664232
5844.93077171 -3842.94532206
2349.91929217 -3809.60556801
-2474.16923916 -3674.64434147
3509.84456117 -2278.24651641
-1213.79438645 -6193.96411952
-2153.8544757 -3204.33331146
2813.56682752 4181.13053113
700.196889213 -2228.65168341
-409.396680034 5363.18995334
-1154.0609065 -1387.63723785
-366.56155218 -2442.41185709
-4658.48784218 162.0432229
3798.746008 -1558.73845668
1837.71004193 -26.881916319
-5691.98202975 -2991.3362217
5919.96850093 1296.47240434
-4792.51308594 484.278329929
5344.47736738 -3627.41051494
-3025.1843828 -1434.3444875
5148.5849928 -2695.30442098
-4748.71227548 100.194523876
5141.79716683 -3916.38235954
-4112.07191885 -1616.72137475
5452.42370006 -1004.91806819
5256.43585456 -2804.30275586
-1689.85009075 -3798.49255107
2000.26891099 6132.70888638
878.145519932 2162.48548401
586.032846255 -1229.67487955
-191.065820245 -2113.96692899
-237.134987801 5335.33489275
-2535.26377383 266.794989146
-2458.35121784 6332.3702857
4222.25166973 -3314.38971369
-219.445892555 4916.14023101
-917.292873251 3542.64708899
-1540.72115527 3263.84425064
-2489.97438542 -6197.67299819
4478.39860326 2280.63742389
-4547.93621392 3201.63512862
2697.20909271 2667.87211382
2410.6755364 2596.40062395
-804.471885813 -1512.86100849
-290.730947199 4394.42616451
-1143.3308073 -2334.23392047
4648.82335273 -3391.36599618
-1259.35377039 -5766.05556035
-174.271715193 -3332.27698239
1456.94775479 -1987.52681927
-3785.61788454 3250.14215416
5763.62150814 1327.12284964
966.892957317 1529.50624125
2880.33362019 -2182.55502065
4848.88867932 -1494.60238439
-4390.38883992 566.836820938
-4882.66233525 -4500.26988219
4250.66776667 -2089.1075572
-4833.03654341 2430.85225393
2362.37531634 3123.61249446
-4077.81592309 916.119499569
2979.5244164 5437.9245428
867.091782101 3695.23447119
-2392.04322582 -3973.1075589
-4826.61489547 -4742.27965454
1397.19018631 2543.90216237
-1879.01967104 -576.242143673
-5655.13916958 3171.37668995
892.932627536 -577.146347631
-969.923886786 2402.68230439
-5157.12212868 3159.12898179
-390.904760976 385.939122641
-82.8634620707 -5967.47432472
-4752.72961499 373.036739812
-49.1605719963 1439.58266314
-620.089415212 -89.3465364563
3556.83283452 4036.49682679
2626.22514787 -3417.62832552
484.256715728 4111.42869378
-1461.5685896 -3736.54621263
-1222.19373163 -4611.68956839
-3758.08214444 -148.581320829
-4278.31574662 -2349.64495061
3253.40779774 -3411.42160861
4394.42269607 3891.70681247
-5906.52140689 -969.388550864
2271.27298047 -3882.14429929
-3431.18714618 -5767.0280533
-2195.48235362 -6521.783183
-94.7528412658 914.157621687
-3755.52036432 3213.69359571
-1698.19460563 3172.53034783
-2833.90003595 -3799.51542986
3854.6737436 -4603.36699758
3271.93717551 -1302.84867919
4807.88560052 3701.09709359
2397.68256962 886.276089877
6621.29600676 879.100824738
-2771.36498127 -4477.60486885
1516.03099827 -109.498646536
4788.6159522 -1933.25140131
-5380.31288213 2221.45070953
2198.64611089 -5994.70604276
-1145.29156446 -6500.25642766
229.16728827 -4340.48903269
-500.383193836 -4023.34242736
3759.27395528 2953.67108806
1904.66162197 6706.30502913
-2585.27652402 -5594.82840557
180.172799095 2644.22545239
2339.89070668 5168.45848205
-2604.83354968 -1772.13840587
1902.97465782 -4211.08477629
-5257.88790983 2480.71376094
1597.26386171 -5468.33918578
2723.99319193 3885.45924139
-2961.64887078 -4302.9210606
-1318.05526384 -2952.55677542
2561.71991144 5327.26732146
5613.34013795 -1047.40763444
3560.18078446 5139.42316189
6562.12173024 -1357.93763037
-178.075109322 -1822.90225019
1356.11872093 -3245.59170699
1205.15159761 -5328.19464118
893.227157484 -5768.95157921
-1290.88764659 1862.65274153
-862.605043187 -2568.0473595
-1931.6793373 -271.397790689
3505.57366681 5529.68614236
3278.06995481 4995.27048701
4401.89093763 2346.28010652
3536.24943099 22.8736325515
-1547.40114493 2127.89846369
-971.922932655 316.133685188
2219.64355845 -6298.57587569
4306.07351296 2149.7183286
-1040.06356686 -6256.87389882
162.621329486 775.007831172
1255.02778352 -5191.95911317
-1221.35422554 5463.60114227
-793.103754311 -1650.41095794
6029.50956399 3378.27946729
-4359.27851572 -4705.59171259
-5132.19771329 4352.0197653
5659.16821208 2167.53675936
-518.692980728 6057.52669646
2066.19446469 -3657.76574485
2084.84961419 1601.74400628
1163.96370608 -4546.87431717
-4573.98312769 4346.37482826
-5026.77193838 -3048.38993245
3565.30898082 -1056.52207768
3310.2953038 -4691.88158914
-4607.91324057 752.750402103
-4572.99941609 -4342.5656747
5217.61112926 1206.66539293
-1961.61630098 2519.54275232
1719.44900931 -1509.51669915
5300.71552813 4453.9213384
-551.025553757 5824.94162563
-489.739466195 -5314.49717327
4235.49302448 -2100.05526402
-3722.0385925 4096.79796309
2922.09721441 -2951.42989302
-4599.45703871 -1142.72483794
2317.25217732 -3340.52762251
-1275.63261306 -4824.61273266
-539.573342106 -4232.37701841
-5538.9080558 -3192.11492333
2809.49908617 3505.38030526
3089.77869767 -2107.86885809
6288.40167614 -2695.89845036
1175.47213668 -6418.90410539
-5331.81649884 1547.09593023
5000.41064754 -2898.89470655
-3812.80184694 2239.38658988
-2117.93872185 -3393.97113393
3695.38812479 -518.221329681
1740.24475721 -6733.27685875
6781.22738766 1594.29219086
949.229689959 -2930.86491464
-4275.30441813 -169.401121846
1155.59105036 5225.63496337
-2830.83066408 3034.23604882
-1730.27689513 3097.08148003
6044.97264381 1354.87245085
-1002.68450376 2388.85459618
2980.87414146 4945.90294533
3345.05555693 4988.78117188
-2289.03904851 3549.42023812
-5949.76357447 3275.53232999
-4163.36536217 4511.06718354
2667.24287471 -355.206828873
654.381896246 -282.134528958
2107.55758352 857.68140151
1142.8818021 -1043.87491061
-734.393722224 4384.02711868
-993.73868768 -2464.9103219
2349.93999565 -2702.88004967
-478.090139189 1696.48772978
-516.263985063 1876.0733776
3940.12991071 -4716.91076063
-4549.23680477 -765.579835505
3004.88638183 1284.9285983
4708.31062962 -191.606894858
-4926.26333293 -1160.15884184
-2129.28727138 -5994.45652934
-2460.71789543 5932.40341077
-5660.25670024 -1187.76982306
-6035.75255415 1531.90277703
1228.0870686 -3839.13202292
1034.66461674 -1625.27070471
429.87572508 4654.53775702
-1191.33610234 2471.92361837
-2462.77986071 -3311.09380948
-3001.54849258 -3555.83068681
3112.84810923 -4059.56803886
-3550.62336148 -551.181305182
-5278.18487382 -2214.1027302
3920.99834151 -420.370137236
-4647.50502808 -4974.47129093
5320.51523169 34.1859641134
5483.39392716 131.177026727
-2642.01454848 167.226918417
228.350751012 992.042451565
-2288.50086343 -1967.49341391
-5428.45188321 -1682.95356202
4030.30095628 -1329.4707835
1739.88620291 -3150.09863377
-1736.29048173 -6702.21655803
1706.44783452 -2211.2197376
-3300.44295621 508.039377724
5435.43346869 -1363.61793638
-563.953147138 -3264.95541314
5863.86360146 1874.99987808
965.715844714 -3277.33135216
-2945.69747658 2857.29445843
-3147.58631025 5679.18632154
-3220.7779092 -2209.04585417
2057.32012732 4518.42147215
838.55271824 2896.45594529
-679.825995454 3090.96607317
957.683046368 5313.09999439
1335.77800125 2430.77839674
-2015.29325762 -5313.96693168
-4197.22884571 -5092.63332186
-1834.46953542 -1929.1658366
2854.24284231 -5056.14809601
-3397.43498058 332.960674853
179.963315427 1767.37846451
333.401261122 4000.48651614
-926.690912862 6528.07523672
4770.07045317 -302.388819945
4740.64590006 1248.28847005
-216.485702853 2492.47579642
96.1406853388 -694.373202959
123.45429543 472.919425721
248.257173163 -63.0287237487
3073.9072212 -5875.60316289
1319.2272023 -1147.13245053
-6632.13340567 -927.299766704
-1300.58600781 669.14000956
-3844.03238026 1514.70301473
5065.24431774 4156.15237597
950.560844325 2656.02077175
1709.66361267 2029.21460431
-2571.32315694 3014.36138418
6042.46602938 -2529.82587718
1380.19292482 1095.37566409
2550.96568634 1226.91963058
324.119902603 -3877.04551446
2399.68850904 4840.14643363
6410.21966454 -622.147887542
4608.76442569 -3086.2265528
368.372703496 2845.61800533
-1171.59226731 810.445072821
-4119.28006221 1232.83792056
-2650.34998184 -5862.42682787
-4268.69520498 1016.89505237
5184.10312209 4423.56046397
3763.27316375 -1458.1518824
-4353.83792303 2547.69393606
5611.91606141 -2075.20918583
464.990630837 2485.0334972
-182.471264824 3075.10766709
-5733.14390779 470.806589554
-4856.55740344 -2060.58293438
-5316.94719177 4025.98377387
983.47935303 -2639.49346892
-3977.45594098 2959.18773685
-1834.40115904 -1157.5281955
-1015.58627529 -4617.94416662
807.675206657 6239.66142645
-62.0182617403 -235.569218572
2279.81936584 -2640.93533128
1704.47624121 5675.66777283
4363.88685428 -4008.47661093
-3909.3324967 -2708.1482648
5806.37914468 -3774.60267929
-2905.75993601 -721.62067695
-5506.96754091 -4119.12862919
-2019.04898191 1534.8851911
2099.49930923 -3560.69134474
-3925.57316206 -4204.22542973
-3266.3213591 -4593.90309645
-2536.55024956 2701.27815972
5059.91081667 -788.144991029
-3892.61981189 4804.91351435
3379.08486688 -3360.7753523
-2344.3491643 -2606.4423077
4101.28539005 -2991.24952516
3403.88405555 -3114.08347373
559.715219713 -442.600867968
-1771.27690452 -1205.13693451
-1661.02317255 -4301.32358757
680.792279008 -2863.61518781
662.541560177 -702.579650287
-5991.95342357 -1011.49879788
-1821.16988646 1874.76833797
2195.54688914 3747.84546778
-1510.79516973 -5935.24236653
-2494.29679383 -3580.07180383
-719.398613786 1559.49581184
-1147.83685427 3429.99643485
-5392.56073094 2082.16163807
-432.075212846 -5212.19164843
5348.08263731 720.868340594
5739.64020957 297.364702417
-223.31103972 -1520.54541757
1231.31886851 -599.595270596
-1622.62833449 -6137.870089
3035.81744134 -4218.29737542
-1363.82067966 592.877897213
-1092.60235459 5269.23202502
-729.749395945 2005.29242123
-1733.80767473 -3893.90097766
4542.33790593 -2193.20468726
3306.71277055 -5479.6211748
716.948212276 562.845828227
4618.24405207 3010.99584364
770.248655405 1368.02280041
2944.35295882 6323.96489879
-4936.26325413 567.781016838
-3761.96395817 -5317.7273362
2554.88026172 3246.46012314
-1842.13335889 3986.76478875
6492.45054729 7605.79291665
5034.80327427 -1714.74708079
-4189.53610709 1254.86427674
420.417654119 -4070.35421959
4061.01286505 5462.34836611
1834.61323976 3297.55684296
1972.02256877 -1384.01868678
4329.55557428 4439.88826798
-3576.82162223 3394.48092822
4487.80835885 3981.23252631
3963.30424617 663.467776901
-981.838326881 -547.677193517
1274.89247249 5180.66562608
2806.47011851 -51.4540648279
-3383.20081025 -4544.73293984
-5170.12654154 811.656587624
-2706.11228041 3516.74554062
-5091.19670116 -4429.44519149
350.067254299 4397.31469316
-2478.9848316 -6166.55197423
-1819.67172838 -4446.12350789
-6495.02094505 739.382590291
-1682.17854255 4102.24119913
-42.4837782787 -4214.16021375
-6179.88972385 -2520.83870806
6202.19148244 1591.09873981
3689.43940085 567.908053959
5587.05294833 1428.42733904
-3453.47304002 3535.79956472
559.081381754 4627.33307079
-1628.55272314 -2203.46703931
-3466.58716038 1087.345118
3436.61856971 5200.99532163
1653.77781442 -4089.85000833
3855.08989579 1043.60430463
-2842.38814118 -4327.62348074
474.025848018 3879.19405736
2197.21842708 -3770.48595045
4018.86852356 -708.512171371
4584.1219303 4269.73685879
4899.65160657 -3402.99955077
970.462481226 -5128.6560896
2057.20300563 4520.27549498
6182.07383635 -1216.31880117
2068.53641673 2243.61816336
-484.059447571 -2927.92234337
2785.22866969 -2120.81338003
5320.56601791 -4302.03099609
-5625.20285618 3199.8877885
1672.42252689 3614.70582623
-4684.96437071 -3420.60872109
4244.25271014 -4094.72213166
-5323.8207188 2378.46771319
5878.61705924 -2652.68310912
-4829.32806904 -4390.13280237
-2072.96023522 -617.292984908
4035.83264783 -2602.32715429
-1367.04464822 2169.49806474
3758.80834812 -1393.86155305
-220.681625792 -2137.71109301
-3410.2300904 -4722.11721358
-1106.29045133 1855.74952298
-4010.61338523 1668.10501728
-1377.77124752 6542.36277321
1242.86489471 -2396.34873025
4594.70721941 -4327.72151766
-379.039956906 5829.61166652
3844.48737304 943.288313933
3679.76074121 -429.397179425
-2299.70824048 4624.95208547
-2332.40898322 -3253.11778398
234.480329043 -6826.66568946
-3205.92206593 -3773.38770057
3881.89690937 3594.12470314
-2929.41112293 5835.66166633
-5280.05040996 4376.73424485
5571.90148102 3340.23573029
5661.65478722 3014.68100913
671.271693716 6425.94464845
-3138.15785881 3724.03329208
-1965.81519893 4510.4336252
510.202716436 -6661.33286726
2974.39383887 -1017.09643576
-3127.58978613 -2491.31345448
-2520.89662471 1379.68595648
6052.56529612 -1118.28484243
63.3336597906 -6024.71074589
243.911612601 2391.53741061
-2102.54665731 -3879.45218778
-2407.16959337 914.380008551
2621.39340435 -3690.50713171
-2981.60237541 -2803.32430145
1653.67998412 -4923.34274073
-2627.45020017 5806.92790422
1286.54165582 1721.26454104
-3463.45470326 -3460.99670159
-1662.07322247 -1882.2044577
1490.10315772 4780.68976615
-3028.68859672 1639.96532747
2466.18784378 4886.27231419
-1839.60892973 -1845.95201055
-4767.53056194 -4224.26084678
4955.02733719 -1626.15080892
5082.05094962 -3396.62796031
900.810683802 2273.95670271
2324.78312604 372.896905607
2216.87444465 -4793.40654767
3160.9152811 -1269.48019177
-3963.21085048 -4756.39124264
-1168.65712557 4362.60788067
-3561.52463605 -3101.07444091
-5824.83235534 1469.24844109
4632.60621968 -3358.94148066
-800.150409401 -3291.12118741
-1041.29684219 5693.16801843
3261.23230859 2481.09288814
