1776.99905569 -925.268237194
-1321.49078655 -5887.19465081
1814.52556049 -556.202266547
2084.06166187 3361.17791652
-124.10446989 -4894.5666124
1586.77230569 -158.914062552
-5385.11110755 1155.98407838
2001.75626798 -1124.68286777
-6514.66201207 636.380437998
6495.65561127 -1597.78855959
-2968.94631986 -1576.55229133
-2500.20983966 0.272084029202
2455.06171323 -2143.31013367
-2574.51170144 1994.58904001
-4378.02951415 4424.454939
1644.17087026 3393.80327807
-4474.2085226 3829.89923241
3816.61885947 426.543078233
2894.27159081 -3532.22921737
-6215.63663447 -1073.00856767
-3455.17092806 1264.96312213
-4001.74260314 -5150.73099282
-2213.36433812 -3758.50091025
2977.40212407 -2446.84598689
-5337.88955797 105.1687569
-159.225935891 -6787.97496108
4861.60213067 1165.65978716
1343.17416663 -3291.57283575
-1383.1762847 -3879.78661953
-3775.89469278 -151.20435544
-1655.44923904 5098.40427264
-2260.34906338 4233.3316444
49.5055696512 -791.436207121
-827.929522666 80.8843894312
-3132.18824885 5734.76532985
-1707.29662658 -2687.98936318
-1845.08323064 -4876.07520395
3721.62644039 5380.34919794
2686.64835348 3538.02623073
1229.76349323 -4313.90298692
-3155.5207744 3913.97651663
-1675.77694076 5030.72396022
-3749.60020913 -1070.1866294
813.816372223 -4245.23119842
-3672.06995093 3067.9101641
-4764.20742959 -4212.52546068
-4815.11316104 -3558.01855905
2027.79499107 -758.857146736
5448.47614506 -2034.99912981
371.925524787 -111.705092365
-2621.22390842 2233.73748464
1238.48206949 -6296.60131378
-3304.09262476 -73.1825483871
-364.896512888 361.332758648
-2233.46470074 -1745.63146056
3895.09096718 -5742.44242274
-3816.55881141 5817.62051695
-2034.86911459 -292.845837284
2025.87745147 -2491.68297103
3977.17618804 -464.508234261
-1788.26458223 -2358.33943508
-1413.12954546 3426.53033149
-1073.36540424 2509.52486881
-5896.34422177 -3131.12605736
2727.42290019 -5059.047483
3930.45181647 4898.63103092
-5907.208293 1832.58100664
-1423.90178264 4258.34931524
-4533.79893068 -2886.7174072
3334.24964542 2366.01902892
-4735.96954118 2911.9672688
3017.17058391 3783.78579286
4849.5455489 2003.61797475
-4493.05354339 -82.9508720298
3186.89000443 -2113.5575761
1450.99243684 5087.43322368
-2830.14079542 -4463.12050942
-562.518336206 6187.27986003
-1903.25046221 4854.57158534
-4183.41134185 -2136.11036832
6484.55818745 27.9263841849
-6802.62400286 871.408299314
1950.19205168 2789.06998662
-2261.73792617 -2164.15344543
-2915.10843823 -3403.09515127
-1792.44073406 4604.42217587
-4265.51651575 -336.800115416
5857.4098994 3094.82626178
-1149.23753317 -3989.67550227
-3437.31294777 2641.66386115
-3877.08829674 -1676.52166947
-846.085534295 -4754.06270826
48.5637929315 6940.70180592
-122.590695782 -3522.98143437
-589.484534422 -1840.3126295
4252.60043943 4451.33990968
-366.278846415 -3159.13420013
1917.53929399 1019.64141009
335.463723971 -4211.61292608
-6706.8228079 1798.50682822
-3899.51909852 -5521.35775123
-851.625611894 4994.96257739
-1366.15288695 2769.21229104
-4355.98453887 -4275.75343434
1395.87102958 5730.07056298
-2446.31636432 2442.33629094
604.875339287 5945.95619024
-3156.60602375 2199.42608194
3982.63327349 2761.42029145
-3394.08445657 6009.13307228
-2461.04441888 -5183.1527021
10.2334346056 -4066.11806278
1733.32020977 2444.91448134
3459.34051653 3568.27076957
-6230.30541092 2911.06125094
-1955.25075466 -3796.28065695
4858.24308699 -2863.85450761
-2595.64621279 3474.05860274
460.84758303 -5584.97788268
-1548.30205184 -2851.12529642
441.992665364 663.0895972
-1212.41479605 6621.4712005
-2098.20637408 2816.42834494
3631.84313537 -5448.83809193
-6727.64495444 -496.640727445
4078.47002261 1530.18214146
3857.64331212 1972.28226185
-2404.30518838 1870.58131328
6196.73998246 -334.485743017
-1082.13059628 -5705.01324725
4072.11674321 3504.69241427
1561.90795944 4021.04893167
2508.4944807 -1222.80596843
-2991.56071067 1339.00369607
3187.34888969 3845.23905179
-3869.77934367 -2772.28960853
5483.96707374 -2475.79420606
-4039.46062903 4964.23102924
-1140.39209068 5155.95034519
-3512.8855712 -1582.69358955
-1712.90847817 965.794317649
2642.01182412 3198.63773511
3681.41710913 -5468.6628306
-2656.45396435 -6216.53928851
-467.763715449 5002.4916249
-2854.11780085 5477.5796262
-611.915382745 6078.21881082
3813.36064801 512.802603615
-1301.35080773 3681.98988578
1206.21539665 -3165.4111948
-1060.47383732 -644.831594351
2164.07838763 -5672.50273542
2614.74174648 17.2419584907
2745.32813974 6414.47306206
-646.725380001 -4111.41221744
5088.43072191 1351.22271677
2905.39778784 586.415540721
1775.95298771 6437.44685919
-2596.83463275 -904.05701914
-5314.39396677 445.053334627
1949.20808805 3062.28212303
-132.697915974 2297.4214593
2399.36714009 3262.70986738
-2616.50853152 6308.37183996
1438.62620344 -5319.24122043
369.708303326 623.259729121
-1745.66855157 1870.33262285
3131.64563445 5384.0717996
1278.870341 -4392.02984849
-4378.82679722 4017.30453057
370.437530413 -5263.52014035
-2278.66171503 1641.78137884
-114.885814428 1572.01991951
-5638.55447173 2468.99484802
-4499.57220883 -4826.98607549
-4618.71989792 1290.74749969
2055.10530169 -5793.19834853
4664.91050811 -740.209338623
1225.56391491 -3939.39740799
375.232732237 4175.44565494
3797.26010499 -5811.74617116
1500.58207427 -4850.97602181
4645.68371948 -384.590523502
-3821.2988082 1500.6324561
5299.73347638 -1334.57790809
1290.53956798 472.093780168
-1089.50679692 -4741.20041752
3304.27580882 -3535.26416291
-6699.10057484 1574.15559844
2226.8732165 6215.74909758
5549.39484305 4143.47351274
-3425.6845272 -2960.9359118
5163.08052715 -1626.02159316
-1096.3752921 1966.23648181
665.340416914 -2178.38030374
4781.05104183 -2918.46111608
-5851.94593977 2496.41545578
-6062.62301721 -1499.4259537
2307.08318585 1114.12809453
6383.44733332 -1179.50071861
5838.93787112 2367.94012017
4126.06079431 -4472.48947354
-2540.54272401 1152.85341682
-4693.25537401 2732.18910193
-2559.18118586 3793.94979713
-5412.81177331 2013.78290231
2578.64462937 246.792839728
-4885.14985 -1601.44074688
3264.42233807 5739.82586119
82.5819096531 -75.9482882194
5539.78546996 -4031.69122669
4207.13052109 2675.12958948
-1984.12998103 -2271.3651946
5681.46481985 -1194.21082792
3522.45165118 -60.0783980999
5856.04934597 1759.88377161
2516.09683281 -6240.08617438
1914.53634721 4570.83162615
298.502472231 2749.62563271
1598.00359113 -2997.50642791
1520.8225717 2941.26202876
-1527.16572118 -1029.69832242
5794.43365037 2299.30352023
-2785.32867902 3108.75578692
-4002.82271695 -2937.15567731
-294.806005168 -224.80915669
-2302.8366162 2318.4415238
1080.24176386 5693.6245418
799.785804658 4668.3827513
1424.21373628 4794.76602127
-3367.70953364 4556.41964951
4871.15289062 3572.32173082
379.361188658 -459.455032293
2896.43565134 2700.5839699
-522.879037352 -895.825410165
-2681.59009068 -2080.12905184
-21.6951157716 -5626.18290018
4533.26116671 -868.589979924
3433.89591802 -1557.97616517
4265.91703721 -4690.78335667
6046.27191135 -3340.36236474
2621.08950028 -2298.51689443
811.92156971 3631.22872075
239.947311868 1556.57578714
-2490.83466013 -841.244052225
3514.21335649 704.603036627
-5215.81643862 2305.01513855
-5825.4116023 -541.575519791
-1613.22149307 -2019.51945544
2098.85923622 5911.21270982
-5464.6397716 522.18373646
-164.892047778 4572.93531287
-3068.7889951 -4756.11935884
2811.04444675 -5089.25701657
-3956.97400377 -1819.91419935
4106.11427415 -5373.09039576
5753.75725097 1402.34702477
1975.44671336 779.531359081
1593.04187536 -3005.62210436
5335.91495144 -2752.56996897
2359.85014889 3702.58988649
5076.60535417 -4391.8674172
-5442.67969137 1453.3503902
-2809.73149722 3751.82675397
-515.837870994 6171.2453712
1911.86085727 -6416.76481941
4922.47552664 -3872.43118223
-3510.16538803 2120.89042435
645.426043846 2934.65450869
-4649.59527372 -5116.77577613
3094.66322678 3844.38880455
-2249.91824899 -2900.72772106
-3711.48812124 -1856.37702395
3880.48843406 -3760.40312249
2170.39165121 -3011.66659212
5391.69678022 -3533.38696322
-576.76081428 -3892.03335247
730.553721377 -4598.12231435
-4189.87699329 -2252.60922581
758.65937737 159.068139657
-2367.80261968 -2450.58160179
2480.26938466 1606.29895215
-1540.25865651 2946.92589995
-2211.81032777 -4292.31118171
5080.9965881 6.36054219406
-1299.81641775 5898.89301201
4406.98327713 -1605.64025805
4005.61635783 -2187.01615486
-3372.64936358 -223.394116035
-6371.28197023 663.476689169
5158.79254584 -3258.26251078
-2673.97076068 5080.01532044
-5856.15727536 -33.9244156791
-1069.6833021 3969.3406895
3032.85454431 -4153.64004442
-4869.74400792 -1089.55641972
6022.72216636 -3210.43031988
-3846.41408805 4299.55194628
5064.37504901 -568.199354801
-128.716840876 -4676.82009209
-4305.87945388 1627.86271551
1062.60854236 1901.11474413
-850.369808234 -2951.50063448
2442.4683389 1326.37629201
3518.52191891 4723.75561091
3917.48730647 4123.75926832
3865.2298292 -680.759198
3733.41997547 -4501.60699571
2591.54675608 -4234.91511536
-2261.2224162 -3411.02300222
-1038.63023063 3322.32609918
-4189.00117653 1094.82963393
2551.23477621 5957.26955717
-2042.27839401 -1058.82457875
-6317.57590561 -2108.13918702
3697.50555082 3641.04166551
1355.79266961 -701.216091809
-6093.7376783 2269.93276405
148.477676566 -4973.26414423
6552.41968904 266.309750911
-2807.48906121 393.01534258
-1576.97419052 3226.71639498
2920.34180183 -3049.81448816
3764.94315612 -635.086673075
-3448.53353475 -3236.63697145
1668.39987092 3131.54244294
-470.549970068 3773.64229048
1355.38042747 -2309.36820283
1515.94614207 359.788304687
-6006.5006096 1966.90548435
9926.02464173 1214.09835339
-5347.12624865 1831.70405254
5955.10084584 -2427.59020104
-1866.60260865 693.888770156
-5112.05986842 -4209.0856894
-377.3758606 1933.26032607
393.282813778 -6457.94343726
1180.07232589 -2828.21508662
130.235824542 -4488.38126714
-2984.52416303 -5198.61493783
-1894.02957301 -501.70441049
-45.0205565662 -2264.95035481
-2468.12369705 3603.52500644
1478.68377789 -3954.73815565
850.985540544 1160.94115463
-2818.59677806 -3510.17904202
5160.54401692 -3974.54046499
-4754.23447298 -2686.63493128
-4775.34472182 -1651.80125234
-449.097515308 5855.46109951
1217.17878491 2219.11242485
562.069949114 1641.35344845
1236.23899246 5058.72752492
1170.35742045 -3797.28554075
4311.12301452 -2140.98438156
-2616.98176447 -722.600796791
5632.07078145 -2777.26608064
-1379.08225831 -447.409060248
-2804.38836249 3012.79702939
-2473.4789136 2287.96417707
6393.03490403 991.21824076
-2585.10414143 -6379.29117108
4942.29107587 -4408.4451565
-1263.86093075 3249.3340008
-1587.08353183 -5657.9737554
3955.43411065 -3177.13188751
-563.396670109 2993.77383135
-366.227396817 6341.78150632
-1396.46934871 -439.118370511
-4598.68608267 3482.97839954
-1923.30211847 690.962383402
4540.01905625 4472.86880694
-6520.49306383 2476.95456788
-361.880380984 3709.71374458
225.583854727 -6207.4891267
3421.68882885 5862.66032579
476.589393648 -2604.55308282
-352.972638164 5010.51758722
-2054.8412624 -4763.32310519
6210.22674051 -869.493751362
-210.121391876 -4644.15281318
582.758099065 -2394.87151959
-5078.76907762 -2703.20441014
-446.225918726 2029.031414
2668.95528866 -4044.66460078
1844.17604618 -4687.83242106
-848.599666455 1856.97083957
-3262.11865511 5624.86213658
3074.46370206 -912.363636436
4230.81841826 -4373.53761268
4136.54573007 1898.19765817
4950.24515967 3636.13783063
93.2214334119 847.567853813
-6830.90380926 -646.00513709
-1436.11580951 3804.44702841
-400.49504838 -5793.45977417
-2028.1996139 -4894.76942693
3488.23367052 1579.48889304
3537.04261499 586.781397112
567.950382645 -1306.23628559
625.991473667 -1156.96784993
397.40252587 6292.40463711
-3665.30403809 2180.38475868
-2885.45466444 3224.2186352
-5009.61770232 4392.34812679
1526.59789206 3529.58711857
-3919.9048034 824.566544406
1806.0759799 -3581.1893939
3787.11322011 5843.72112827
-3470.88269982 2771.00690061
-863.527038871 -2217.50165001
-6371.38779211 741.824293401
3935.61151241 4614.34344209
736.321484865 3609.63299806
446.519906357 11.3511434595
4022.72301382 2735.98971257
-3503.17090858 2795.08825354
3986.29216046 3714.34161419
5783.79018347 1433.53957861
-4476.08251583 -3486.93547711
880.70942061 3913.00466096
5952.55066084 -1086.11677148
-4759.31526746 -4396.83924735
-5763.46205766 -453.089809879
-1687.61264251 2295.74297656
2186.26342692 4488.02065824
-145.703333333 -4730.84111474
-1739.14315872 3573.53559734
5714.10567077 2838.27879565
-2217.75850775 1543.79793009
578.953464513 1990.62585001
6324.55818027 -2086.20293469
-849.253943597 -5454.45066026
-5434.6311551 1943.76820645
4916.51695856 -4316.1740835
3161.13347964 -2135.10282577
6421.47063256 856.103777463
6919.37420796 918.482170237
2412.67389986 2988.53684671
2374.56808022 -5535.45135348
6390.21202126 2600.2696828
550.801077696 5301.3447497
-3250.74639142 5981.63236617
6357.31334937 -1118.15636283
1820.73508626 3355.28396667
943.70877483 -1309.97696842
-3668.37126909 1952.43220724
4986.69930352 1989.55778572
625.595337232 3392.3366128
-183.625099411 -6350.18648913
3774.89364037 -897.440359141
-2445.32845403 6150.41358939
1201.82181329 4084.8778754
-2388.76863214 -4264.8837716
6040.87696258 2128.75717037
2316.42100392 2469.45150315
3497.39170078 -4018.89975028
1344.84431943 -4380.03700385
5057.41694327 -4472.44834775
2497.14360784 391.834628867
-5917.56530579 -1061.73555884
3692.70219508 447.374673199
1.2989911086 6307.87171399
1742.75791416 -4625.99114776
-627.226230008 -6313.46581215
-39.7693388822 -3608.04682671
-5566.73795594 183.140720528
-4093.63702162 1267.65841617
-2831.27303749 -5318.61218481
-3253.85018091 -5908.85994862
3467.43728857 469.492549095
-1553.83589298 -1527.73063622
5345.0264794 -3672.60609849
-250.413580791 3434.39376269
1312.7740425 -6211.53597791
-5360.2176512 981.611214204
3491.32224298 -5640.0412003
-4017.10726338 4012.991073
-852.542378168 -3730.50304476
-855.068676885 -6239.94161788
2574.0898541 3506.03472695
6602.57262518 1102.36077358
-370.790776348 1791.43035421
955.969401383 -2322.13687177
-3121.85649742 -3143.92459752
-1299.60741587 -2634.84641813
2959.94819104 -5145.90891156
-3269.23879911 369.143743676
-3387.88075539 -5302.61473042
1328.19682492 -6514.82608385
-1637.72936424 -1730.08159583
379.312908124 1929.57280826
1678.49538612 3248.29619328
-785.510146957 -985.666133975
366.133160752 -5400.03126162
1185.28583373 -5009.9371554
-4079.70008835 4217.04647427
-305.648078819 -3513.22984907
-79.6351242593 -2499.9194947
-777.626893114 -5277.0510889
1986.75454088 -4493.72801644
3023.60986558 5920.51544444
-5097.95563015 3796.35259314
1482.24015277 3912.69872913
2167.37470475 -1224.14202791
-2776.62311007 -1833.49677039
-2314.70676243 -4542.01573871
-1869.34346285 -4235.13790878
-3240.705883 -4715.08000283
5689.7268583 606.200071268
5607.03348844 494.568095028
4334.32345197 -3378.03699949
-2761.90751674 -667.882811962
5878.07496385 -2608.26082203
-4066.23728642 -3719.36940108
-4169.95528679 165.81329285
-3933.45511199 -4043.63142679
-1705.75099396 -1450.34655638
-2811.9680085 5988.85514879
-4369.02436569 -3283.99710605
-1446.01354557 -549.725440761
-2783.19545607 -765.057589397
4123.87274833 -3635.74026076
-3342.14297288 20.1278467156
-3282.10692212 3818.21701429
4478.78015382 -1688.66425508
4695.20416404 2400.04079696
4844.74847306 -2235.79831206
-848.090337692 5637.18702181
993.152987523 3.90863973727
-2469.04338178 -3689.72105846
1683.21946509 2966.23534782
-1255.31808995 -1475.41360947
4383.06870014 4334.269044
321.955352779 -6943.55218386
4407.01787785 -4069.02440257
3566.95645499 -3660.9580235
-1011.23738948 -3806.61011529
2455.06521716 2521.95163642
-1982.67940694 -6140.52504603
3989.88395232 -4883.06355407
3893.66572497 1050.23685699
-4307.84743679 -3557.04827804
1740.15023771 -1179.21043129
-1900.49709907 6121.72157248
659.40077565 -2164.08600235
-3915.48603721 4937.96724027
-1611.89305825 4022.92953424
1185.56003287 -1531.75406173
-5030.39331189 3516.35086006
-2726.48005767 -2670.09847758
-1541.446821 -3481.19264294
-5634.98802974 -1633.48111421
-2782.91336809 -4746.029466
-4043.08841034 -381.634048361
316.564034956 -1274.92016016
-5601.3545939 -2330.29596849
-5108.37820298 2513.28026085
3906.45774808 1563.59128948
2274.65911265 -3796.07322314
2431.90299575 -4019.05020811
4105.91060095 5311.60860826
-5028.43162749 2872.48197219
-5136.80804846 -3671.63098445
4326.75045885 -2726.03192855
-2032.50480623 5290.37191732
-4242.54979442 862.791010768
4414.12346775 827.325738613
-4170.19822012 -1054.87304466
3097.87114054 5846.26715696
5007.62905561 1071.06497691
3334.228098 4545.69810677
-5036.75866894 -669.307490795
823.622963244 -494.438158561
312.108795035 3570.74017574
5251.86024952 2758.68147666
-3212.02733613 3055.19457653
-2461.37403635 2797.09357498
-1451.15942675 4265.65065711
1622.54615997 4797.73709788
2682.1771901 68.2868546499
-4016.61027283 3172.89274954
-542.964295461 1716.66866112
962.203814951 2434.14537259
1363.00576614 -1916.17599602
-793.767897237 4753.32609784
273.808724029 -6349.23586205
-1722.94651314 1835.72677951
1713.6448013 3245.28975196
2468.1827071 2457.34514556
2713.46495232 -2201.75535285
104.414790414 -3103.28621438
-2647.51197745 -3044.97939026
-4265.13812873 -5143.77958611
-4350.90376153 1535.33858055
3581.17633208 -1721.17904487
123.177061711 -396.932502861
-1340.1547102 -2918.78444059
-6389.0515075 31.248071686
6521.43542083 -31.3375719825
-988.949113065 2017.915742
618.877775935 -5729.93318047
-2364.27293748 -1670.16749617
-3523.90932974 -2693.29464187
4475.0802694 123.815361772
-3356.765788 -104.341962829
6615.00635082 2150.40415303
1546.81296875 1725.60711351
1096.01536809 5236.13045406
5664.39917579 1614.12391956
-1216.3355065 3141.45130953
2875.28576066 -4311.10426622
-5330.89642189 -1216.14768414
3613.40595382 145.264115615
-3749.74693009 808.831247446
-567.790751803 562.646675903
1800.77191668 2774.56056585
-918.210937636 -6821.21786597
-1829.37415646 -4361.48058389
6250.47146262 1865.26853242
-2886.16138592 -1517.72907854
2186.06630651 6148.28862928
4268.66337635 -4783.50051513
-5489.62105291 -3962.3237287
-5722.29717618 583.941554863
-3112.16751911 -4269.17528861
435.266811258 -6088.57335723
672.381820317 5080.80354093
5265.79314972 2209.96309273
-2827.74722323 1509.81894376
-3875.42047882 -4625.17033717
4395.03444063 4755.62025382
-2150.95685964 -1089.03886643
-762.306978475 6278.96712664
-315.915419752 1615.7774287
-609.977703831 -1100.31943138
-2998.06017659 -1859.34796647
5066.17855348 -1563.91038783
-1010.28925664 -1816.94772655
3912.86899023 -1941.09829785
-2765.69884432 6048.62241824
-5709.8354852 -2942.41228727
1186.35037993 -4300.72240819
-2230.02877169 1220.58344936
-3204.37027143 5892.8096931
3538.3564587 -3785.20689965
1974.55892108 5304.08774098
-4424.75861403 460.311161794
-6718.68394907 217.122318157
2472.57110936 -1910.02122509
-1807.83539472 5953.12629383
-4817.4164346 -4006.35977313
-1601.16410951 -6254.06734151
-3554.12019709 -5381.86508091
1729.45011833 5585.76245011
-3697.30691695 3370.49385352
4202.20393168 -2779.06392054
-4036.89610647 -3792.58986657
-4104.23181713 1182.55243656
2829.59491913 2438.92864393
3799.70768487 -52.403853519
-3589.37473188 -2129.1829271
6099.61939746 -1681.09309048
-2996.09715578 1887.05328158
864.239793149 2862.56227389
-1782.26391688 1661.41766172
3877.52568029 -2171.11783222
912.902458056 -3220.1980669
2766.78166542 4530.77013173
-4547.60548988 -2838.16383466
-5712.68234772 1910.93666008
-398.66167211 1229.23382257
-2760.18281647 -2092.4258709
6747.29653673 -433.653039582
431.85487333 -4803.98991516
-4077.04853087 -761.518030427
-6139.47485181 -1259.88897782
-3782.37294382 5720.4794735
-2446.46616771 -5540.1508435
-5307.61289077 2106.95575342
5127.49198147 909.453833966
3992.42861856 4943.56376593
-4069.12722658 -5416.36495129
-4387.51052084 1021.08643411
6246.62779694 -1823.58784248
2959.43082432 4172.91995971
-3461.73939449 -2539.90826367
4568.08450554 -3895.71878367
-500.730866177 3252.26653446
-4077.41522054 2205.04405349
3804.26895395 -171.187473365
1961.67172684 -1527.69490821
4442.95236522 3472.89333685
55.6778998592 363.639941267
-4920.09428351 -1856.79378216
5746.62093003 2810.35607015
1160.86703837 -166.517258475
-2249.89935163 431.577873761
3869.26300195 -4004.81386041
596.868978573 -1046.1847626
-2027.91010515 490.018122571
-3519.11958344 3829.22396261
6212.55569452 2329.66540783
2965.69962478 4018.31333301
-5018.43644308 871.093497087
-1445.55848612 -6262.06600404
1059.02850435 -1470.79973929
1167.10945563 5899.69675197
1950.57751754 1952.62831613
268.378187472 1617.57015482
2005.07420443 -612.310695135
-2921.03909379 -2334.41901041
1370.27582266 -1293.16436247
-2289.78716348 -4577.36525697
1292.98563084 -3852.87621452
5802.75248333 -391.306066185
5614.23250694 2659.57144224
260.928464534 164.636147967
5130.96609249 -4244.22425936
-5175.64271393 -895.584081176
3643.97737419 -394.44695096
-1896.60289426 334.833867125
4782.32949035 508.552804648
691.479661894 -1819.83336677
2865.79461529 5260.07430198
-3194.22390688 -4388.38316477
-158.496754164 2343.6787321
3110.42803711 -4656.1188456
928.929327163 380.036976478
2517.41183089 -3025.36237178
-3222.92697987 1263.3800423
-4488.09110384 -3737.39850921
754.579909873 5060.13668599
-4690.69162249 4818.22017499
6847.74338438 -873.954713268
1696.21336734 6502.60250091
660.58853971 4326.68347744
3506.7551507 -1625.29920212
3390.57089704 442.73427226
5183.17784413 988.333383216
339.178689497 4465.63634335
-4330.26543777 1163.28761755
-5621.08065989 -1303.07447896
703.971560804 2315.15740593
-4094.4669339 -623.291305844
-4114.13101769 -792.202307983
122.836069975 727.581061784
-1836.52738187 6550.72442146
-2448.87719305 -4374.58399338
-4267.24423733 4688.14686818
2902.10497861 -4991.66777434
3752.86630312 2197.64946471
-6113.55220919 2944.72892497
1887.92648041 -1036.67232494
-627.98125107 2300.38317144
3331.94623936 2965.81257514
-3206.46537266 3570.44901065
-5028.41729226 1872.25253895
1561.194491 -3676.63370134
-895.381399744 4194.83367161
3128.03821554 -1756.6588772
-3193.06770754 -4405.1368166
3880.12374549 -3002.72671512
-1030.97045321 -1333.78517041
3634.19812301 -4597.80725669
-4259.90498361 3790.97961097
1901.75390462 5245.35836051
-1718.06129324 1157.05736403
4089.33703819 -3211.7493641
4694.15984678 -2735.74701102
6510.74131864 -1775.35466295
-9853.54488822 1705.18419412
4833.79161182 -2234.62092383
-5266.72424953 -4072.6463187
746.610837741 -4951.25313736
6017.80239914 2245.76249853
-2472.07222275 -5941.95343346
-2912.6048047 -146.548019085
3984.43229072 -816.6778475
3001.96599916 768.204872085
-5060.7415835 -113.457208834
-4151.20152288 4264.35467508
-5767.87974965 1474.41253977
4192.75933134 -1353.5050098
-1849.91604483 -2621.41025913
1123.45912068 -5286.41467442
1017.41739289 -119.8911237
-2752.62573179 -5318.26995439
-353.555106988 -362.528468115
-2589.91420402 5312.00737452
-2169.02086688 3276.64376922
-3805.84088633 3397.46691935
3854.91103936 -4509.37299802
1414.54059008 3484.44241795
252.470804096 6202.09033883
-2556.92139803 6036.67995838
674.683673259 -333.526669693
3260.41995863 4899.20593974
3164.39426605 -1673.87346487
1992.05836366 4407.11429491
2341.94640321 67.562266559
3851.52337422 819.736008409
5234.64311716 -2010.59582671
-3742.70117406 -4185.21721793
694.242707204 -6198.05979474
-2047.68783426 -356.69316427
-439.94346782 -3924.42163982
3913.06734626 3628.4769489
-6312.09356268 1103.55256116
6892.06369135 -804.693289605
-4880.48626923 443.610211678
-455.453284315 5084.27204463
3485.80183188 -4304.62061073
-3091.39191186 -2600.76513501
-14.5153572578 -4807.69723574
1620.31887168 6309.47209273
-5181.57313815 -1593.48677363
1095.69641977 -5017.85463534
842.351694255 -4979.78998145
-2827.0377418 -4185.46944189
-5904.97176718 1.57642932676
2672.00949861 40.8217695541
-2484.36405998 392.058502637
-4420.53873355 -4681.80288289
2366.91364217 5897.33876773
-2765.26950669 -4352.03213375
-1580.47557011 -1378.17022788
-3004.33932301 -167.81599502
-2859.45092678 -5791.31939822
-4168.06304935 1288.34047174
-2197.42261533 3500.03505746
5083.77945308 -2258.77556853
-2698.17558664 -4883.05145415
-6737.05065039 -412.570740894
3910.77002975 4746.5170154
5366.57068387 333.622230971
5445.0668456 635.967499822
-4610.59540923 -1567.99860138
3825.46464224 -1132.45338094
-2065.46212185 -910.40482754
748.689549426 -246.891676633
3031.26442528 -1775.66262503
2415.68672738 2045.97728613
-478.228692391 1043.80263016
-5596.811723 2502.05137236
-2910.24682113 -851.111588915
-1309.79414898 -1505.40767622
811.028986423 2006.05035631
-6376.0694361 -882.878974328
-2826.43460571 -4867.18443643
4295.93091129 -1206.84219217
4286.94036425 -2987.03516261
2507.66583351 -3600.65371332
3836.66022602 4430.05097142
-2309.28804307 1279.37532126
3760.45627142 -3174.88852883
945.496526423 -2583.93426891
2349.19234971 -59.6733846075
2440.80894196 4160.14037013
-4716.37096232 1627.77638645
2779.56490715 -1728.04897727
1541.66843412 -1402.76290665
-4779.42641827 -467.848155817
6631.53871782 132.869605546
1754.13190963 -1679.23318963
3005.5247898 -1874.31765611
-3610.51806155 -2665.69246199
-2593.1155826 3696.1899207
-4054.44162488 527.329617408
3.38435188772 -1310.41081616
5308.03912256 -3535.23263607
-2373.82627522 -703.77147297
-2018.5976981 -2022.17387766
-3115.45523668 821.84428234
-6548.49502912 -2275.30323073
-4810.78378862 -198.66245224
-6028.09418207 1342.64549538
1695.97432393 -2952.6916026
2360.29878455 2231.64225222
4690.6119129 156.290592287
3641.46243938 -4591.50928813
-1680.96282606 -1623.51144035
-1717.78312212 -3962.15514754
5247.28310494 -3898.99479792
2160.35119436 1951.98017053
-2569.32322101 -4305.17577271
-2577.87054423 2379.60100295
507.777091712 4096.12422106
-105.832098421 3594.31287779
-333.226643743 3534.5757175
-1480.43256737 5123.49509584
2553.61947487 -1373.63867756
-5517.73577662 1167.03899356
96.8476839746 -906.041632381
4901.53222471 4841.33795313
2546.60687079 5001.0947439
5633.39881263 -1823.6810076
-1013.52789256 4957.4156221
6675.05150888 -2011.78106662
1838.7464746 2424.26228634
-5479.64203272 -1248.87223329
119.015699669 1915.74459451
783.559459061 17.8744315961
1617.70804445 1137.90149059
-5539.75927481 -2302.20012586
3104.03439894 -3104.21263358
-692.369114591 -7.06699546613
-470.877007379 -2414.00789346
-5783.79511887 -2419.26844556
2877.60482972 -3124.62649096
-3068.66428239 1421.52463558
-3950.38945564 575.360860792
-831.380300679 -748.829706568
-3349.7602536 4859.1211725
2418.23757301 -2266.98283163
-1209.14207663 -2441.50709196
-2697.67030159 -380.890894052
3963.27315221 4744.36246017
5637.90354172 -1941.20198833
2533.73784888 -6108.00022062
5676.20590189 2419.85592275
-841.377564396 -4544.23723385
95.2840216075 1270.24070616
-371.58813236 3874.62628278
-3797.29355468 3574.69431318
2392.5607827 4596.45378257
3140.76720725 481.583788693
3500.28035627 -5746.43505949
3744.95492524 -3028.76246097
-5769.08818846 -1528.39395051
1703.18830391 -2019.62846015
-1696.16915687 -5085.12285162
2422.54542545 -1538.14360023
-3186.28471802 3588.47693871
5193.18847674 -2713.5854809
-2375.45089498 -986.135570126
4571.08114629 -1084.88314684
111.768916605 190.938570239
359.396302978 -4138.83828574
2144.88494919 -5550.17517168
-281.915399517 -6684.7872432
4831.3542277 539.117174712
3161.41950791 2618.56948145
-1266.04432139 -67.886750048
-3119.80875619 -4752.398097
4582.79040789 1379.32422571
-4268.85086632 3258.7783622
5852.34061165 -174.560011319
2465.97148401 1880.26251953
2591.86165671 -5144.43922168
2444.1559563 3189.50030118
-5963.89841531 20.9582625478
386.465478705 -4041.13154068
-1117.21770134 -1067.68298876
210.658236574 -842.52205062
-515.763182841 -1956.30617848
638.509364567 -5158.80803442
-2694.15015039 -5672.32105313
5215.65344299 -1588.91461535
-887.05026585 5898.14941595
917.747825932 -6016.10169707
-5069.50286325 -4225.33965378
-5856.98455307 -1856.23710909
-2612.22479858 -2835.37497873
-1787.70975039 3221.73197511
6539.13914694 -2047.18049286
1172.62985232 4855.63149817
1492.74361321 3908.67788886
-5678.4385682 152.917524009
-140.092673708 -4873.49106407
1679.44402418 3906.59482405
-1400.69572273 866.882921865
4411.67336426 -2090.98216378
-485.067709024 4187.76384414
1080.78156608 1971.80404949
-1111.89833632 1923.67131868
4810.89567871 1599.2646495
-3913.89759405 3938.30415135
-5570.79608089 3349.50972121
533.818486494 6867.42610812
-1622.16911939 2052.35763558
1473.57473675 4421.93434307
1372.49734851 -3311.08354077
-4581.56922764 -1738.91573199
-2367.56189989 3731.44095222
-4838.59932237 3495.7600633
2047.75248367 -6259.48166196
4441.9642802 -5341.82257023
-5477.51728129 -2101.49097582
-4554.62272158 2462.43675007
844.505975276 3630.3628473
-2623.7924263 -2254.54202757
-6212.795406 -1794.49451638
1803.77056167 3625.15598273
-2019.19609219 -3672.9263325
1906.22092411 -3097.54737264
2681.68584288 6321.0134264
320.677253498 5110.28480718
-2229.64729888 -1149.48632967
5345.81057058 2829.84250433
-5921.55751109 1044.40469807
-4055.84632668 1977.71915349
1007.27936553 -4083.28053543
-431.120335677 6167.66175559
-90.7136435115 -2899.90935408
-6548.49771002 -1405.58016595
1387.39649391 5501.27332955
-5201.36285848 4165.11235616
4887.10154644 -1562.80011925
2020.8695108 -4098.83054488
-2796.39397834 3685.2712178
5823.40780672 -958.762680922
4386.65642263 -2441.8324766
1899.00691982 -2759.80693075
1437.1784188 -6565.78166325
431.879259819 1375.76357302
181.030909362 4472.4020508
1868.7399782 2301.1483936
-3580.66269792 -110.206910014
1771.98985564 5363.01098403
5117.89696097 -2267.56335133
-5247.22153163 -2600.90587074
4106.44433157 -1754.07283153
-4837.37357841 1790.76018055
-2409.23469155 -4247.79843891
-1798.78473934 748.783996309
-3426.1884817 -2301.22005353
3230.63202703 -3202.8935224
499.184906484 2106.91511001
-2943.68667015 5624.40510859
-2964.00443234 -6299.34688671
-6046.57971457 -7964.8524001
-146.276520882 -3717.96913162
-4436.33016734 4082.17499037
-1849.40056 -4725.42400071
3647.32990324 512.281081371
1805.91321884 1299.11261962
3780.25878663 2958.5679752
3820.0754119 -3524.92390591
-2383.56174418 -4633.61278029
131.86087541 -2422.44464451
145.311965619 -259.866486231
5514.71637989 -4263.58164072
4234.87111711 3211.9881366
228.897697829 -2481.32036529
5996.88312942 -1126.94335149
-1603.24196097 2415.30419516
4347.88618134 -2856.13747293
2464.22207507 5563.41670701
-3367.26563887 2818.54491364
2586.87767858 -5096.51546135
415.807221089 -2967.1686917
1945.77244217 -4644.60161543
3308.19831789 -4856.29698375
-975.886785571 -216.792930058
-812.218442852 678.712519268
-4466.13174997 4047.56629623
-2917.08410129 2733.03486201
-976.430610158 1254.45622836
-2799.67148909 163.056348785
-4537.05633071 467.803428042
-113.897596228 -6642.71567766
-2451.83568559 -6135.88829772
4865.47750099 -2578.32193055
-951.779894233 2886.36790367
-596.441446982 -4009.20941295
-2711.40595572 -6258.90649125
-6201.61344213 145.712494937
3456.50463021 -99.5339510811
-257.51075052 3014.86110103
5092.27874819 4028.3803451
3740.94272913 1993.53034216
3798.66752563 -4899.03309563
-950.903830611 2727.44649286
5216.4203077 -206.538408854
5765.49807916 -1671.00820652
-3825.4357145 -3506.72126335
2123.6303855 266.597383742
-3058.96077198 1778.84348592
-628.271956513 -3118.78276014
1990.44070766 3595.27998229
198.335961229 3295.68685264
539.056345438 -5531.39328188
533.741363789 -6565.25629448
-1464.33086619 2767.49090259
969.717423955 3385.72042957
-4827.36409221 -4527.50637604
2204.83007175 -221.569218829
-1274.04534831 3468.12486053
5083.42030805 4130.29484134
-6181.15027804 -1435.40774334
2658.61633335 1106.91970847
4977.8886479 360.580192128
6425.88142003 -780.006710772
5955.65049182 3082.48925427
4575.91231448 1533.85660651
-3682.40360894 2701.10252779
-605.870213484 -2359.58598194
3856.13279688 -5695.35768711
6960.45325647 586.598887921
272.091969934 3250.23988466
5491.52916577 409.798004687
-917.115987388 -4295.36311373
4390.71828085 4122.2014888
-1849.47679478 -3210.75225377
1037.23757624 6323.71833353
-830.347597538 3757.66393901
-3897.26571948 947.377952685
579.149654921 -818.871142973
3560.84698809 -4701.26168921
2976.20353301 1868.37602459
3187.38890509 5290.9691554
-5285.7086125 1232.55598979
-5225.69393722 -3277.44546837
2308.34881611 1274.1839171
4688.78931718 -4316.3676755
-4520.53620635 5246.50137892
6120.09404123 215.281414291
-1380.99119305 -3046.22708309
-6217.53344913 404.756321546
3561.07965196 -262.780224403
-3740.75651154 1432.37521418
-6121.19949493 1869.36486937
-4971.48537076 3774.69585646
-5967.36293596 -1152.46606781
46.9302099643 -1264.58776842
2044.73662473 -887.220715121
1485.09338469 1385.42703825
-2481.98108555 4742.09774843
3524.69328996 267.661166266
1591.05657575 4564.24369047
688.404573371 -3133.63810407
-189.083254963 4398.6305301
-2287.6076096 -1922.91265751
1072.76171105 4927.91487858
776.454554914 4497.8082478
1693.92328605 -3783.00642432
-4269.93013357 -4663.61479915
2710.76085522 5716.7846855
-1352.11066874 2551.5376991
-1246.0700982 5017.74107008
-3248.42897965 -3539.97928705
643.369112442 -600.303522186
-6228.78012612 -2638.80604325
3878.93215025 -3177.86114673
754.189779923 733.691759983
6242.67072986 -2679.90277393
542.15579173 -2672.94870356
-2154.07820171 -5091.60225091
1502.89712302 5733.06094562
-5727.94993572 3574.85084124
-636.193245537 -2245.6011546
5422.53436012 2835.02104977
-2636.67252458 4923.83873373
-274.948282476 5676.93003205
-1717.12203858 4974.9844731
5418.4268093 3211.36436047
-1736.23924525 -2589.32068166
684.891419228 943.869948689
-5126.93134885 -652.365609681
185.436325758 5607.39660573
537.141698733 3125.18781166
-1345.42727592 -2413.78726607
1018.68079913 1049.93386804
550.538675212 -526.065080609
6286.2908337 352.189994885
-1732.48710917 1835.62140681
-1425.70215905 -4115.06285516
-1763.02297668 5804.38640757
-2817.84616904 1002.23130413
1067.34059243 5137.74165256
-6013.91843386 -3295.81365733
1675.74351323 -5046.09149276
-6005.47124412 281.649389198
-2359.39894803 -5140.54510919
3181.37009056 -3106.55138258
-5507.91010717 -986.582519986
4019.81321836 -3814.53062947
5013.09195786 3622.1037371
4271.61981741 -1935.05498326
-2747.05639842 1996.96197963
5557.17788471 -3350.11600146
788.473990362 -3098.83841654
1080.69862592 -1281.89155765
2156.09988794 -3895.60223537
-4175.51890798 555.740403674
3436.46910729 3166.03442209
-6724.80579644 1580.07411044
-5054.46941092 1789.06708629
4007.71065178 -453.132962954
5008.99352461 3443.23014469
-149.126644663 -4449.0919575
3906.60900525 -1975.73146408
1386.62129778 3114.02709746
-2962.54120346 4951.35655561
-6320.85873685 -1239.18960397
-3597.78755935 2868.10753609
1793.24696565 -2410.73761245
-1105.18479736 2200.086811
1867.38831906 -5123.17520287
-2505.5175033 528.985083145
1488.65769234 -3572.70644422
224.946866695 2087.68676573
467.658529305 -6534.72350162
1582.18562291 393.694284706
-5943.62525577 2629.3654646
-1906.04816845 -4057.61319995
-5376.61803465 -1092.1746691
-2090.11046282 1793.59353125
-2324.90537522 -1723.40810619
-5862.17050555 1284.35357829
-2513.35179993 -48.5800131934
948.791180364 -2770.53705225
2883.21331828 -2084.5190789
-1257.9989871 -3599.77514362
-2792.4845972 -2477.76177246
3054.30547953 -3526.4058363
-2415.91915314 -5054.47214297
-3341.86870548 5509.70000324
-1250.43974259 -4540.85659182
6474.49205379 1488.58901862
-5308.41097636 -174.868823372
262.101400406 -3004.77609932
488.961123837 6047.20397157
5452.67537966 -1435.08177283
-411.636622466 5408.60237852
621.586300769 1066.95568115
692.167860843 1480.13189497
3688.54467773 5687.49495839
-4301.66047214 -5151.05562256
5065.82339345 -3835.93955869
-4494.07552809 3040.31024235
4745.57458372 -1789.74179725
-3680.96909241 4046.67979537
-710.865943452 -3021.01917851
-2540.48334513 2934.07545144
-1491.62074429 4949.48613587
-2199.48954896 4289.92661649
-2517.57817143 -1615.41097458
-1322.3285383 5977.32539566
1147.44483874 -528.111962361
-241.114388978 -1190.45278387
3192.23487325 -792.16540104
-5875.20583877 -549.812229839
148.806641387 -3989.39228371
4789.55914059 660.196331082
5897.57022484 2331.1144165
-666.003079506 -1761.09333982
160.484160233 6670.97637214
2144.60298675 -6030.04208576
512.67200967 -6849.66003277
-6319.85784542 -628.248082858
1898.73750504 -6703.38488959
-5743.71218504 3418.86823594
3932.6873041 2324.39284279
3743.05892408 -5531.01909516
647.243905177 -3998.91829262
-151.772740715 -514.325609673
1986.02533943 4897.00245567
-4954.08302666 -4575.09431055
2876.84903212 -2222.79668707
-1320.00254194 1359.65862077
-4872.48883964 4183.95116183
-3836.04803198 2557.10015533
-5439.20691932 -3282.17889913
-5799.92267306 3602.19516952
3565.67427174 -4892.32078101
1548.14000309 -301.867955694
6049.85869182 -3339.69267233
-5139.07747706 3230.52749631
5141.12110231 8.23223551989
2336.89340933 1888.21000512
463.499650917 -3709.25092925
136.202740671 -3120.47225353
-632.171689595 -2954.33933432
1091.65893109 5630.8272914
-6038.34087569 999.428227417
2723.14640997 -2428.68460287
-1857.23842421 -1606.37138341
3062.47458422 -760.306246342
-364.064140016 4510.80578965
1427.55917299 4739.59175762
-5047.191315 -2983.16699843
-2973.38111601 -2853.13875439
-1732.91139873 -4123.61335345
-1099.70101644 -183.865480153
4829.19236234 -4402.52077885
-5063.6264121 -2154.19516794
-5634.86606895 585.58580431
-2902.00280698 -3371.83916635
-544.70600289 2320.70285055
-687.091498506 -4225.3958982
1709.14187642 -4477.92672987
3412.72989228 3109.64021849
-3747.2069895 -3271.06224677
-3836.57442627 -622.86064782
-640.21793722 3244.83706333
-2701.53450875 3134.56108643
-5054.57466989 1987.94172151
1133.849363 2975.93697924
-995.679142845 468.632078667
-94.6287704672 -2320.30845256
-3183.69795474 6124.00037252
3468.1561809 2424.57090058
-6579.0301059 1842.61049298
5960.54343647 -1625.57266692
6206.04496886 2018.48346597
-1237.30921578 797.76852596
4454.83524447 -4891.36543203
-143.268752341 5499.1347972
2630.04283854 -6061.82478743
-3296.45196815 -846.032526276
-3371.64442766 -5617.96155474
-707.356823234 -6381.07846321
-3194.44174148 -4866.21771111
-3380.69152854 314.03371697
-3778.98413626 -567.372482774
-5865.84445073 -2847.13870915
3776.42042795 -4585.77256508
2812.8756682 6289.92741504
3996.61918788 -3733.91082795
-1020.32435761 3787.43784954
-2723.12658414 6411.53432138
-4739.16776566 2798.97565754
2419.2926515 1163.22014021
4319.42283697 -2825.59490678
3767.0535784 5658.93441518
-4412.07710187 5273.73449005
1610.4113542 -1892.30598067
1521.5075934 3694.33089401
5059.00125758 -4804.01055475
-2166.85330838 2378.91295707
3494.60146765 399.549720912
-1295.69852589 -3036.46109126
3317.94865163 3647.57702561
-4207.5749846 5466.72348998
-3138.36088463 2660.7528373
-1826.2964251 -810.491929717
4867.83262043 -3095.10407683
3874.02344703 -452.517913054
2689.80993226 -2435.44707409
1985.66335184 3790.42501619
1865.89729366 -6506.46802329
-2993.15046929 -2889.66563634
-6168.61666722 -2677.24822944
-277.456827563 -3813.77612393
2391.65975973 5165.97350603
-6564.28370537 690.405536894
1208.11641127 5774.69248659
-3813.95588876 4673.78718024
977.621422576 3543.20221343
3217.38139519 -601.7667624
2443.82893951 -2934.77263845
3722.64200458 1716.07728858
1452.61162426 -883.417956601
2042.14770709 1975.40983743
-4788.0737802 -1943.80718264
2027.69146947 -3576.32358748
-4879.43366434 517.994339646
4993.34119628 -1287.57068718
-4580.13238256 -663.35863446
1951.68809065 -3816.20392792
-6424.2451993 -294.965694204
-1137.86795498 -1743.39354435
-3002.78644868 -3766.69658085
614.856459119 5558.37185832
5537.76862665 -3661.9463169
-3320.88573382 3623.92726973
2373.32173277 2957.43067048
113.435222663 -306.066741667
-1677.50751221 -5273.31743053
3544.24853988 2793.06384959
-4692.73021671 4001.94502073
-322.204078505 6761.91798112
-5912.91106747 1443.23454913
5531.18893318 -748.266332084
2380.56863727 -4097.08482925
-5106.19463812 -4055.20476757
3387.62258259 -5540.21647748
-3729.64135693 1587.65658819
-1340.26596811 447.456455683
-458.476810418 -6502.0228464
2088.14443223 -4217.24597738
6471.48661407 -522.389774488
6250.15393835 -1816.01352063
3530.52893313 5793.45857906
6307.65557056 2233.86664766
-6226.78696817 1957.29136016
-5109.47507747 -1530.17138641
1296.61490145 -5442.66526391
-728.552676278 1591.23648915
637.339028128 3141.73200926
-2414.02991709 -3882.69369653
3841.54527618 2167.3447071
907.651374694 6472.87582648
1165.66382701 6710.11224842
-21.9989906749 3318.11293687
858.571414399 2563.4492735
5838.37541604 3415.25301008
5220.70040422 2505.06604338
-2409.45313882 -1814.12781221
-5785.28253193 -2782.58496596
-2280.53061568 -5069.14192497
-2630.82875694 -2148.85138291
-202.817376008 -5037.78079783
3873.54960201 2307.60947121
-4328.5285347 -342.547123926
5157.8258738 3293.09037511
3566.44825625 -3270.62855184
-1413.37814286 3954.31544681
3546.17367267 -760.667208646
3758.00413949 2718.29922205
-2572.58927213 6392.04954978
-5978.15835175 637.715928893
-3062.06580975 4339.70094737
497.421737898 -1532.22332839
226.682314792 -5369.4440284
4094.54236608 -5301.48556061
-4391.96030107 990.139756221
5866.61603347 1818.25332705
2061.86313942 -2812.8564017
2511.87473992 -1874.58606939
3152.67906627 -4172.91837669
1018.215913 -6586.8217744
-5274.41479374 -3059.58933683
2438.30369057 5118.84243082
-4148.93859991 -815.73230958
4498.33168138 -1293.84116896
1412.84075541 -4998.70505109
5381.06031773 4073.736274
822.85242583 6165.92934552
-5245.72976233 -3819.31882943
3426.19071519 2501.87702332
-2187.40073761 4173.10672811
-2252.00234497 6084.32130499
-5721.05723596 -3265.34370189
5511.50090889 -2878.48024682
2048.74129857 -2832.66591374
-6320.88754951 -434.56018261
-5313.88167108 3350.6743547
-2997.05743623 1242.15066379
4797.01248682 -4046.63887087
-3887.23347738 -5609.24828882
3373.89282859 -3044.15705628
4470.05024848 4665.54687376
6255.00478893 2685.00925131
-40.9950786829 859.378692461
-2474.8241163 -6062.38211561
-1899.51317712 5917.50544028
-1744.86409601 -348.340960598
400.063922375 -2391.44526518
-1804.94956059 4366.4944898
1412.32722557 6511.12574196
-2100.53341347 4692.29560634
1520.03660064 -5413.73973149
-773.353335667 -2740.7021442
-5280.95248233 -3887.01058801
-736.621851432 4729.68067266
-5646.97745377 -3090.3599693
1388.91963046 -1115.88647764
-4537.84702123 -4297.34526895
2294.87083982 -5158.79742813
5834.24570247 2559.4059838
2437.88462512 5659.95996257
4167.21604645 -2810.91479055
6304.3201319 965.328972923
2711.33391555 -4309.30661007
-539.154223471 -3304.15546019
-2803.41229991 3966.01560925
-5186.68419844 -3523.93120342
976.599750815 2536.86334112
-3782.00746702 -3009.26217949
1036.61265012 -1295.41466836
3582.50689949 3663.44165368
3180.63440995 5522.49516883
5900.84236953 877.784081944
6255.43706586 1216.29724066
-3568.44105699 -1995.07894892
6951.24319806 88.8154539123
79.6566455319 -4749.15095905
4717.92588022 -1447.20783603
-3985.92245819 -3832.88559384
-6844.34348451 -779.056400152
-6006.1479742 2817.28654253
1083.32594709 4032.26868219
-2940.28831699 -1116.66347613
948.339559696 4638.47265333
-152.141192784 1213.98443189
2959.9068032 267.642791546
-4192.982593 4005.24486958
-2102.45559963 -2132.4457547
-4860.72669582 3051.11083399
608.497542343 -4985.35201657
447.088815853 4627.86937543
1146.83230081 -5382.42646628
6397.76216464 914.750964005
4131.03433998 5280.75072956
-611.724182908 -2802.84442712
-4367.58260748 4830.03296574
-2411.0596179 -4023.55043877
-1399.27342526 5336.95336796
1566.74050554 3093.03296291
-3190.31142753 -4983.22853881
2381.63882174 -6317.38811711
3772.10717773 -3998.27798871
-30.5686015527 -9999.95327792
-4968.41006346 -4441.57786427
-1181.96755598 -2108.88318995
-38.7406211786 5209.79738515
-3967.84551953 142.334785649
1193.720191 5322.77878472
-3872.21930021 4637.509036
-2832.35095277 -282.658860011
-1596.60516159 3454.928282
-1596.82864991 552.727033908
815.50473547 -2397.46903264
-820.25144035 5194.01384738
-2045.72961892 3485.3687282
-6379.74249933 -911.398196955
-1840.03803541 -6360.1806502
5202.71399179 -167.031108818
5292.73149531 994.041403288
5469.52700821 3160.14309342
2923.78849246 -2903.40309318
-4597.38257984 -546.987737542
-2423.87512254 -2008.4844703
4053.12940073 -1866.93263112
-1870.71647626 -30.7614855903
2507.4144268 -5028.59656133
-753.920336609 -1502.7923369
-4093.02824506 -3406.48561254
2250.9289139 -2447.81589796
-703.295654067 2206.57084313
5060.70459089 2657.74632627
-60.5437869345 -11.519001845
237.893469093 -1562.97790113
1926.84451717 -5451.40703621
-3781.50384464 2351.06926318
6069.58667881 -2993.20306892
4674.57134976 -2188.55754133
-3585.84457305 2782.5143276
-450.016867146 -1408.22640299
-2203.00782723 3555.2296707
3069.27881467 3479.1586698
-6357.40863576 -1131.74217103
3295.24549637 -5520.57873856
5951.6955545 1188.02328624
-1540.92609081 2684.27087248
-6391.2483918 -1471.09770992
5314.0992559 3046.94691035
-371.881501995 -2900.64871666
481.729669617 -6430.34093152
5849.55049364 -3057.52979233
2613.59399721 6334.44729646
-6841.46536917 1383.34694997
-4707.23704802 1560.9030085
-3055.55473247 2481.85779481
-2487.13062555 -1543.40593306
3587.69733357 5479.69771135
4570.45816762 512.908646219
-3298.39333076 -1425.56420417
1474.14736849 -1244.86820155
4013.27778796 4322.24307346
-643.670021567 1988.03355832
-1332.31542144 -4527.119519
-280.873350451 4241.5294857
-2145.18418754 -3999.75901863
-2783.64794154 3498.26340706
-3996.19309922 1950.7792595
2151.84799416 -3820.6781265
5977.24655487 -755.188319807
-133.410980886 -5412.54041619
-1875.05272999 -1097.23968256
-1915.05511863 2803.19012684
3182.68064219 4975.79470621
1761.87820431 1390.02335018
1470.15841558 1862.07198083
6025.51756853 1146.72749743
2559.3812011 -1630.29357248
3373.30059306 -874.977409825
-5085.70027292 -4685.82491376
3781.45231557 -5011.60464925
1227.56372682 -4144.1714936
-804.07594969 213.986275196
-2682.82878212 1800.93548489
1623.17728297 -2453.68865268
-3033.73359048 -210.500860971
-1132.46431992 -3898.34426502
5306.22921198 1855.045091
5102.85183104 781.207344702
-1698.61963743 2433.03758628
-1536.05480392 -2489.60620407
3607.04587529 -2349.93723008
348.077898645 2673.14078123
-3726.5860112 -3467.72324548
-6557.69004724 1719.32921052
-700.63145911 5225.41092545
-905.779796039 -4652.69469404
-5587.03979196 4191.70496168
455.862459812 5360.25829105
-4681.92466703 -4273.37725518
-4782.58319013 4980.47656357
925.421280561 -6359.19819703
4860.88919047 -2525.5506855
-6372.79380428 1252.68598463
-2588.75263987 6482.49528439
-4613.10417699 -3944.89218339
-461.191081279 -3063.47566432
-5470.54165495 2283.00450323
-915.522401168 -4333.10957561
-2865.95123903 4625.15148996
1623.27907941 1628.10285268
-6109.51413407 -1108.55153452
-2304.60070322 5240.57376819
-1233.29184905 -892.755390521
-3381.87082685 -2487.38565371
5061.11870213 -3338.01497177
338.530744895 -118.80241522
-302.332769001 -6037.04592326
-391.286476154 -4734.84236841
-5586.66439406 1906.28685091
2651.53774337 -5033.19052991
3015.00713061 -3276.09514591
-2633.55163258 -5994.47696993
-4945.31006739 2050.08360693
-2118.74943539 -646.60569783
-5992.82029011 334.199984204
495.470243091 -5017.69409662
-4824.00043482 -903.598094883
-2972.86468963 -4815.30159241
-1208.99902166 -1694.45329881
270.84008452 2317.63422106
5860.13360172 -1795.63074236
-415.449684486 -4105.80414002
3051.14596509 -2672.46092317
-1763.05773105 4498.521319
2058.68656176 3493.99962424
2708.9375955 -1295.75882691
-5061.91907037 3826.56826183
-3226.21874899 -5593.38790444
5251.39832443 1686.0213856
-5531.49595225 3324.90097018
-6591.31504701 -917.778816183
1195.461747 -5561.57909754
-5433.93025919 1406.59366147
3015.72439081 4062.41175793
4197.53448523 -4983.04401861
2863.81281557 1900.93955692
-1253.95346384 5800.04434817
-5349.05415699 1742.77955799
-1194.66746008 1988.12453534
5937.05327605 2611.85831464
-3721.04463812 -912.22880342
2041.22596722 397.920155258
-2364.71048503 4905.20125716
-5441.98658537 3311.0198414
-1936.76216592 3821.84488571
-5247.67651747 1920.1321227
-1624.54212082 -5508.48239226
-4775.12094464 -2200.21541235
-6085.52109618 -14.2201323465
5570.49045282 -3793.79780988
860.159612124 -4363.92118259
6587.54658153 -91.0773131915
-4922.07626515 -839.36247111
-5549.18262798 -319.667096034
-5201.64113595 -587.381521146
3472.9780478 -4390.06620017
-3459.72686069 2620.41076156
4151.80199665 -3592.07693378
2225.31537087 -1011.15377821
3879.56441383 455.869693138
-4149.82428958 1076.81556402
1450.85571954 2108.00738766
-106.7701531 2376.29270298
-504.905733341 1826.25307867
-474.329228289 -45.5605866784
68.9196021386 -6381.01510024
-3683.65896675 175.159724593
4578.78532555 4276.14255014
-3293.61021266 -3161.98593613
2943.44444636 -4009.98885625
6641.84007648 -1414.36699807
4305.64835747 -2408.74554913
3850.0103082 -5115.21150302
-1324.18024172 3028.7524011
-309.232065855 4582.58275244
5761.3869187 -2133.26973977
-6427.88564525 1252.23799742
-3019.66123535 2389.10090574
-1896.48004669 -299.467128844
1647.06472285 3136.25263462
-3175.55919781 5397.52214087
984.533838821 1403.48097263
6726.45344231 585.421417219
1979.93916378 -6013.85054327
-493.42495092 1843.30420142
358.293540896 -1558.58479616
-1616.10925653 -1868.11461042
5978.24571476 -1954.85187225
-1059.55422439 6918.53342623
-5262.03836668 2267.08209371
-6392.32966696 1455.25277678
-74.5085538046 -3848.13589231
-6403.96964265 2165.08148652
-4935.69510667 1204.78698992
-3716.03449413 2672.42639217
3805.5760436 1064.03870397
-2281.24237671 2171.1525713
3315.84855991 -3131.1198071
1065.49178491 144.075396216
1834.16687481 5381.26723887
-3217.59604622 -776.524222319
4453.14427009 -4386.2726834
-3241.92635957 -3450.10178694
-371.100911419 6467.31665232
4070.0406767 -1264.05728517
-2765.14966519 2118.65187313
1466.01724182 -4118.19085354
-5434.80081842 -2816.32116605
-2074.08080669 -1493.45137765
1541.12315151 1405.01550323
-398.963863316 -3404.7464475
-1029.26393416 5705.26510136
-735.402765755 -1419.75176293
2718.32508098 2832.69351708
5981.30260985 -174.635522583
-4917.34191172 1409.98761363
-1449.97029141 5503.94359668
-1899.72333864 2831.16918515
-3214.87104419 -1518.12364123
-2714.89575699 9.42928872341
-4587.35577962 -1481.60679248
-3126.73789505 5940.0373563
-1066.62924863 -372.715978137
558.434217443 -155.33198972
-5775.17042329 -2479.60192346
-3896.56668334 -1672.40877446
-3690.4146752 2993.62239979
-821.402479152 1622.44448243
-3397.37908838 2999.94632256
3180.38091639 5359.17610789
4466.17381223 2282.9320206
1042.85423839 2890.29011516
-245.818922422 4237.30669844
-4288.77190552 3450.69996874
6062.79168364 -2391.97023054
3103.77943165 2640.94184789
-4278.78960816 928.400276677
3987.1062659 379.12989281
4158.56867544 -3875.70978606
6347.08380881 1061.15617012
2142.24700459 -657.978054469
-1414.36658737 -92.5608027753
530.857984696 -165.681902463
-779.888828242 -6915.55413221
2496.37597056 2650.94522616
5469.26577097 -2817.24553657
2633.33916999 5094.70508618
-8996.58774116 4365.93735818
5644.47784958 -3263.37540175
-4933.74390111 -3904.6029339
5323.94613247 -2109.58256531
-4549.7657901 4666.53659997
-1334.34728862 2534.7708198
5276.59544359 -1537.01975911
2681.96104059 2187.56446546
709.38760745 6491.57511487
3359.35227471 -471.355575714
-386.072163438 -2544.48443336
-4422.59779128 3833.45087245
674.677878486 -4106.95740441
3566.94089068 -1527.80524301
4690.07203265 2880.55113732
-2110.36667802 -2598.70256542
5101.58910517 -3740.9347882
-4758.77627501 -326.285108502
-6651.31222842 -1334.13305972
-5294.73496472 -1725.32120946
3637.93142401 3356.31893637
-2774.81946287 -1163.24240585
-3676.41925847 817.43574923
-3670.28859994 268.801640368
4019.74600922 1565.364401
-317.267468329 -4127.84529552
3250.31400163 4596.19681077
3172.12422064 -629.36897996
369.267701379 5620.19359368
-2762.39216416 287.633533306
-2981.03972101 377.63013273
618.001004701 1808.90445205
2555.61823951 82.1529685175
89.0879122179 4224.60174309
-3390.60325875 -3451.38304994
-2695.01108345 1034.96209711
2967.30970771 3864.07505747
1493.43664932 -856.664797457
2808.50895746 3930.50092565
3501.75313588 1709.80487524
1522.19246948 -1603.29805221
-5357.64478814 -3713.77170402
-503.621233938 5057.78444867
5835.4689268 1278.22486565
1978.67697154 -5894.57425828
1884.43412185 -4011.65637502
6495.13204178 2259.2555551
-5173.99588771 -4250.10038308
-102.257335764 2410.67343133
-1279.69157024 5898.26347427
-1458.15887888 -5200.94032956
289.500212455 3038.21297235
-365.450658014 -1840.31327621
1290.7504192 -194.996209302
5170.74608049 3216.8781208
-4083.48919311 -1363.43853524
-1049.92582105 282.818642577
495.053648075 2058.11760347
-4297.72850278 -135.021026177
22.6912981035 -1865.9675764
638.401024369 1600.10397336
-2743.97599376 4681.23124136
-3152.65239223 5913.42738591
1365.60262445 -304.689063551
3761.93099656 4093.26115012
-6080.78359706 3257.02169333
1368.05582288 2879.81050229
4740.61918277 -262.006878683
2537.71789508 886.78735377
-1504.04567607 -610.93194646
501.344181659 6918.59546774
-4774.98007012 -4069.78612987
6118.8089439 709.807036145
2763.63070712 4532.1416545
2103.2071201 -3392.41834222
-3371.39179879 -1162.74072416
3140.76494206 4993.13336963
-1585.64347741 -1691.64450277
-4400.71390715 3580.08878959
1680.69259955 1178.903892
1298.52914613 -6146.97623364
-300.142942363 3377.53249624
1055.86387341 4537.14546632
476.421767836 99.1637018
1785.76854094 3513.234704
-3237.84053271 2285.53834648
-3107.64823535 -3703.53618195
-2079.42766723 -2416.29399981
-376.633486396 -6069.09677928
-3350.33122501 6027.63212471
-6325.63308847 1418.15445994
3393.07834588 -182.094039329
-3987.05240421 4457.36050203
-3673.39862514 -1077.03794441
-579.871227571 -6164.40264734
-4025.06520786 3896.46031541
269.464946961 -2901.00126556
850.231653009 4661.28748256
1646.08797773 -1550.28674012
1538.49874293 -4801.58101326
2964.09425811 2090.10980223
-254.516734584 -4430.48088665
4297.20268006 -1493.66779574
1888.30837866 4662.99986802
2350.73492219 -925.222898306
-1858.3617577 -2793.48333044
2478.53435958 -2126.55756258
-1479.21471649 17.9642233191
1725.39994546 796.983677562
1669.83304899 -4170.61894679
-4271.67914573 255.289810204
-4335.80181702 -2938.50199009
1620.41478077 -967.953169588
1309.26213107 4595.31308266
3518.32148526 283.463360793
1287.59758048 3745.14603927
-6084.22490863 -451.431095942
-4318.3678894 3065.77781092
162.511847955 -725.46900301
-1197.90910314 -5351.55740907
-493.162022632 -6797.98051806
4997.56223744 -3793.92791274
-5319.3299554 -1864.44950041
4596.2883447 -1337.93775928
3498.54003643 239.159884848
2478.98011618 6386.35987471
-2780.01479668 2200.24635277
-240.676571565 -4552.69014686
-4005.21093108 1835.92397726
4053.53650718 -3656.96763182
-524.13591811 -2994.03736719
25.041292101 4402.89344552
-2202.8059052 -4892.88854332
5731.45328635 2542.62025868
907.46563484 1366.83543561
-9741.46876196 -2259.15611674
-4643.31636578 4721.76313433
5001.90449097 472.361964565
5018.62453299 930.881531791
4022.58428353 -1876.16879511
-3927.547661 3740.39441221
1369.94897533 -5898.76678668
3431.48325086 -3326.54457773
5949.43486538 1146.43119248
-5454.21616997 834.321222067
6153.65022892 2573.8713156
-4393.9432954 -3230.58819053
-2303.43554215 46.4498956792
-3019.98790886 -3493.06473162
4815.93072942 1265.65689997
6194.5530589 1226.96456084
-5146.74143858 -197.366625978
5559.68958842 1474.25872004
5583.64416277 -1016.25003385
4755.830409 3574.13938705
3357.03021922 4704.18212348
4135.72769874 3922.13669418
1773.1543856 -2480.03074089
-2516.39521895 4924.26690422
2422.72205596 3210.03833781
5374.17627537 3802.13300977
-2570.03580828 4972.67247121
6487.34117716 -1361.0682362
-3584.64980354 -2873.9575654
-6397.18784447 -1961.03009315
2311.32301594 1209.81922934
4424.22565803 4940.57114301
-1207.7106718 3909.85374706
-1285.60198616 -2027.78950869
-3937.57963973 -353.466085236
4311.69051446 431.155825787
-4672.22865616 -2656.38381203
-645.538411298 -1416.61841671
-4613.73013827 -3152.08881337
1272.07504108 4192.39054142
-2219.50213918 5591.68666737
-2413.89770696 4254.23420988
256.074750809 3910.29416886
-170.794639141 -4643.77158558
807.575916067 -6621.83212886
-5404.55465856 -1450.08769329
4861.01156094 -333.012709839
413.51658529 215.086812479
1527.00842614 4247.08497788
3182.30492228 2049.71371151
-883.948036034 6368.71273185
-2933.66906972 -648.03390889
1753.43108507 -2004.83976877
-2270.59105572 2948.93112928
-3267.89695913 5435.42002833
1349.69021297 -2600.10374294
1040.67050816 -725.757559263
-6072.65339848 -1534.00835508
-4636.64021185 2329.94330498
802.400223098 -3256.45236364
2679.10635873 4780.73362272
2786.1573556 -2283.98486476
2741.21636184 -4966.21816872
3316.30774475 6162.74361176
113.412173965 -6619.30685726
4199.37783727 176.302394853
-934.718935766 -695.868599674
1082.3356234 -3866.44914157
-3786.56012587 -3609.93408725
-672.696481688 -4597.20122665
-3599.31409708 4884.52001607
-4057.0799134 547.459304518
5996.58429858 1206.30991215
2237.88616281 971.233513726
-2195.75876096 -6135.13536564
-3990.03313821 -759.186177014
-3672.8341999 1181.32506177
-6525.67365022 -185.926977334
4203.78815117 3435.27367363
-4840.5358421 -2817.02778354
-2908.86838202 3442.36050196
-1126.08730296 -1215.69620609
1908.17670504 4354.42841342
-4254.85603787 308.598792765
5899.58799826 3064.42643698
-3376.34481959 -3450.03646791
4468.98168711 -2631.20777325
1045.10256531 -2552.36545908
-3931.14898984 -754.677137224
-4561.40679669 -706.206719815
-1157.88089826 2397.87958578
-3130.24794116 4458.34140829
-2339.88419226 -5235.12783642
352.555369472 -2477.0478747
-4410.9643199 132.638430463
2614.76194427 2227.2597064
5005.31414788 38.5942466705
-897.649694045 866.228500393
-3066.80586757 5231.39429343
656.536331941 -3673.90326193
4578.38412308 3152.9547911
3396.72817029 -5521.13790891
3361.36355779 -302.320657072
-3749.20415184 2548.43764601
-5514.77212554 305.598747665
-6795.51074092 65.9679649803
-1630.16719604 -3152.45513464
5482.18991583 -4169.09824201
2479.37714827 2563.12611378
-4706.5538803 4530.25603264
995.431758148 -3282.00574131
-3752.14708612 -2630.81975273
-5964.65007598 3203.26127892
2154.51012208 4248.68077407
-3717.70899415 729.613420772
4009.7046401 4891.5212161
-6431.579485 -72.8468005622
-2188.28234131 3122.58407235
-4883.77413063 -2854.75120933
803.39322925 -6233.74444059
-468.347207731 4395.86842119
735.006511538 -4350.93104259
-298.223849511 798.271093219
-2331.89904856 6432.97816451
5678.56768102 -3594.69358438
-5045.61010421 3353.77331469
-1031.74294449 4988.44002681
-1215.91955092 5032.80729141
411.748491988 2937.25908703
-5243.36938163 1841.51078314
-4691.80971697 -4409.05929211
3092.91667612 -306.927883593
-3640.49119155 -3082.22550164
-1875.5227672 5675.6655674
-5459.15341647 1520.34315969
-1857.2882655 -1134.40368877
-1310.1992885 6686.83651926
-3194.98848838 -443.251635359
650.408659012 -1989.22321464
5516.55917385 -2386.57135725
-3555.62774814 3458.03361792
5661.13312763 1508.01528534
-1030.57591656 2931.00059125
-6295.51549645 -2872.58785163
-4987.47193432 -3753.43526437
1553.12671695 4331.54804438
3786.21082504 630.229747663
-1693.40498067 -2821.51549763
648.576565276 -6817.5626702
-1862.71139065 5091.52004055
3211.92087574 251.386585116
-2059.65533125 5947.92317275
3747.02594496 -4007.68152305
6610.06198756 -982.463287909
1785.27336597 3781.98409776
2812.14036258 -5719.1473788
3570.61366352 -4636.52302331
822.696085669 -1193.20197863
-5581.9512261 -2138.79967822
1719.26392333 -4308.10140239
-1167.47479968 2946.61637221
-2147.64379052 -5603.38009637
-1205.40683559 1135.59663911
-2801.6251742 -1099.905022
-5584.1482339 -2917.62866507
-5587.45011693 -934.813162286
-4374.1435229 4037.01694325
1327.05154777 -1521.55495265
1257.80378293 4221.31702279
1116.39059159 6331.17305463
-919.026859927 -891.011100706
-4043.52898438 4625.49708932
2144.46470486 280.392994181
-2312.29278564 -5030.98231722
-2434.49172179 2416.29720302
5149.77454993 -3194.31433068
-3404.92207129 -1569.27041141
-600.205281212 5721.26133796
-2564.15780865 -1837.32520726
-1848.83688291 -3592.89051864
2086.99030502 -5511.05977601
153.235754599 4600.4813298
4042.28478868 -2206.78816004
4506.11960672 -1413.48154982
-2525.24894881 -1695.22549953
2839.53282829 3462.59047291
2880.97653371 -66.4785997474
4371.32484123 -1427.70538033
-5275.58802901 -1115.22938443
4304.83559864 1469.30393765
-402.700190348 3345.32369309
3277.28697814 -2060.32321854
-218.586519252 -5113.84109047
-1280.93530305 2811.30743205
3662.45364383 5693.90100195
-570.133234052 -6172.37537271
1036.15793963 6763.94862236
-3274.723161 -3245.47739538
-3528.46301651 3942.29103334
6352.00024287 -999.754639208
-1433.05196906 -3201.54978255
5267.62183247 771.017367028
861.011869724 -1003.90801543
4139.31431977 1934.47769982
-6497.12748392 568.249473798
4636.31818165 -23.9573196171
3913.65857021 5048.35687363
392.861288872 4929.4797271
3404.17686231 -4165.54613625
-623.510049248 1189.28805211
-5717.2182246 -1185.9288658
-5975.19399086 -1449.67593751
-5559.58743461 1743.6130232
-529.618377888 -1724.06745784
5671.30515204 -3.7138840853
4706.70161089 -3415.6491599
-4364.97026253 638.968527862
999.009930756 948.305797147
707.043474955 -2803.70249543
-1634.16701081 2759.52136226
829.534282414 5510.03904545
3886.21470553 -2927.99899905
-83.9234455548 3444.55323747
-3036.47690879 557.273052487
-2223.48439684 6320.50589054
-878.906240373 -6792.32398937
2223.97675671 -4413.75286156
6557.46782258 1056.88562228
3579.09773993 -153.123719902
-376.551322344 -4462.18944564
1499.52758055 -1486.79389005
-1428.1872219 5661.33762283
209.398570299 -2408.48924454
-6180.55526344 -918.280027216
5474.70221191 4308.36088394
4111.81537572 3209.09085013
-2205.18928962 2967.02572333
3808.94981832 -5851.88584722
4141.59372099 -3829.65432485
1399.06258269 1276.09380382
2360.09237761 127.368805857
-1776.62703988 -6556.8475325
-2231.3948087 -3007.75877938
4262.15279876 -2971.40929522
-583.164397426 -4111.3514614
4568.44343654 -4740.57563702
-4374.21895148 -2699.03474102
-1823.88393312 -3007.2561701
-2727.44047917 1929.28199755
4363.59985695 -4201.84124677
2123.44526452 2123.69525842
5005.76255237 -382.835376384
3865.44085884 3840.8615958
-6003.65522621 3530.7922802
-3303.66724698 1104.06357602
-3278.75158729 3642.00589662
-3581.42427986 -5391.11244828
-3845.81841742 -5029.82202059
5898.28864856 -3258.46198459
1562.27401009 -1699.87575896
-1409.12680774 -4020.82254651
-5412.29389804 -1279.74278532
152.846401828 -1883.49981176
-4492.70907882 3921.3288506
-4174.80307148 -784.022328974
4129.86076679 -3939.26234363
1015.45115395 -5296.74936921
-901.402358323 -4511.57626347
-1996.44049015 -1897.45559277
-5724.31277635 -2368.87028867
1294.66300743 5631.5460717
-634.345911816 293.107337809
3502.24699649 -5354.9144026
2049.47467642 1993.96000224
3127.55876957 235.186574396
962.11815959 -4545.11728832
3449.17834803 5675.33828671
-5204.46782264 -3371.21344757
-804.184327323 -549.960239565
5199.00849408 -3633.79510568
-1937.36789898 -6041.23103811
4916.10451326 -2665.76201684
-1274.48895214 4561.41463006
534.23823222 -2749.24477006
5200.80264773 -1534.82519291
-1015.50897503 3980.34785765
-1701.72548103 5306.99175188
-2797.81023418 -4810.38980895
-2967.66589401 5808.76934356
4408.65941073 -403.799511291
-1552.90337631 -5932.00943614
-2982.43371559 -4278.48363854
3020.27167635 -5946.1136577
1298.60162314 -5019.5821522
-3895.75791325 3888.66667617
6326.04040435 557.350514337
-2367.63741271 318.167607611
-1010.03701976 2349.52068554
4869.6515789 630.770989742
-3437.22436517 3108.85192476
-2943.53992638 -5201.17178714
633.899152425 3867.34808075
3193.82428612 -4634.76032057
-4826.88152043 3693.06827199
-1398.39667227 -5418.58425591
-822.825253009 -631.942178005
5127.52690177 2330.20391275
-3397.2328349 -1037.65673051
-167.909386266 6276.06938148
270.114495258 1475.21315737
-587.244186971 -4161.30176429
-1486.52820367 -2695.1163154
-4573.93484992 2648.46641383
1650.22093506 6077.43153712
1033.64398632 -4687.57953711
-2051.10596061 2262.63770061
5141.80726097 2095.26134458
4583.50594456 -1665.0846773
5058.74488425 -3142.18971742
-4399.93777259 -4993.72052279
4026.49703162 -4762.65146113
-2528.58830286 1130.95627242
4606.98672947 -4789.62380902
-978.364649484 625.36202284
997.991959006 -4580.71254194
1624.36991254 -47.1798235072
-2601.76433153 -1706.09003391
-122.248998107 -3582.18451702
-2812.28568183 4660.05253946
2049.37919676 2130.5695506
-1111.77892688 854.357494417
-1193.09235674 3930.2370745
5349.06245448 -1449.17010167
-61.5957753931 -5415.98923988
2647.04786836 -6306.52006575
-2690.02885099 2127.91332544
-5026.2137481 901.977941995
312.299749199 666.974804693
3428.08178591 3972.73127525
-2788.25015769 3995.89137929
-5291.33537075 -3655.19401116
-1167.44278424 3157.15474405
-1645.14261664 6192.14329259
5118.87267086 -827.902920308
6255.38946655 -505.572394033
2998.89593843 -3098.24588385
-3939.72097427 2739.13052538
-2086.55362934 4448.4352345
1681.01459773 6340.7556733
-3349.22294412 -6112.07771981
-2174.57655954 1881.6474896
3861.46115714 -1528.6865505
-486.592853139 -5905.30661381
9959.09685123 -903.542975107
-5255.84704234 -1927.42565537
-1453.09386236 -5728.8136503
2544.34520345 -4838.43373665
-1494.02700439 -2313.48070701
5988.76210654 1727.52002416
-2455.89299334 -1542.97061122
-5967.53649032 -1505.58796834
4590.73159688 -506.612496748
-3905.33551958 -5621.92210383
-4728.74889547 -1561.57332645
-552.666779419 2248.19472153
-5294.92702354 1199.61465037
-1231.58802598 1857.50676091
5613.28208784 3308.59497306
-4369.59730198 -3722.56534347
1908.47862267 -2373.16121845
-3046.75501625 1447.37202046
3126.89414761 -5912.54537956
4093.57428819 -5591.11043111
-914.220205078 295.396353134
-3229.5039293 -4257.81775098
-2863.10010065 -473.198184072
-3844.00553113 5267.39503311
4258.59827781 -1564.48326481
-5587.68265872 2895.2148374
707.025583326 3932.11490009
6421.33437737 -1669.69192215
-6595.00905088 -1882.20524561
2211.20756949 -2369.58067339
-2396.51544383 5983.21408257
-1049.98444465 -1214.49754062
-3232.02743723 1684.3271159
3270.24099496 -1910.89012134
-2290.66315771 -2634.46337639
-1920.91297164 1463.67345599
-3427.12384504 926.669681093
5215.46538344 -85.3335654549
1667.02908566 -3661.75769054
540.115804174 -1452.46898469
3941.88383721 -4600.70717502
417.615680315 -5101.00732313
-2618.72332647 -4821.7245856
-3795.72032374 -261.001765798
6331.32261028 103.078939328
1499.17465157 5353.71458841
5031.89181429 1177.7548704
-2234.58097152 6357.81763042
-1022.66112614 1413.35116356
1023.36126755 5053.09631407
6138.3713575 -110.113370705
2937.90618773 -5053.99805029
2008.72043136 -5414.02485413
-5964.41061475 3395.94332954
-4548.60597234 999.631259832
3918.97955995 3771.74243422
-2695.36085251 -6191.22817903
1405.39299238 -2454.78618841
2228.65593688 -3056.217482
-4442.2853117 -4759.6820333
3952.62148819 842.878322964
388.625273513 -1502.19478962
1960.13840607 -5574.52717469
3285.93556469 -5980.23147168
-3007.11346877 5328.54731039
4340.14628287 4393.97757468
-144.205421536 -6315.78302532
-1069.84831053 -175.19383177
-668.050227369 -4197.96812294
2493.35682369 -4818.96249857
-2398.91246268 2036.35529566
3813.7725669 123.855943579
1259.63733812 -1781.46600468
1507.38697155 -213.34290678
20.7145177544 -6846.57401109
5944.1657872 3342.62026762
-2635.61444234 -6282.06106954
374.783862017 -3976.1107199
-5769.71701721 1568.22397521
1342.50935182 506.612723692
5607.35869551 -2703.45019264
-5216.60495762 -545.927828371
6233.68309505 2016.77160574
4017.64714747 -466.66348932
-1263.25967951 -2822.46665636
-315.290999653 -398.309675867
2966.68012232 1084.31722176
6761.06018193 -254.773173946
-1180.12873663 -675.353946999
-4537.21648092 3162.21932452
-1929.60410785 5460.68716965
1109.54163503 1119.65251193
6333.87957626 1940.01491313
4444.09786985 -4242.21681769
567.437130702 5662.16828407
5083.73347517 -123.295640226
3137.69064804 5489.52841342
6191.8432505 -374.711177629
-6007.61217057 3183.10795533
5126.6492176 -392.468452313
2212.34332241 2348.7386638
1672.06415599 -4261.06336024
5565.27257189 1149.96649698
-2543.76961582 462.371205473
3629.78522843 -280.605599275
-1164.04851754 1686.38256406
4923.55506845 4194.94627727
-5255.65159174 -1604.56049603
3910.92317262 -179.840761157
3670.09813896 -4544.18584633
1260.91711827 -1826.25650884
-4570.38310415 4912.92706534
3258.38904313 -1503.88465166
-372.476002679 -1344.66520396
6528.96574058 -1614.15532868
-6780.24520235 -858.466562537
512.961173118 -3030.55314072
3695.69592805 488.999669535
-2153.28112038 3503.80715891
-3688.72216725 -5273.36524607
2186.27908227 4437.84452488
-3991.39679805 4793.82475174
-5622.14764106 -2987.31477298
3363.98022453 -1659.41218814
-2595.84621685 1461.20222397
5968.99267357 1219.1129029
-936.318329176 4319.30259338
2966.74366598 -3274.4300437
1384.81167281 -5173.33996823
-5069.50149276 1416.18652041
2248.81214885 -4453.91125748
-2318.15284182 -2140.572447
-4070.63188184 -3086.15135571
1894.21345252 -5154.32804456
-4947.524503 -4949.9960458
885.015850599 5088.04680408
-5045.91665675 1561.21566312
-5565.4766376 1777.22892041
333.292687878 -6305.68795919
-3794.35762625 2378.38335803
-6049.03714349 -350.469856358
-4670.56079845 4996.70433176
777.658525742 -1276.39105291
3685.27849794 -2718.47194797
6256.17216794 -2199.10889361
3120.46538116 -407.516953105
-1046.11648758 6588.80818129
4993.54546952 -400.741976294
-4770.18168963 3672.2926953
-6150.89280747 -2833.42026622
-5290.36557499 2120.7023144
545.311685417 1833.27213907
-1919.51373744 4940.04623353
246.185131163 1355.0546005
-3907.01021175 -2924.69221638
3732.06716322 -852.233856329
-3999.22221878 -3023.72441701
1804.99958851 4712.06943186
-810.716955612 2849.35086235
5451.24892512 -3856.62337091
122.320073028 6795.78467044
5153.9092083 1036.94724901
-5600.67121942 1461.56524856
4980.69956849 1738.12929288
223.500422289 -6010.05775997
-4016.57187717 1197.88442873
1377.36514196 4641.2915163
2289.59663886 5712.97090974
2500.09136781 1128.25511603
-6236.06132922 -1063.88384864
-1760.06269832 186.735156132
6092.87941671 7.65411023721
233.620630641 2726.9300119
5236.56085275 3793.10327222
-5498.48023177 2841.23596667
1477.84611483 6049.56633487
640.777349222 -798.136312429
2894.50060999 -4620.32438796
1419.55293363 1979.30715347
14.9270776655 -1743.5141926
-5854.5585213 3033.19971174
-4600.40218716 5227.12847471
2173.80265172 2089.67346444
-4094.44585371 1707.12644937
-2520.88330368 4093.16358377
1880.55114463 1217.12525191
-2158.08802061 -753.144783598
214.354602131 2773.56320146
-1453.37960936 -449.305866024
-2265.95965736 3417.0658228
1266.39335881 -5128.31814405
2506.27251118 631.83402013
-5908.92521654 2766.02385478
788.520771311 4833.56366241
-3328.83246346 3452.43611768
-2454.88249051 -5171.9514865
4422.8978841 -2776.09208971
-1614.3403518 -3991.17750506
2881.62550447 -3822.27110421
-2416.50128966 1869.17303177
-4857.49619599 1562.30620579
1533.95093263 6331.5849104
-4307.62657023 -2886.73709463
-2237.33161667 -1048.27748318
-417.971104954 -2636.79492706
1597.67426891 -6062.48739103
-3833.58875541 -910.314323377
300.556856856 2773.70381583
3551.80473961 5909.49322649
-2288.02691704 719.737604388
-5109.64843633 4757.71184138
1776.8430025 3652.5914434
-3824.01048717 -1795.93470277
-5223.33245366 -2618.47653809
-713.003091719 -1740.91492628
-2468.73894482 -2939.86063697
4482.14893179 3780.04651573
-3097.83286884 4966.33353327
5696.6956967 4044.78305631
341.90949802 -1903.98950256
3096.27208281 5484.64523236
-247.082443773 5918.15713968
3067.11230177 -5752.68794867
-3659.07230673 -138.026265719
729.229245887 4093.5426384
-3983.0152413 1363.0598258
-629.437024793 6445.2014071
1916.39383803 -5971.98739366
5381.28576813 16.5699080963
-5615.73424585 -2512.45607965
-345.54439515 2058.16416018
-6660.1925707 -1565.26983021
288.987661233 6119.20733037
-1316.27925785 -2695.56889697
4393.19381982 -4053.93293509
3173.92999248 3661.15599603
-1367.3461569 5359.061462
-4465.36928542 3895.57177077
406.621165733 2540.52733323
-1383.15770033 6169.86679237
-1684.99128768 -5610.50757263
4377.91051328 -4203.31678506
-5350.76977235 -2268.55858441
-1935.15717074 -204.820487527
1943.97285426 5417.02890852
4264.2118571 4095.61138779
-1328.91748035 2130.81621056
1747.57789327 -37.1193523246
-1233.67514881 3588.94202635
-509.620730579 9987.00589321
3851.96488966 5376.19467308
6343.37423664 -2910.36318612
-1574.58091867 161.73465568
-3913.11507623 3107.75949153
2571.44482225 2474.04084317
-765.676004769 456.09319639
-894.040363051 -6445.0344151
-6884.11239854 -37.9154792391
-5314.18254681 -3493.3387889
2085.33056173 -3749.9312832
1676.92470248 2338.3173841
5324.44183402 1931.73765753
6724.93189155 -952.916341983
-4192.67370976 2039.41102757
160.959217534 4457.36219749
794.616714548 2592.46847471
2723.14951758 4008.88470985
-2114.27310649 3856.23625233
1188.30861421 6042.30666625
-4707.44265551 162.218753344
-319.554146825 -284.459756594
4171.90113217 -2544.69055162
189.023529687 3591.08540889
2517.36692606 -4428.49448862
711.327497058 6899.57775378
-3611.86028871 4505.53446568
4081.40977941 -5403.25210563
-2635.42417548 2984.28688473
5899.39764546 -1274.83386982
-3395.00176377 -441.556697803
-2505.68417972 4069.94305107
3114.26397047 -4703.56225534
-3349.15695396 4947.76252528
-6130.33624998 2422.41443292
3465.44143904 -1180.47228222
3195.76511649 727.766422342
1799.50070679 3326.48623867
2621.13674313 -3365.43291146
-118.264543941 -4999.36652122
-1835.48367256 -2882.51827793
-4119.53367373 3871.15650045
1680.55718039 4493.18960884
-343.773232301 -5245.63163789
3630.3095211 -4776.53943353
2187.25902909 -4337.11262828
1961.78016471 -3471.85581668
5365.10766822 -2897.8195032
-3740.67716413 679.33229598
-93.732631533 -5778.55277523
-1943.55927092 4672.59868095
-17.3019462115 -4061.77399451
3081.6984705 -503.949876437
582.975919237 5493.48791297
1538.78349854 -71.6990696288
6720.4808416 -945.526587383
202.146371226 -6950.74902349
-3007.09124936 5659.31033581
-383.295355214 1241.01514478
-1303.62421545 3636.7651974
-2785.54483898 6085.1877478
4943.24137027 -819.321442614
-603.014130432 -3293.35140691
6058.02360831 -2658.35755351
1472.48138577 1625.88453096
1989.92023988 -1058.7049873
4843.73328603 4167.63064424
-897.576113167 4177.64149731
-4193.06898883 -4016.09890086
6370.37086939 -2679.76266927
-5074.78621946 2984.5791573
5634.89259472 4113.50325561
5753.05846041 -1215.07419294
-5531.67920827 -1815.1719039
-4861.16534898 -3492.00935654
1634.35010545 5827.7030068
2602.09911135 6190.39488361
-3598.75613862 3528.11120626
-4101.79590339 -4967.69504724
1421.79105678 3689.98145426
-4050.4712977 -1927.32183281
4934.22230155 -1708.27273668
-738.331095391 6922.3291824
2716.6332847 2008.1614757
-1278.06306708 -4708.02947796
1862.64889897 5693.11459386
5004.14981739 -246.665145156
-5044.7251333 -795.73059321
-5776.61295977 2312.64853812
4531.63307859 4562.43944999
-2976.5254339 -246.369213221
457.0993686 6344.86087326
4802.81003361 1498.81462306
-6022.89263578 -2466.7162291
2607.84084695 741.975551972
3568.94915912 -840.853231065
264.656499151 4644.73248308
992.396489141 4314.94975111
-547.873657172 6043.13290772
834.979182957 5920.86032075
4264.65979584 -535.678670048
542.598901081 -4622.37948683
-799.646925343 2648.77121659
-3594.10156675 -379.631548813
3861.14940924 -2162.34672973
-4660.51946798 4487.09484974
4467.13097927 4985.02078927
-4417.29124077 144.041098638
1027.53430747 5565.77547283
-663.503201589 5380.60940673
-6862.93002723 -1129.80835784
-4591.49962495 5070.51634245
5499.21551791 -2092.47880516
-2261.79526816 -4113.65722668
-5851.34673812 -776.621081155
-408.077418548 -6879.50960276
3167.31767476 2950.91953971
-2940.63461322 3494.04264135
-4070.98488034 -4935.16069169
-2939.66357171 3291.85880063
-648.443023154 -4347.09504035
-2943.4944824 4252.73240799
-3227.93881584 801.957210531
-2990.9631805 -2846.58642719
-1908.77083241 -2662.26015182
-997.58270738 -4846.71313282
-2568.91634922 -1690.6087064
567.91859966 -1015.3373523
-1398.75348161 2603.32692605
2808.45308077 5833.43747461
-1578.43630635 -3252.49520514
3695.77856636 -1267.11035489
3001.15915891 -3731.68999434
-3854.70131149 2837.37034114
4953.32294157 3143.14967878
-3757.40718135 5195.89947378
4254.49739911 3572.79005847
4274.26911828 -275.022423022
144.270987319 389.161257295
-1358.348581 5173.08886872
4144.36338236 3547.00235841
-1912.07109437 5582.18468538
6266.13513996 -1477.19450352
-3315.31111861 836.067336506
-620.013686765 5562.9472262
4341.49109189 -1047.93107588
3273.11177578 2250.34811186
-2148.32839877 3705.00467406
4711.87301123 3434.69256019
4267.23028582 -4231.5893308
6901.37116626 137.762948462
-6562.27298268 -671.8221661
-6614.38100458 1802.22100696
-4623.2424165 -4426.95368784
-3092.91658846 -2419.19889721
-3572.74594412 -4686.76659147
-6063.79624937 -2347.3127975
3301.68788935 5750.27219882
-3376.79093686 -808.169837053
-4023.68990155 5317.79996281
652.220028678 1979.23296884
-2878.99402775 5382.87694593
-4025.85740222 -2598.36217222
5662.56589691 -702.616386216
2586.32240696 -1684.90500331
-5219.98462494 2567.33243988
-2982.57890104 1455.37817082
-1015.0113946 -4662.66967723
1400.72620056 -1812.97370013
3080.95550188 -1114.18851459
1233.09691403 -4159.45297364
3455.07795084 -5421.4521066
3754.85924111 4943.27175887
-2809.60866365 5161.84455496
482.897979922 2233.56744338
6558.15801246 71.5619439024
3905.17812716 4621.75162306
-2669.35121905 316.140170082
2600.29939479 1751.58988065
-4427.551175 -1275.26499916
345.585258085 6500.78983199
1905.29477506 -94.1766134629
-2658.34434258 1341.10905486
-3049.04360262 -6152.8375747
6201.65018492 -7.65873855686
-2115.15294555 -2460.43626492
-2069.02940528 -2236.92547679
6702.75744738 1540.39344318
4602.24647481 4635.1050426
-2872.92267574 4213.73868098
5056.15945668 109.328257426
-1681.9380543 4192.58676752
-3637.19371534 5044.74581814
2992.05487572 -904.451442395
3172.88363841 -4893.05537297
-4772.83363111 2104.82717293
-2353.80321782 -6335.54190551
3743.20304764 -368.58176087
-3830.57058594 3975.08700246
-6742.82145765 -620.995745067
-1318.55864681 469.696482085
1980.06595749 1485.01807578
-2570.09969608 -6073.44140975
-5783.33414004 -289.813059102
6289.30563311 -858.131865634
-4553.60077869 -2982.65578259
-763.564233076 3601.12967184
3294.67410988 4289.24092106
255.231082561 5501.32298288
627.428099172 4508.50159674
1228.60348982 3596.53879371
-5236.2713629 4318.75515168
-4029.8761218 5097.23013778
-3714.87594517 647.379471901
878.261125293 -121.53642014
-1432.345165 6097.08466332
-2200.26484504 -6047.79135659
1931.06091839 -5831.62833937
-2767.4565726 -1052.5920862
-3306.3176785 -4777.54579392
-3932.41910977 2672.15211853
572.204154032 6058.10614842
-2987.10862406 -2964.11983593
-3901.3465054 1902.53905241
2.81400785827 -1521.26964238
6033.06267422 -3540.670161
-3472.44502513 -673.163856782
88.4515095708 -1633.01170363
-4622.73708166 -3423.12420056
116.927800464 5652.41546506
-2910.89471841 -2523.11700586
2571.1014692 6135.83091905
-2830.02402626 794.14858516
-5759.27678919 -96.3514751169
4980.94436624 -389.94077781
5828.18122857 -2624.46029
-3302.71617157 -3285.21309563
2278.50723508 3189.95394435
641.336893603 -3143.15342866
-671.45995272 -1847.35513653
-910.692485595 -5980.9166983
-5714.69015175 -230.224218294
-931.539015443 4909.42158194
2733.21150832 -97.3007276832
-1854.50457277 -6270.51670449
2659.7934531 5178.81810658
-3015.35762533 -4930.78505351
-5280.78074669 -1805.06860539
-568.246735167 -1149.39969823
-5144.29942315 -1315.47564794
3529.65581877 -21.0145075989
-5435.32581561 -453.953419683
-1188.71435433 4985.58950919
2600.77802931 -4625.46629006
-6352.95653694 -547.766183152
-775.270078793 -4035.32963008
-3452.98897052 -3690.88451886
3561.51523351 1202.47223444
5042.4783248 -1938.59280942
317.455726212 -751.372169149
3951.11755252 -1571.52185185
42.7575544464 6688.74556345
-1934.57830524 4467.59809434
-4107.58451096 -5381.96523792
-142.653674274 -432.25917291
504.338049586 -6385.60281419
-204.252648566 -5249.00322296
4674.365304 -4678.48824771
-4698.24363442 407.029511354
-2757.76655131 5233.22835876
2220.2371805 3910.26629908
-1219.56751788 776.04480654
1658.72408011 1489.49827903
2496.14648574 -107.587642263
-3049.93677835 3665.08723998
-5475.19281128 -1112.53506875
1436.01623541 6010.0805194
4875.07074877 -1267.10872196
3254.93324 2192.02692517
4480.59913489 2390.29097995
776.665870094 2746.89143535
-1193.91145449 -5675.77933434
-2299.25856179 1461.92075544
1020.69336931 -4715.84152662
908.2900068 319.467785218
-2605.70077043 5849.05032431
-3950.38994904 695.199989237
-4684.41692101 -4311.34448968
-4308.69300334 3604.66735766
-2273.93445312 -4535.7570572
-5942.1842014 -2148.77044327
-4583.48581343 -3358.40560263
-1360.43463814 4869.27087297
2419.81030876 -1381.83698024
5170.66318145 3219.69491939
-6311.61290328 336.220222189
4283.16376345 2454.92762828
-3155.98982841 -3181.05757533
620.737188754 2055.74516866
2520.67909707 1135.96448546
-4655.97876318 963.325432962
1926.06066261 -2569.89814424
3367.60091353 3728.33869063
2400.14601468 5060.28458138
-5425.55817813 1025.05422122
-836.014945699 -6304.9315395
-3172.67479349 -1253.61509246
-2043.81880225 3670.97314369
1281.74823887 3118.06668435
905.442602401 -4301.99432726
-5635.46882055 1361.70456228
-3341.2247751 -149.836923502
-1997.95045226 501.11516392
-4618.41108614 -2295.3640026
816.837258922 5009.14766307
-6032.79596035 -439.876001479
266.345701288 -766.173447156
-855.830071549 5653.10516038
5322.4834049 2073.72243574
-827.323035699 3084.23361212
3550.18274909 -746.584951987
4289.92210232 816.906014986
1010.45704656 -946.025173005
-1168.79678772 51.0725875656
-5783.69188337 -2160.82459543
643.471456834 -1996.09056031
842.818483885 6635.36253622
-2885.95789841 -1537.02086163
1872.17539236 -4136.30578653
5243.97535597 1276.39968206
-4433.1697654 5106.77050972
916.708739184 -2614.14440564
308.995819387 -1450.87359923
4293.92157574 -4681.99130163
-705.314133236 51.9635012477
-81.2663956757 1516.11812315
-1864.55238115 4409.71689561
2759.34927111 -1940.28341711
580.968640898 -5143.75070453
594.143545573 -5528.83133713
4358.76991639 -2447.4501838
-279.379445126 -3554.0121922
-1596.81889404 2279.08170955
1709.39483163 -4340.66808383
6857.79155144 -48.9292595706
5627.67622426 2675.62288072
4442.88715526 200.558898712
-5902.52623412 -285.231733723
4044.13327937 -4871.97588357
-2183.15308393 1233.39904223
-3165.08462951 3271.19728071
-2981.00354825 -4499.72375593
1804.20345438 3923.97883458
3624.6186524 -2048.09379425
-18.7189340952 4208.65305648
5357.67951049 4183.31639758
-4856.80127989 -2364.53177589
-6546.48670044 1818.22888375
-5121.61016023 473.902217801
1273.56769672 -1027.18591166
-5749.9621445 1683.87715374
-293.418169106 -642.208660518
3483.2331229 1585.38734074
2603.46106506 4186.04809681
2641.88231883 -2829.56155672
560.596816696 2842.32538236
4327.12153204 4286.51840101
-1937.55755216 -3264.41990924
-5840.67268642 -2406.1055998
-6772.76020965 -1613.95296786
3159.54305207 3321.27053938
-649.368642765 5575.40405749
197.178856003 -6365.17726208
-1009.51142061 5415.17364665
-2176.34502192 3463.07114527
-2734.7940842 3191.61219601
4412.51208259 2298.82576366
2604.08430605 -5947.09928168
-1478.86534806 -976.891812881
-1373.56422673 -3403.8112808
3996.08392296 -4891.21304062
236.983210665 -2253.72145459
-2501.05954744 5574.62110634
4769.2372613 -2468.06409447
1720.29709366 -2035.88935819
142.116542562 -882.162021977
455.101873405 -2689.1831654
-2295.47429153 2885.5554523
287.627071529 -2212.38661374
-3074.77345768 -2170.28988045
-3587.54004536 2753.50949631
1281.12101747 4357.50501585
4153.08969559 -2774.86753438
3637.3813063 -1779.33992646
-1657.54485083 -1886.42084259
-4370.95801387 -1393.18642375
-3848.02289745 191.725110921
-4374.97521643 -1586.36743494
4901.02174726 1555.84873364
-2823.80641233 -2527.80471202
5737.92488544 3786.54650538
-1390.24518004 -346.501813267
6594.57067998 -2097.12285473
-1506.64608636 5680.90288267
12.7366461365 3742.37011284
5941.12644278 674.200297324
2313.76635103 5310.07126603
4199.09220579 280.21909092
-1190.59206583 6352.23934373
-5365.25779 2863.30518842
-3694.31351589 3111.05904742
-2662.79283641 2160.72586191
-606.501903385 -4145.06471789
-4089.03006872 2336.31208425
760.075813658 -1505.72565628
3186.3223687 4251.09631828
-6550.34739228 -1147.21079828
5180.38765898 2881.82790705
3573.78305099 -3660.0530732
-2219.94695258 3095.54273549
-1475.47748115 5643.4079481
3781.05232111 -315.525846944
5356.15519468 718.13614656
1965.79049433 -3670.61270297
-858.348766073 5571.61994371
-2287.89392388 1653.31653315
5050.08809934 -2102.29035993
3941.83380742 4062.66281013
-2708.8843013 6314.47274433
-1199.74758208 -1661.62145929
3531.94818076 -4627.55767978
5675.41173375 -1964.72274857
-4841.50713533 -520.845849764
3511.46911002 4284.53731579
-845.863732339 -5044.74963305
3051.40100468 4898.81065413
3074.38917858 -4377.663915
-4413.87545878 3560.54484115
-688.009232448 902.080509824
-3726.16845082 3440.05861021
-3935.63193384 -468.779471315
705.34132755 257.873474413
4942.49613094 -2538.68148035
-4691.41706049 1597.25239905
-6440.97013242 -757.321668285
-3538.29869229 -3924.38993768
2665.7034951 1749.98015611
6208.50282197 -2920.45733783
5074.46382031 -3768.32510817
4140.70850759 -4065.17673075
3646.44382704 2801.60875944
4223.76232276 -248.82761632
-1836.96921448 -3363.63425535
-633.023175048 -706.386333485
4070.97696275 2056.72639145
3516.37121094 -380.991198353
-567.309347263 -6432.688225
2189.87957821 1275.98686922
-3621.14581707 -2492.01466799
5512.27960561 -4103.68961613
-3722.95594422 4899.60277038
-473.946934363 -3038.32176836
3911.70713945 -4743.79640967
2611.78723647 -5601.56577444
-5760.39052114 2142.24069711
5472.73141944 1104.50521692
-2555.91959928 2274.92345262
1123.32805071 6244.24787434
2694.31462604 1401.37570342
2128.3420286 2656.6518438
-6447.55793271 -941.594578659
2079.52380371 -4474.40206522
-457.062162525 5355.20781542
1900.9442087 -1858.36115024
-3380.29827228 -4168.64772016
-261.545360938 497.294890352
3970.37405291 749.87065086
-385.232473369 5857.00532099
5651.09715129 3691.4652474
-1644.64993983 6638.86281296
5712.97790572 -3223.80578577
6910.91792214 -874.826560501
2203.00759717 -1649.15361709
1744.71626996 3621.56750455
3243.15900877 1813.40069102
902.636093412 -3515.9479407
1062.52441006 -2372.10971058
-6166.08298037 1398.3213464
-4507.6007606 3167.54484912
6243.76384341 -1056.8681077
-401.034733899 -2385.58948396
-5571.13062137 1873.59859291
-3319.49726752 4514.41089958
-2266.48879685 3061.4294348
4312.27771446 3370.2270241
2524.33112465 -3027.15959446
109.30953144 -6262.50463839
-543.554877373 764.254130549
4443.02548297 -2634.02296835
-4538.45225286 230.846503972
-3320.88643183 4280.39398608
-109.106620806 -4587.10858017
1345.17932277 -5657.86347961
-4312.06965144 -5014.48822657
