2572.15336434 6081.22575873
-1292.3526039 -4766.76656413
3767.60807415 -3620.38453212
2544.44902662 594.303452594
-2227.11913148 6558.79706475
-502.16896857 -4542.29093717
3935.48740847 -1609.04778995
-2858.74487194 4419.33915432
-1863.3370114 -4769.35821213
-9882.3139071 1529.66396358
-1461.72796035 3061.47755137
-2368.85182317 -6367.52025651
-2003.30496869 5683.80638407
6391.36411516 -734.880052537
8566.60101179 -5158.81256733
3655.65275876 -3851.27801716
-599.902439507 6378.74993434
9025.20779144 4306.46308718
4132.18555644 5343.33044738
9795.83882924 -2010.35858282
5248.06812156 1578.58707147
-5102.21883608 8600.42806776
-557.553290375 2981.76173509
-1738.30475401 -6364.80124122
1777.66786901 -5591.08591488
-3310.85289435 1690.53412623
2556.38166699 -5585.95732109
156.448165067 -495.354889182
6174.08682532 -2447.3970271
-827.810239496 -1709.6498322
4683.08767841 -1700.88868286
-4614.45590555 -750.559798414
-8380.27157722 -5456.28520992
2506.22951484 -6453.4067771
-4874.34570735 2714.32125163
-2898.85329847 -84.8044241582
5782.51234237 -3116.59091909
5082.03784281 -660.357237027
819.794015186 -4016.36556961
-5144.25062235 8575.35337665
-566.186382165 -9983.958783
5121.44264751 1810.65126699
-1189.62393067 -503.204392872
1182.35003064 -6332.2004332
4888.25646338 -4602.92598772
-4107.65875917 -939.833431951
-4674.9053868 -2481.26889489
229.83422754 4034.42965767
345.134668604 -1488.50288224
-588.878642466 837.643680638
3179.21985779 -5977.7488238
-1539.27348972 -932.607553862
-1731.42913387 -1131.20738838
-1835.63336287 3085.01549015
2082.84592064 4938.32105866
1538.59495042 -2522.57850482
-1276.72682979 -5109.5963583
4312.49166196 5093.56763704
-4525.91861738 -2028.52437343
-419.764483273 6432.65589185
762.122554989 -967.037578394
3052.08169899 -5310.020498
-5163.25843088 19.2217574255
2756.71357726 2150.59985129
