-64.4969470125 -2522.0408213
-5430.62295776 -1136.41281065
-2760.26049625 -5424.85568189
-3786.92803874 5163.96470507
4454.55271446 -2574.94589943
-2646.75120648 2176.01100043
2762.80589774 -1635.94808576
809.196480917 -2438.73893421
-3164.96911617 9485.93540426
-9914.90665054 -1301.77805751
4269.98675215 -3127.82800331
-3451.71619845 -550.053297992
2388.24305201 9710.62794697
123.411602962 -4861.87039708
-2219.25775664 5128.69488654
5142.05212132 -3320.18514262
3034.62019607 1288.32180637
-3919.4028445 -133.155653833
4200.52273573 1589.8015732
-2792.06878623 680.745294312
1080.74102973 2140.51512747
-1789.00327678 -9838.67202806
3127.01062627 -1762.16164411
6567.92273587 7540.71554533
3780.67720459 5295.59123586
2796.79012201 2769.83933016
2659.52240345 -321.798190426
9958.9727149 904.910196567
-8203.72631959 5718.29296848
5606.33274623 2825.97219166
2227.55772159 -5879.39799946
7604.23345686 6494.27698313
