550.376911384 -5752.80334639
-3174.70371684 2370.2904449
-4990.82496789 -597.798272606
-9996.28492974 272.557523144
-1994.36098477 -5523.71471873
3039.6886798 2553.38914684
-2098.96461658 1756.45319352
4366.53114465 -1298.17650732
200.530898347 370.658951782
4665.27061917 -4967.80224332
893.660815826 4205.67798059
-3710.64181964 -5046.62114313
927.510655625 222.967304547
233.575042841 -3461.90991743
-5032.42765555 4712.82916722
2.74004747567 -4458.67255945
8218.71537189 5696.72867844
-1327.26539871 -3505.00221055
6265.52361449 1222.25108035
-9.66976552799 3019.36303468
-4968.76555975 -2133.46324997
-3020.8311181 1939.90042745
-2221.04614572 994.46648861
3285.47140714 -9444.87573412
-1210.40480897 -806.481412149
-579.881337011 -1566.9499058
-1737.00622913 -704.916052057
4478.58096724 -2341.11373714
-3485.96188339 4502.51057197
1408.29202748 6438.33577049
-3406.3924361 -5231.21224904
-3795.3686895 3255.2903689
1829.68579069 2186.11595146
-225.827555871 3996.27931358
-4412.31503441 -4788.1331131
131.394057059 5322.17349079
911.503869022 -5052.24398044
2548.59828816 3708.1762426
-4678.39764897 2508.25816985
4345.23715751 385.649135556
-6903.58946814 -1050.44184284
1449.97193353 -4978.7686081
-5007.23009135 -4371.82925728
-1214.97458424 6856.71456684
-489.30908842 -5483.3761599
6698.13134254 1739.6251283
3608.17731681 -3333.37547263
5982.02520805 -1904.62917598
6310.29191465 -1778.05628279
-2872.71737657 2627.53754286
842.649878175 18.4227779317
-3054.56937027 -4321.17959263
-4119.27982694 -3868.87953058
-3127.98000693 -3720.18776719
3473.14270605 1652.08111929
619.085845857 -1088.75740318
-5068.87500727 -2491.55984004
-979.214450294 404.370190413
-4667.42269889 271.797040605
-1758.81769411 6403.29396985
537.438450814 -606.206688025
3292.4445445 1001.3746571
214.082550997 2807.03772617
539.020020489 -3243.58413361
2007.17910891 -3723.89939692
-2087.82473394 -9779.62104993
578.757977132 3381.96436271
4563.08321519 478.901187863
-6406.74417026 -114.770762769
4210.38960512 2103.84222946
949.505646496 977.024345331
-2660.07408097 -2954.35141541
3259.91067568 2548.56520136
6214.29941334 -995.621766779
4594.14390956 -83.0818068689
2527.20457303 -6208.22463871
64.2000496893 -632.649499855
-3738.21495588 -5177.99799639
-1859.41097739 4755.47241286
3086.13964073 1438.75691966
1213.55593302 812.648730661
3116.71175679 5769.90020705
89.4920099247 -4414.1019816
302.63342299 -6732.68300806
-2315.54974602 -4699.0049677
267.406902051 -4190.30084179
-4611.86666825 1398.3298799
-6234.36888825 1172.56267242
-640.838881898 -6522.95823821
-2460.8931716 2014.11579243
2337.01496971 -653.755259495
-5347.9175174 -1833.66640176
-6202.81655425 908.828675594
2114.92342576 -5037.07361382
-3273.93123467 2324.33863825
5977.00234027 2697.99473121
2084.43116705 -6365.69205557
6512.20096686 1308.11415019
2684.73985863 -814.953737053
4676.31663417 4112.3352632
3627.29429198 -2468.78690758
-1959.32679109 -3261.95133748
-1792.34236836 -369.06361605
4964.57212957 1991.33492387
-8133.18195786 5818.1914063
159.645496851 5803.27460659
-6427.60941249 -159.854619769
887.338641586 -2795.09214341
-1355.62250965 -6194.43630296
45.8201504931 52.5551827388
-4000.21111477 -2445.0826872
-3376.96604606 -4827.96543226
-5599.70445616 -2303.57984005
5687.63418156 1463.60292084
5361.56270415 2531.16883301
-165.597194677 810.561267492
3090.21049569 -4860.94541787
-555.077822193 2531.1030351
-3335.62213578 -668.940205112
-1395.92396944 -2675.76337466
-485.617449093 253.680785237
-1724.08225242 6409.25297687
-76.3797981512 3458.36142635
1551.32482488 -2618.50276583
-6193.65605536 66.9036181278
-81.9210981983 -210.480938521
1785.6589007 3072.42849214
-1668.91816122 2668.80066024
-1651.95235526 -4229.79234883
-1875.91281896 -6005.45908011
6229.41578099 -2643.60992575
-4810.92633326 -2583.49235628
-5328.93680225 148.29279551
996.34660847 5571.9949345
690.199221556 -6935.60981535
-813.090821618 -1668.59396237
316.859982437 1216.74070287
-4301.03604676 123.675962177
4783.25711765 4314.96186588
845.188308416 1831.43253071
-2911.00070078 -2227.86880485
-5979.948361 -1656.40137191
2574.16142623 -2532.55121466
7775.78763579 -6287.8554884
-2775.94955341 5638.90100854
1130.50627254 -5025.93213985
5068.17791274 -4649.0646452
-6339.848351 -1592.93085252
672.927180059 -584.861155943
-5344.00440379 -3523.45723
3620.47642692 947.588549097
-2770.83013914 234.673409257
6662.81071396 -191.356186616
-2339.29573792 -3883.70941739
4917.86231886 704.401670242
-2743.04530508 -2572.96010914
-1482.64450103 -856.158222834
-5072.21185786 -4182.96950327
-1718.17506974 -4580.26858685
2632.18650913 2034.53974934
-2672.61506441 228.085243581
-6494.59827424 702.35231643
415.807869746 4620.44058859
-4599.48609178 618.39916262
-876.559565024 6655.61533153
6457.00081222 1074.05928212
-797.915867208 4612.19022162
4213.53624099 2770.35705502
4753.90567522 -4559.65444284
4147.88954865 -3335.67705456
-4385.85097214 3695.70369831
-5066.93936927 1161.7757292
567.437922486 -2481.53405472
4618.28901604 2194.06924413
2928.80540634 -4111.62294178
-1330.86589552 -2294.18671588
904.046821697 -6435.72042863
-26.4899495181 5280.51083161
-1490.47436528 -3297.18263829
-4109.97246016 2085.37851236
1068.55611055 -6862.61522112
-2982.66280319 2227.9050225
1149.06277996 4023.53638311
-5225.63270718 84.3418783014
-6059.06345065 227.724587949
4833.82849175 -4959.40069552
2838.82283908 -503.408543716
-3101.58192496 -2658.27575502
1116.52705359 6538.55264071
-5427.74113257 950.429445867
-669.234976882 -5998.42087919
-5157.3056156 -1102.62778882
-3915.65513715 2172.23488028
-1335.46925109 -757.802551691
-268.70038801 5030.89065621
-697.308226088 -3715.15660171
1122.63761023 262.098571206
-1614.07095819 2825.36964973
5732.40621798 3431.8325752
-997.506819152 -2593.95019633
3797.95622437 2195.67012993
-5919.92663248 3382.78093406
-5838.96568128 -3198.04560939
-3635.53081074 5145.96379848
2750.4813371 864.534769324
288.468784376 -893.173125489
-1701.7923128 -4844.11542408
-6363.85319977 -179.330676448
1288.48295258 2436.30773986
4978.69724089 -1022.10726396
-570.372505896 -1321.4632933
4995.12364307 3210.99287412
1379.54162279 5506.47975208
-3900.89265199 263.659969746
919.39998264 3476.08029343
1444.14239529 2491.73225988
4656.93584322 979.312163296
4387.88747784 2184.7753703
4686.99279695 8833.57790034
2860.44491589 -248.255495546
-5574.27504437 3850.98900639
5034.76231872 1665.16328139
1283.438712 -1055.0065466
146.734676335 1309.03375428
-1094.67114631 1339.30304173
-3123.02932264 4328.06246697
-1796.33577157 -3907.13091778
-690.405721315 -1192.26946969
2862.91950729 -3271.31570469
-6404.88391221 -2166.15423571
4166.38565911 -746.041758584
-2319.14446093 -1491.06274782
-1119.45145442 1006.6942734
-1093.88173862 1853.21553445
1009.16584712 -1161.88226192
6117.24006202 -192.753554449
-4292.55388986 -1851.89095873
3824.04442599 -2627.6696564
5365.67125449 -2043.94735171
-4551.14202123 8904.33076107
-197.759901678 -2719.68382709
4458.48804737 5007.02385357
-3303.47873152 3087.08129276
236.975777156 -6179.17149638
-4481.33966263 -5019.24388746
-4487.71317351 4253.76444363
5189.09885474 -431.84121273
-1998.53171102 2695.6032152
-4439.12937153 3380.2976717
-6038.32964735 34.864143498
-1931.71782553 3121.81949701
439.417200354 -4621.55309477
6177.44040278 1260.02578415
-3201.13360438 3321.6930586
-1169.03579254 5027.34688548
3631.74930719 -4971.25477005
