4367.39868761 -1207.03211261
-2780.54282245 -3105.0799549
3359.69484655 -3720.46171233
-1704.29129948 -644.218646286
-4961.75672002 2578.19115114
-5310.31503516 1174.97642175
5321.9216599 197.046094382
-3984.18420896 1808.79968901
-2762.80718144 -3661.91809094
9886.34946442 -1503.36099034
4025.04588302 -3003.15870127
-1696.35558462 -626.294355705
-2611.38039332 -4055.10983729
3672.80747483 -5850.98558797
-2618.73443964 2211.11380277
-5046.47648033 -4597.37514339
1830.94371587 1789.47625167
3221.66465254 -4733.91304244
3348.60625227 3066.77454739
-5847.59171173 1076.21617528
6018.36903409 -7986.19021621
633.526530788 6641.04305159
6501.59960046 -1123.69708587
-4304.5320583 -4950.91612945
-3740.48638756 -5699.30659585
-1929.51213875 -4260.78911766
2262.02685784 1970.78933438
775.513062659 3217.22870864
817.672292728 -2921.07076284
628.23022852 502.377139944
-1115.21432302 -3340.31883522
883.249658703 -4295.27853583
-1977.86276012 1883.41326344
162.228309502 6009.69355418
-1017.9288265 -3790.2691447
2559.65435621 -4906.31685135
790.078945816 -2075.19868474
-1561.74154375 2598.68327503
-1853.57752477 5098.85614752
859.024603811 1931.64960107
6010.53200224 -1944.04680149
-5913.35387905 1506.97050317
-2137.58709295 -595.970035709
906.816929643 2392.60476115
-3940.8334508 2145.79140219
1183.7091349 4191.04072455
6579.05057374 957.109969677
-134.523798341 3347.92039727
-566.48077629 -6042.63311468
2892.15771881 3942.86881834
-5539.64346673 -995.195662002
-2030.92828573 5211.58249213
3883.29081418 5721.84967375
-1626.5018992 -5812.525996
-6541.44394379 1476.81912447
5764.73038949 1691.89121025
-3875.18917605 -5513.54747548
-5610.6286666 415.310726174
-4418.92831516 -113.997002952
-4324.80000241 4906.02417337
717.71289424 2865.72726969
-3940.40800691 -4352.33197934
3683.87208448 1618.61455529
-5043.12151712 -4203.28668082
1927.18803203 -601.730065622
2285.57814204 113.926570821
409.946838159 -2004.23491516
-4434.08321519 2891.2006752
-3393.42790152 3595.22914459
4193.82302661 1727.34002338
-455.630531625 -3083.03246548
-2632.51588854 -3732.32079057
2403.30153507 -725.073603861
-3210.69651756 -4270.65753267
180.391374924 -647.73053623
-3720.76125945 -4611.94674299
-1533.96663483 3201.08354623
2611.36439408 482.748318974
-1304.99585347 5526.36744264
-1319.36943415 -1865.66227715
-6177.48383154 -1704.45682175
-5782.92748962 513.245538065
-2485.84383725 -2769.61825911
5029.30449465 3643.27743738
-3525.00170264 -3108.71260099
2993.9397548 -3803.12145555
2194.81754893 6266.22899898
2934.44516773 1117.47459873
5969.88368172 -133.379864355
4269.65170013 -769.821138016
1290.68652065 -218.150718346
-4464.08703697 -470.749208033
-1742.70290483 -4164.61153446
2959.60492469 2627.242225
-1757.47237528 481.217483231
2079.02700669 -3389.29668635
-1608.26569155 -2745.99505506
2704.9519587 -1564.96068596
6603.08507943 -595.20677588
-2021.04236359 326.963282146
3266.49080227 -5590.64635905
-6422.40188956 -352.221161747
-6549.86390222 290.523046326
3876.10176334 5336.93218054
-1260.28568699 4360.87440412
-2794.68084498 -2182.11449351
3399.90347964 -608.474283007
6616.25451941 1182.60540831
-510.932368212 -3941.52861459
1658.63601033 2212.80955477
5962.06159858 -2194.58423897
-4874.29791031 -3835.22165154
-4618.48963919 -3640.89262054
4646.1664709 -4746.23026462
2621.31080004 5809.3749541
3963.39617236 5569.37877919
-2106.55616297 -923.844054003
492.031508428 -6665.40185461
3248.60664392 -2852.91844124
-2816.88146673 -2060.17017688
524.240853316 1812.7988783
-5698.80064152 -3574.92928743
2281.07804578 3871.18648151
5759.05969328 344.574378288
-3505.38896996 2988.80032532
5990.31989778 -2497.86055598
-5599.31134389 622.184340823
-4094.70442492 3000.23814948
-1655.79506831 6022.65165122
2236.77967625 5439.7988673
6464.48068536 2246.38048892
5551.83523758 -296.742909083
-2310.1117584 -5248.63125658
-527.133715521 5820.14947038
-2593.23966532 2191.03641539
-1573.80848778 -2930.94865682
-2769.18406934 -2674.84167834
3213.23802003 -6217.41466716
-336.054827946 1757.42862642
1900.41786366 -849.788562822
-3196.50901856 -5540.25037669
282.322837144 -290.941864944
-780.252813162 -54.4728965674
-2032.55479335 -3990.53077771
6148.25121308 2845.20905825
2196.72759973 -4358.29555262
933.810696912 -1546.76237402
5975.24430131 -215.801613312
1267.11945814 -314.30070215
-609.347584599 569.797475459
2187.91009235 4462.80279482
-2073.98227689 6630.63143731
-3086.83074952 5709.05053936
-4910.28011119 -2158.82545721
1583.88740643 742.928475811
-2694.0269625 -3960.92821106
3284.42536709 -1024.50362086
3880.66554974 1483.44759589
3486.40587223 1647.93419659
-5527.08566975 2504.12453466
1720.45717352 -2232.18833099
332.9208462 -1590.67783172
-2821.21617845 -6337.4463708
-4747.9874988 590.079224958
-440.506108003 6923.78946323
-494.065181123 2058.35390274
-998.135976516 -3390.37647288
-555.047168013 2907.48990248
5179.52319389 -812.442679074
-3864.63318519 3409.11501527
-4155.47820035 -5373.59974599
-3773.3697453 4087.0593115
2527.9451434 4014.39012449
2595.7146827 4582.66214277
1948.6694476 -6548.38963056
6333.27259265 -2010.90819037
-1207.29291892 -30.6822192853
-3969.46131392 598.82134304
1407.01210046 5669.17356797
2740.02608317 -6363.38207678
2934.22643165 4383.16702507
5865.98311742 -2793.24858626
6103.00091193 -188.437868201
564.775433901 -4184.35376564
3468.3222055 5282.32642844
-4285.02023065 -2839.45062878
-577.706908555 -1132.36040149
1819.73808851 -491.275095123
538.08215897 3746.38556603
-3141.58232911 -3990.46277421
1727.4370272 5716.80723947
-3109.62104129 2057.19798604
2698.04644349 -3694.50830839
-3834.29768002 5778.71434798
-2177.62691596 1262.67453968
4949.9520192 587.893939699
-2421.80849364 -3264.38516861
4037.93619807 3703.49817575
3426.96428594 3091.60750487
-1072.96650699 -4910.09531466
-1849.75750519 1441.23552028
5171.3097389 4323.54675049
4296.79205366 776.064615428
-4534.84183222 -5091.11586088
4549.60942408 -351.643976497
-172.42887405 6550.07132818
1499.74091355 -1932.15338639
-88.4091490212 -575.336968662
-2836.19349646 -5105.90753617
6218.12129619 1366.3982903
-6221.65686705 1931.40980115
2505.55832893 -5616.47554269
1853.84799891 -2182.95707098
594.228880905 4690.25065983
-4132.53041973 3436.90373391
2563.1439603 2286.79143197
-1929.781931 -942.855283604
-6102.66597969 -2615.33914839
3978.47154129 2085.47348176
-978.06357471 3598.39664839
-1574.01202788 3753.19628525
1442.83682179 5127.5270451
-3361.27298065 5405.12315975
5883.30325983 -665.486987382
-1905.56894211 -836.91995104
4185.98067104 3861.5336989
2799.82829725 4760.95425481
-4621.70788789 970.035652583
4154.82417075 -2775.2757742
-292.262762924 -2144.32161457
-4421.52110762 -535.543170156
4199.48346377 -205.259708003
-4291.52504358 3085.58212345
-3477.00069424 -1883.61614017
-4377.59410235 -4205.04526919
4992.7963942 2016.96360085
539.094376738 5764.87735115
-2632.81921113 48.0529524355
3074.99573284 -4756.9316446
1999.83471452 6092.82182756
4715.62133114 -4081.47841309
4139.16332095 -5256.87595695
2470.19744145 5028.38880038
1278.20024851 -6423.5532458
2092.53486604 -1694.44422896
-1036.2468798 -5610.40294174
1262.20860081 -6185.79720402
-1849.83808635 -3320.75514343
458.347109711 -5801.82508387
-2618.0268022 5254.52586176
1509.23113987 4837.81408684
4127.9404344 -884.86090205
-4906.79360957 3128.72836393
890.678156922 4353.99163788
-711.803791364 6757.25859459
3753.1565943 -3135.03173184
-1113.26808316 -4033.60650776
2526.12794474 -5125.52349859
4099.56446569 226.741535307
-6797.03029712 147.777612371
-6237.94456045 2114.05528285
-1426.68760501 960.415785938
-3014.18499598 4868.72741936
1131.77575803 3814.10253008
743.91381764 -3893.43865786
-2929.43771832 2952.11577942
3045.03891633 1769.59751716
854.024584045 2446.4360435
-1596.89494168 3690.37297089
199.557655375 651.948976915
-4742.13313114 -3235.76057763
-193.997810132 -354.888045579
4251.2185014 -3175.59668828
762.890184465 6439.86487598
-332.788275517 -6065.42903828
1675.14786987 -4893.3469567
1825.09888503 3115.42348494
-1431.97158581 5216.45415674
3200.52840282 3183.45098158
-620.352398858 2585.82462722
-3054.99905469 -4824.99206381
5144.30977691 3059.30822527
4829.64215256 -3614.59086279
-1410.64260587 6406.22898033
4314.23933936 556.286482312
-1423.10305592 4209.98046283
589.877750808 2154.24845252
1604.10625424 -5149.25632868
3337.79703765 -51.5257258538
2440.74826837 1423.21311451
5694.85654011 2295.01210281
-912.225369278 -3011.52954834
-2172.27961278 -1787.59137906
-1399.18840545 786.225959673
892.706365313 -2688.73927097
-3919.79861517 554.135106777
-2832.37531754 1627.43144224
3245.75398886 -1622.23238848
-3504.83764528 -5126.95274471
-530.017398231 -4690.99891946
-5990.05370428 2896.9030435
-122.54253155 6777.86639937
390.082291033 -4732.49271938
-5176.3551074 962.801585249
-2234.13494305 -32.0615381833
1350.59527819 937.7912353
-6245.16040894 -2113.04618376
3969.95815255 3059.30956566
1505.55091225 6126.48178263
-1932.31680615 6548.10927452
2626.21019378 -4242.06060739
-3201.99215336 4954.07823647
1574.14982655 -5674.89939303
-427.951493927 -2226.88133005
3129.39151632 -6213.74357824
2856.36348694 -1007.34475262
-3819.85221257 -5772.58425096
4302.35633091 1688.34884139
-1596.00939091 -4100.15383415
954.653392525 -6625.00768517
1.96201445529 -2725.16248814
-5241.98687185 -559.16769425
-3101.32308291 3602.21255479
-1334.84096759 -5999.85150089
-2696.40086093 -2701.10877426
4828.85615581 4004.18820654
1477.567956 826.870011286
-1499.32095431 3221.44289334
2221.35010645 3338.84085941
1242.43147088 -6608.86866171
-6057.2044273 169.883431013
-6615.12208845 405.211853375
6063.53597908 2159.14242853
283.041202459 -1624.84815522
-168.072468859 298.040104529
2785.4800738 -2112.99623074
-1081.00045373 -3047.40714181
1708.75176211 -6330.6320055
-633.202323354 5318.54223999
-5703.18903296 744.161921704
-4697.82873865 -3255.64371015
-3056.96639038 -3437.00142535
3716.81473964 589.874743862
2480.96510464 -5602.04496037
-5165.79884688 537.323075721
-4733.14172893 -4592.5599011
-3455.56209408 -3432.34604388
622.389719019 -4276.82280675
-1146.90198916 36.1858024246
-498.165340888 864.976348028
-1787.481799 -4411.6033811
-4946.06462381 -2917.95529725
2311.65374859 -1580.91895206
2415.56161361 -3768.52154418
978.048070675 -4296.54658862
-2588.56620386 3073.8254864
-492.125976273 4016.93671923
-3581.5212373 4226.20394148
2619.48705453 4779.11746119
262.880392887 6961.4700221
-3987.11278746 2.77626827253
226.157218936 3171.6368008
297.174096905 3568.23303229
-6023.18912717 42.6433885657
-5935.10158805 588.373476465
2872.53796224 3056.7350438
2173.3376003 -3467.28725847
3434.45828201 -3256.13346166
-331.776836496 -3119.01174814
5714.83501995 1666.27143981
-6357.11946494 2779.93180754
4716.57108056 1350.31830466
-2320.48830233 301.155256192
4254.30132904 -263.933342959
-4477.41131038 2859.40603224
-237.034732208 -5604.76988697
5796.54971558 -2780.83464846
2546.44965159 4809.56619595
1781.54344393 -6489.61946043
-2423.57684121 603.758244056
625.295037697 -4252.46064745
4053.9785595 -4743.07149764
-5519.97748982 4245.0949844
-3507.04478325 -2383.06742893
3966.00719622 -4990.61647433
259.471101628 6405.06096327
-1681.05925605 995.396145304
-287.24193356 34.8139972686
112.835039179 -5561.42236196
4786.56136031 3943.94675028
-4173.30006246 -417.2253175
999.118039229 5883.17959875
4165.37984461 -674.149834317
-1827.63706556 913.971540812
-1686.86641419 6127.04074953
-4182.58731041 -9083.27933022
5742.58625943 -2652.98151945
4224.35998551 -4090.8335388
-6427.10595796 1181.23986328
6153.47085873 2906.61442281
2874.67965945 4293.30118717
-3944.95887422 1022.33536643
624.720198785 3391.90592048
-5652.23643158 1545.41690712
1248.45498481 2575.84812743
3644.85549777 2681.85859496
1303.11528364 -5850.82208334
-415.505439605 -544.381516594
87.2479187454 -3877.32472398
-577.857358867 -3921.56370764
-3539.1066841 2808.04355871
13.7979533686 4862.76219978
-1713.1890095 1098.5572337
348.569173627 -1080.29390031
-3925.46752696 2793.76335363
-4083.2510672 -3438.96630567
3664.02106064 -919.478764388
-621.753316606 -6001.35268675
349.742529692 -637.557135007
-708.995047206 383.119040563
3010.80571913 -5399.08668019
-4128.6599509 3883.0374125
-903.195941914 4117.61751767
-6467.33279626 -1294.0858806
3141.50812891 -2005.052401
544.402570888 2092.05955271
1388.74795165 -4082.52980027
-1673.57211528 -163.769889254
3351.97518846 5733.52955674
3108.16283143 -781.647343818
-3620.06863678 -1801.12713586
-4430.55504601 -3431.85375134
2594.46652027 -4180.97211363
-731.330689999 2579.75877448
-1934.82016786 -730.822703301
-1367.35833912 -5962.41244052
-4326.1356873 -895.31035542
-2747.84216791 -2262.06430181
-5008.41870187 -3989.0068053
5114.40383777 4172.94741084
-2568.03295662 -2261.20446475
-9829.7790792 1837.23794164
-5783.09337395 2894.12995841
6285.24337417 -2494.74576792
20.2816083739 -4887.14314165
-4856.78137133 -2323.72793232
-427.309958316 594.180570789
-3533.37543909 -2212.14358995
-721.648688687 -4191.14103597
-2622.85381695 -4897.19249612
774.274520681 6049.8787311
-6069.38818376 457.517118035
-3851.7339975 -4205.84696724
1013.67100876 -1243.0789945
-3711.94316349 2194.16684212
2462.90122083 -1478.22012141
2552.35809452 -3129.17555054
-3441.19468784 -3809.85828753
-5899.8293584 3737.80728556
-385.947594123 2620.842365
63.7226995128 -1986.46616949
-470.946377376 -4850.86735751
1884.29395977 -861.022109661
4102.42752879 4743.74062152
1190.73352273 2291.3393103
4953.64071793 1409.03208779
3148.98651672 4504.73525522
-2366.21346001 1210.08517438
3637.98798483 -1118.40350713
3.16518312757 5926.08995293
3577.79315409 -1374.1099056
5646.39521248 795.75308746
5272.59476336 3055.76444894
-1403.93404061 3612.74269697
-1417.47246574 6430.21388568
4332.72692964 2636.10721987
-1424.57650125 2282.87957184
6354.2900229 -79.7858822224
-1666.48717643 -6569.86191119
6420.40217686 -593.843554406
-2075.16399844 -2286.48935464
-4811.41714571 -4633.86653611
-2528.35993411 -5107.08867628
5023.08467575 2494.68719992
-4623.94299136 3431.78111996
3397.865652 -3677.48280475
6729.73672325 -1495.98968475
-4381.49183751 5004.77525683
-628.906008746 -5059.60409493
4310.35940793 2095.49725784
4913.86637515 1285.06128268
-2286.55236581 -5690.17225118
6733.37741408 402.875446667
2053.98394827 -2173.1746566
-4959.05402574 1911.87293935
-641.587945378 1972.2743394
-1142.81321617 4307.66933552
-3642.93512892 -703.617075649
-2941.76243173 4778.78059035
-2287.08590052 -3158.0873608
5322.48232023 -3387.61473653
-2088.69734061 1630.31241134
544.318548508 -3438.08292298
4362.52254551 172.800174888
-1455.91817577 -2267.90735904
5928.94907638 -1850.44263723
-359.448846283 32.8817813212
-3689.04206046 -1867.69952314
1814.02537341 4923.56544532
546.615810883 -6467.26761021
1402.92699193 38.9322410227
2070.48806406 -2239.32691019
-1381.54035586 -5519.67069723
3499.72988777 5087.80064835
966.971986343 551.34002639
-3610.08959473 1313.04407201
-695.964528573 -5097.5582547
-926.397328729 -2996.49458837
6014.50738973 429.316854363
-4008.24634668 3698.21833329
708.39422756 4586.84900441
609.931506857 4284.8043595
-4671.01007432 -3260.68458524
4330.3780433 4961.52297212
2690.64657511 -6304.17321547
-6602.29775282 -931.806965724
3525.75240158 4709.61796423
2777.13911746 -2981.69091811
-1638.20679405 3309.14447123
3868.4673471 5066.00500267
339.991371759 -1200.71616777
3994.60296305 4632.46077
-1248.040209 -2799.83453368
-5547.32030852 -1786.7133689
1905.60340812 5769.40162395
2189.77787834 -6094.01870485
4626.63033626 -4290.13098354
1376.63148831 3346.15807007
-3774.68273569 388.083453509
1109.20678496 2731.78946578
3109.7994419 1954.41664365
1152.05948313 3220.53095441
4343.18737222 -2074.29139972
-105.294925159 1514.13128055
-2713.90306639 5774.14256199
4087.4188925 877.757547513
-708.986662324 -1666.86854868
-5036.90438526 -2538.74067109
-2528.7845329 2449.85051221
-5192.56576862 4075.67603438
37.6407894242 -819.191367216
2987.5505956 -3211.61312287
2309.96610987 -4436.63873802
-6244.30777716 -1755.5254735
176.990321175 4220.33508537
-2714.10388201 -3626.62597735
3636.58849759 2847.58801631
-116.111303167 2286.94765375
-4096.91231995 -904.357116676
-5058.18855195 -4312.2551529
-2015.94262565 -3539.06410454
1858.59935664 -3007.79402086
-2269.75346194 1464.9030778
4352.71028898 4799.26140698
519.625642307 -2927.01435879
817.687009966 -1497.50849384
-3913.15568628 1960.88822336
5009.3763318 -4077.39189063
103.899993392 -5850.10352335
3326.11309126 6071.31219039
-3308.49056614 5206.01257637
-6141.28699904 -801.631855533
5412.03194122 -4200.57378641
1961.24928597 -2830.77597338
-5253.96123319 -4492.96254607
-2108.80373958 673.903970246
1353.92646258 1485.35413215
2915.24757269 -424.224613355
-3783.47638804 5727.81263306
-5356.6017691 979.335126053
2636.74143396 1815.46608888
-1618.81558273 137.53392927
4326.92214607 -4784.57491392
1913.52090176 5411.83769329
-6378.34478212 -389.95321226
-6623.78909515 -198.098523278
-976.773366363 -3941.70614989
-5430.7792244 1255.70982391
6649.9058901 -982.223874578
-4688.76517928 182.945848514
-6702.51929402 -851.391381218
2915.57423614 3721.7473216
4868.10674685 3517.15484
4435.10384971 336.734335101
-1486.14055183 3849.05701802
-882.72755428 2595.49125763
5614.03156817 2291.70560744
-5957.51617184 -2324.10001608
4634.4568131 -2107.6935494
1145.32537798 626.380634136
-2853.57955087 -666.201608749
-3741.20387704 -3530.7461235
5048.07314289 -736.291159006
-2516.93659633 6197.06951604
508.451997717 -3634.89596113
-685.785362108 411.038817015
907.865514357 -1434.82246254
3041.11910835 -3132.64227658
1828.11126754 6599.09201562
-1192.69058694 -502.204233877
-1528.15458771 3255.57000499
4135.62503095 -2442.68748882
-3107.30826636 -3931.79506596
-1967.19957316 -1523.79499924
-1865.54848854 -560.90182675
-652.53549667 -9978.68715942
-1688.13410392 -277.723340192
-834.867973747 -5650.38330695
-3367.58398706 4947.4145556
-5730.32410049 -3484.19265543
1242.0171976 -3488.04143696
1870.24802611 2436.96131334
6841.4176898 831.020225396
5476.04712359 -853.471277747
6629.54343485 1233.86938436
-1333.02448589 -5556.59626239
1681.18998516 -2034.39187857
77.3474809444 4271.83420131
-1862.01246726 -1868.04948372
2545.63374428 -6238.3312614
5064.94649898 3401.8438945
2799.41560576 -6086.95233305
2274.32277325 -4440.78770978
-3242.34454418 -1876.28912904
637.083148678 -4559.18170767
137.501726314 3984.77337881
-1846.4127929 4156.99613969
-3314.31799118 -2963.66680686
6725.78982181 312.478772439
-651.475978617 -2415.71623519
2468.49639257 -1831.1507811
721.407949388 1701.30352736
-3382.49254506 -4684.53702808
932.969989598 5664.48992176
5873.62644612 2218.38824822
-1885.40019988 1708.81010763
-2901.79572593 -4874.79253176
-5372.21690173 4403.96079265
664.804096584 -3211.37066805
-6338.90802903 2870.48113271
-1096.64243688 3124.5437711
-1622.98808486 -3116.24839004
6892.51547647 145.222043013
-2008.18000182 409.073892101
-1517.03072735 5008.984884
6727.99145378 98.0967635718
5490.95506694 1729.80853611
308.47827503 5896.99438193
-5693.55798935 852.019931611
-424.896537621 5806.38567676
1094.4121872 -1997.76715078
-2725.10369165 4558.33534989
6427.15693849 2681.15363992
-1069.12861626 5215.50147926
-5801.704172 -1140.69295711
3388.40865349 -3748.68528596
1589.08336533 5326.41968137
-2242.7226631 5444.11004026
2667.1218261 -4527.45932882
2095.10680791 -3779.62565138
6405.90069892 -1986.23868657
-2292.26284751 -540.663814154
-1371.43068153 -5347.69189253
442.51714317 -5218.60753975
-3115.8520097 4919.48010001
-5632.38976137 2790.33937337
2782.15279785 2711.17216945
2536.64461587 -4132.36635139
5135.63145979 1312.5266114
-3949.54328663 2419.27952659
3331.75637879 -242.753444084
2471.31432459 -4854.58891201
3745.51153993 -3493.77286667
1067.98079206 -5838.49352165
2143.83705089 6270.19307708
963.110130732 5575.73083988
6632.19550286 2120.47235252
1782.00066667 -4662.75676351
315.868211502 6364.36054015
419.129939893 2911.75181877
4542.56737821 -3311.15468105
971.047579376 -58.5755812946
1344.87524472 -968.996117403
5856.69283095 2569.66851211
-2977.32728726 -1839.88221149
3102.15806768 4004.57428584
1123.30506479 3324.89330277
4108.48692017 -41.8769956283
3495.17789677 -5410.12934653
-2667.85981716 3790.2257883
4970.48636316 2965.01684273
2138.17877762 1975.16235732
2997.33717468 3372.94467565
-64.8139803055 -5584.70545126
-3899.99709782 5775.33544727
-1711.99574504 1053.0277127
-72.2549864311 4337.37197973
-687.84800385 -3811.35412301
-4211.74243151 2371.62262802
-3111.98865962 5932.12437418
-3779.88993931 -5373.12919772
-4989.19614791 117.535382536
-1768.96577999 850.028942163
2451.04137081 -2339.68065182
-3124.98720201 1700.85534275
501.947087532 271.017044426
-6396.87452405 2351.64150577
2744.1005638 -283.469887645
-4543.31616045 -5158.3900933
5772.88085383 -2143.01197721
-2840.5601642 949.064782281
1666.23561 -883.535710232
-866.310149204 -2891.62042014
-4211.50822164 -5135.18565674
4515.38221563 5205.82583152
-3817.61062491 -2558.30944976
-576.531088439 -848.611094703
-3170.9671339 -2190.70043012
3975.08476854 -1782.67769325
-3285.61389737 -2153.88549534
2522.34484097 3741.92039621
3242.77241742 -1626.35386292
3022.37519096 -4720.09490914
3570.47914685 5089.98625937
-2457.46114878 3442.62653706
66.9861268028 -3499.94509409
-4733.78936612 1011.70512231
-4426.70337457 -3511.34878571
-6527.73346029 930.542756408
5887.92396157 568.762156029
717.240132027 -2481.19498708
-3515.1155715 -2200.53504044
-6735.37994558 1638.30795596
-3967.87254858 3839.49370167
-4309.47643746 -2970.72019064
1775.70275181 -265.166272516
727.486436753 -5105.24911314
2231.89583386 3929.94522404
2225.08492118 4798.24110186
-1033.57409498 9946.44281088
-3489.15719731 981.101750629
2957.96166009 5721.58170491
5159.23534508 -4014.34913068
449.022960441 -440.956278907
-1209.36426026 -6553.19873204
6372.50247524 -847.510810137
-5388.25694575 -2659.62520221
-1300.104556 1304.48740562
-897.626098022 -5193.65746729
-198.845154425 3358.46064821
-1470.26544564 -3590.92087402
-3731.84544845 -5759.25751368
2238.22249512 2935.08817582
-4615.54508023 -2393.62816732
-2407.43384288 3066.11982424
-1337.52001604 -3072.37234501
5441.92592226 -3579.8097409
2066.39865968 -6385.89067227
3741.45769287 2485.6400857
4831.66424601 608.000323647
-2692.27977073 454.707461998
569.781419781 1145.14589195
2.43670621988 -1649.44437786
-2668.34417387 4399.1824853
-5979.28989431 630.505437352
-5310.82897325 -1650.1883706
-1881.79602006 -814.134114446
3601.30996944 -829.728507593
-2527.72540312 338.15727395
2261.58978984 925.375635315
-888.889026724 -5883.29047149
-2642.1835972 -5526.59023479
4393.10650885 143.766245803
-1085.14169964 2989.5701727
6381.30816176 -723.360551167
1847.10389046 17.002448307
-247.091816427 -5856.74756649
317.406548717 3977.68797942
1304.6797907 313.044511107
4178.15956181 4469.21745281
1859.62936252 -4995.07432978
791.744469923 3926.23551437
-2322.59942264 -3103.0898312
4375.05471155 -4676.62143943
818.859494557 6007.35688243
-3323.7797728 -2717.92367793
3155.73869436 -1679.23854362
4204.52752459 -4991.8997827
738.949662824 -245.625031166
-682.21265433 -4379.6230741
206.704383069 -5065.76398788
3854.15351034 1903.71733792
4209.79589002 2102.784837
1631.87758784 -3692.98952387
5012.26139128 -1091.84464168
-3473.9880319 5648.10349154
-2386.41667938 -4932.83067958
-1710.32048535 2387.0006914
-2506.61696236 922.423805904
-1940.48552829 859.405366001
839.411163889 -3596.37761198
-4841.55991042 635.361529007
1270.13216537 -1680.52669187
5392.6303949 -1545.90094312
-2358.72922076 6275.93660118
-2895.83735123 1153.58087829
-25.9294124827 5261.96737516
3415.86234181 -2955.95543611
-3515.1475153 -5.76118448069
-1583.87677203 -2616.71830909
-1116.89056075 586.121569985
-2444.37457358 299.997850472
-75.7501729082 -6064.37823311
3709.20827118 56.5746302287
1852.01034345 -9827.00654766
-2358.29648357 5097.01667013
-1301.73536544 4603.96080865
-2585.2344592 1713.96247738
3724.23773372 3890.12795878
-4139.41787013 4774.84131364
4564.45325017 -3680.66845405
-678.49217421 6296.95806577
-4776.83079063 816.53729669
-1379.09118449 3546.76204402
6454.00032152 2279.6131603
4936.52746637 2119.17051803
3549.90071891 2386.41402487
1708.82427343 -317.667041045
760.753072488 6153.36112624
-4395.60465148 -3751.93697011
3023.18626589 -4312.45609638
2366.90842701 2204.691869
-2291.57497633 -3934.47112443
3113.71535996 -5509.43672781
2934.97297381 -752.484373446
-440.589909757 6325.78383856
3322.79200759 5033.37588135
-1484.76938882 -4298.38202154
-3659.48150558 -3552.74746475
-2756.18195302 -2399.24148857
4613.16319156 -4896.75722845
-3970.83678309 -1019.25073373
-2789.20210343 5505.23640039
3197.14787498 -3721.69701597
-3166.66676283 -2991.74634831
-2685.40994518 4306.95084655
4957.95660811 -156.696548702
4132.86109504 -2358.77898626
622.340571993 -1467.51634436
-92.5336206171 5875.30854324
-2753.88253701 3861.59784773
-6067.17985212 -2658.23568231
4477.65463435 -1286.08734538
166.9021711 -728.224829356
2210.893688 -5784.13871194
3981.71027315 2878.48132165
-5666.33685865 3793.17430875
-8.51649144105 6968.95590694
3561.40756807 -3469.0679174
-6201.67418962 2749.15764688
1521.25024265 415.409935586
2795.1608418 -6172.13502772
-659.455535929 -4846.6774209
-1719.43525785 -5188.58455247
-6019.41733419 -768.902088124
1434.34690445 -4177.60475643
3522.82497707 4257.13304904
-3593.67919954 -5692.07085175
-27.2845437105 -4797.60814265
6435.12352742 2742.3534765
-5308.01540159 -2456.42200663
2132.17780598 218.842830965
6172.31274227 2489.07619848
-1001.2907274 6347.39047995
-5268.03855934 -3441.68925718
6011.95966631 -2988.19331733
3610.81486764 1277.88494754
1477.18059768 -51.8885869558
-5209.93782242 173.57747664
3911.10161066 2550.81161435
-96.0815679296 3633.20528858
-4781.8661052 5027.10478879
-1209.94044477 -4206.75350553
945.442420027 2022.69729795
-1358.28802391 5456.89896308
-543.878857645 3303.63247855
-2911.78318328 4964.19467286
3747.05893415 -2822.50967805
-3597.90746998 -4647.57360972
560.863998522 6231.20180033
-5199.60816873 -3316.71347402
1174.76054928 2811.3029204
-3012.12924104 -5564.43479111
-1671.72877294 817.314953781
-4777.50495365 -1020.83967991
-4925.04893166 -4362.95806136
-679.632873835 -5469.35487854
-2683.43053504 4746.96897125
-4529.33840722 2203.66016023
-6565.42138061 -1730.6496454
2666.08068548 375.702261177
-3229.99438861 -2269.38816195
-155.011517034 188.262630621
6945.92403377 761.052700387
-6696.8913675 -1836.03082859
1402.92856789 -5878.98913964
2847.13958609 -3123.80131549
-2828.48648208 2527.63623865
4899.5281229 1488.90105821
2446.09033623 -815.909844698
-3822.69198721 -1571.99649382
-1355.99371288 6485.51826431
346.2259187 -4156.05730665
-1430.28571323 4842.93235276
2109.52067753 -279.938632866
1919.18497929 -6174.0551065
1994.71310078 1624.36629733
-722.003546387 4914.25357698
525.850308338 6475.09810666
751.632340203 -919.50234226
1574.20313427 6689.54264335
-6553.50276525 -823.677664715
-4505.53344661 109.536458219
-3826.91060296 664.192511508
-4613.30326569 5122.0845273
-5440.303505 -1734.62673521
-83.0689383525 -6334.90857217
2961.13458132 4187.81279859
2226.42872878 -5849.31403377
-5158.91573945 -1858.02697417
-3275.74872541 2119.25072977
4252.61491803 1932.78744978
-5883.4380873 1468.19418035
332.229192867 -3906.06171602
4026.73459412 -3765.17653321
-3910.70139056 5172.88296773
3977.24025088 -5017.15410776
-3521.25052226 3590.77753683
-2864.81541856 306.259956934
6818.43684723 -803.364865681
-4089.3061212 -4420.48555686
252.567781985 -2117.5315414
6608.35826768 -1686.89402671
-43.8322662624 -958.379962863
-4965.57241505 2833.23825173
5880.1916587 -2038.85421934
2918.40781717 -4254.52424472
-2161.58055616 1849.80885271
6699.94332102 1242.92241739
-3335.54911809 71.0438493774
-2417.79432355 -6166.51915692
-5424.89746896 -1382.561432
-3687.29163033 4562.92044127
6013.03087114 9.03530065192
-1649.30822154 -6175.66197798
5185.9096399 -4559.20405859
-5375.81726151 -3068.67620309
-5721.14381804 2176.39621234
241.838295785 -4488.0261586
-8.31241672388 -173.450998868
2919.43276277 -2709.25149219
3091.93244762 -241.63512604
-499.805809636 -1078.46075987
2302.80217922 5337.75105857
-3625.5885863 2057.72580541
-604.421332563 3977.27130766
-2834.44000746 4187.4892487
-1051.4345028 3881.49411402
-4020.33134571 -3108.94347718
9966.43459787 818.646081273
402.395478265 4563.56095332
-959.935266433 3255.77353096
5.53705829655 -160.044789614
-2750.03861037 5280.53572715
-2521.68026545 3951.02724024
4485.62908106 1758.20731021
3858.2385589 -5705.50149514
4742.9013067 -1335.59215615
2754.35748477 6063.47723995
-31.3054920049 5626.86107558
-4809.58347287 -3516.66953117
502.449684941 -4615.53656225
3382.08068722 2035.64356103
967.83298323 3500.65887068
-5603.66677782 -365.122230997
-983.978801937 -5101.14044124
-4656.16574884 5166.79067339
-1939.65000239 4258.50332909
258.944818813 -1678.752109
5651.55901106 2591.2769869
-3079.60416333 2401.56669103
-2091.93500271 2167.22001148
4534.05104847 4454.81760866
-492.111534423 5521.33086787
5012.15920239 -883.519525702
1202.62485951 960.705348022
-4595.92976589 5084.89565799
206.810810444 5730.51893816
-3755.58979981 -1366.54560527
-3227.53440854 2872.17746784
1271.44852975 2396.10107085
-2128.31656608 -3495.41219689
4491.17252783 5101.11261022
-4438.19746735 -4894.53052131
6785.22565698 1389.11071893
-919.142320656 -2139.93428418
-4217.85456938 -1863.46121752
3898.31217672 4743.99276416
-3481.01816315 -2143.09395135
-4495.6997692 3912.08235653
-5849.62431014 -2856.46178962
-2021.69577752 4478.06104507
5699.82203225 -2419.32055641
-1088.89114125 -718.172143989
