961.514335925 6438.78764751
-5311.81585558 -703.33082781
-765.195827946 5957.82266964
4611.47618192 -4495.50466814
3629.66343407 -1935.08041055
-1711.62772118 -4675.1445676
-6131.93485945 2370.01223322
-1923.28193668 -4867.93596964
1526.40907869 -2634.50526276
-1635.39246721 367.314219078
-2921.31284384 5422.63188986
-5433.81749043 2827.11983298
-6431.60934752 2387.11555332
630.686406227 1442.66010768
-2712.36004092 -4838.2082122
-5260.4333309 1741.72736753
656.245560756 -6409.91957963
1417.73781081 -5637.30830663
-4512.73700559 -366.485649276
-5095.76476166 -2435.03389105
-1414.05478945 -4823.25617121
6156.84733071 2031.13456535
-1437.56929648 421.798048563
-1412.6115858 3668.241068
2075.32878442 4525.64996148
-1671.87090181 4081.84381532
3932.89954441 -3275.3365134
178.416360331 -3050.09203182
-141.943633213 -6005.03383993
-4467.83683675 351.183183697
220.549904902 -119.442735742
5431.34230392 -462.600432116
5020.18090531 -3740.43347985
-3716.14769401 -1261.69282235
869.313037651 -2133.67804453
-6955.49830708 7184.77858394
-924.544294332 -4948.06816578
-2206.44784328 -2974.84059421
-1759.47104074 -174.148200512
3518.65664161 2284.68771548
1334.18790083 3585.68495435
-3069.71946543 -4251.33535872
5766.99104881 -434.818412954
2917.60180086 -2649.49580334
-4717.53386751 2780.45567933
1301.63634011 5220.64330387
1908.8884946 -5136.01780041
-4859.00361756 777.975556687
-3296.67300746 6106.70556063
-456.505602492 3382.26907838
-800.071563689 -3973.60866614
-1491.80245183 1591.23725029
1646.89587344 -1532.97831182
-6514.76542386 7586.68778006
-5719.52979773 379.990912288
-4949.5114673 -1383.10108293
771.304701883 2889.00085367
-5182.56977555 -1735.09591661
5478.61895384 -1278.35789844
3845.22042885 -1894.52163518
-1751.46111517 1021.63452075
666.430380821 -2562.66740973
145.801645127 3686.09457735
-3190.5091636 -1624.05237912
-1331.49294695 3281.08965847
1694.60117398 2551.80025361
2585.86401989 -466.244142601
-3688.46479093 -2904.77233972
-77.5353661827 158.675020235
-5185.8507857 3170.23684705
907.789664244 -4235.68425014
3027.52493963 2499.20559553
-3300.44444392 -5719.26090038
5234.27608322 2090.69719363
-4372.83425836 -3139.18601375
-400.791913019 4613.77785429
999.276097845 -4026.40146346
645.644080894 5158.17895054
-2173.23284066 -6149.69244971
-263.494257197 5330.49954225
-2145.33319699 3268.0361151
-346.103672159 1778.13961609
-1048.77894573 3670.28019756
-2284.6530821 -5714.20653452
-2275.37072054 4739.7008797
5327.01770076 776.688593144
-5319.52412051 370.696534528
2661.8851752 -3884.70179882
-5019.59230479 -1031.37474925
2115.59108186 -322.108204946
1366.33195241 3482.05792256
3267.03368203 -4167.60246926
-2145.45653227 4480.28208078
-3274.99057997 2638.99756086
560.190834785 5372.40128609
-970.154600178 -2000.83273962
-977.549859909 -3227.97514764
163.985945243 -4642.57859024
-813.363754012 3048.56640468
1816.36412947 1588.01842144
-2068.31005432 5127.02629474
4482.21532777 4479.80977616
-3123.67770056 -4676.13253966
653.150413899 689.864377399
-2901.71015336 4399.96328327
2355.84114365 -4079.70036019
4397.57884587 477.38133081
3159.23511926 -1706.46300832
5618.557224 1472.59733943
-5157.26666616 1925.32141864
-370.651175886 -4682.55032183
201.968648274 2448.77843095
2799.21811173 5931.36203777
3262.84886297 5048.77585943
281.688842091 -2339.26907467
-6345.66157489 2751.31712506
5841.19695572 -2041.0336308
4147.98357155 -2805.43156396
590.794682988 3877.14669432
-1644.46192509 3120.43758738
-947.326805267 1464.430174
108.359014512 -1085.23240044
-3583.81117366 4541.31455086
901.483165191 -4207.38470429
-5067.81613199 2830.12039033
6154.63950562 35.3467419154
3852.26858207 -4107.59332156
-992.278948753 6884.36611121
-70.8252922435 -221.636362385
-976.915424867 749.405352526
-1121.85724492 25.6146458903
4104.09983934 -2945.3852098
-4552.60398643 -4182.80489328
-4198.45840796 2930.52439691
6779.81989424 -442.855989483
282.850881648 1231.86862622
-868.014646401 3226.78501133
893.906226083 -2602.48160782
-5178.09808003 2840.62177558
2850.07195803 -44.7395116733
-5351.01627598 201.967190979
-1164.83169443 657.586907299
5586.78010956 3152.79339086
1488.21397562 3032.88934776
2239.75891235 1612.43392097
-12.3019122741 -22.9143918951
1461.5428357 232.680578318
-6076.84076892 -725.975163412
-6107.21228376 1816.5534268
4659.20194767 4721.27388962
3818.23638615 3572.08823627
-3404.98461839 -341.973059711
-2929.05681979 1516.86298412
-1221.16897705 -4367.5583427
-788.175876339 -3566.27106559
3719.31494709 3834.99223108
-1462.95022439 1865.46912723
-2428.96651398 5211.54384391
3551.02710601 -4029.26715619
5735.10669892 1719.8080253
2940.7250388 3507.4785826
3765.20704053 5401.54864776
-4643.26366039 -3707.92339768
-2577.86824092 1.98916262072
6419.70373992 -700.920701429
1065.21188329 3514.40683012
-643.964682093 -6932.36854568
3350.37979217 1188.22211647
-6967.34965522 -414.101232079
3653.29315139 -4075.35110321
2630.03687018 3647.34606884
873.476569788 -2095.04706007
-933.302009602 -1037.43001783
323.362100683 3261.54587165
5432.86707187 234.7033657
5158.20044451 -368.887356282
-1124.895583 1760.59197071
-3047.40281819 -823.773680405
2617.89211526 -1597.67009061
5897.71368277 -535.827470151
131.163122426 3141.69163485
-6018.95665239 2915.23481596
-4529.22716116 761.185165422
-1443.56066078 -2161.73545449
3232.03183245 1015.22321676
-982.384668144 4552.81367635
-294.268995301 74.9303140127
9683.87233995 2494.5172887
3558.46830523 5328.45156895
4284.89544112 -1719.69660147
-337.154048163 -2815.28050522
-5449.2670485 -2000.79754334
1832.59346377 1563.94673236
1536.89306578 4112.19488128
-1877.52400252 -1561.4800126
5197.52991049 338.081765629
-6702.40128378 -1578.15530295
-1776.25340659 1643.2473607
840.28390285 -1111.66394276
-756.747123821 13.2458965384
-4235.06355375 3028.25495349
1115.79457462 446.144772446
-4244.78793946 -725.290783338
-4584.44497372 -2425.94667791
-4627.28452311 4506.44340037
1064.59511194 9943.17038211
5609.94024729 153.130823438
5728.96556188 946.645046897
-3441.14514565 3105.69687465
3248.63177631 -1948.0067312
-3908.15304259 1444.56613976
1918.04377514 5789.43425353
1163.72050152 -5685.91588051
4226.01868772 4755.51274817
-335.533413392 -5366.83800797
-4852.91925079 -95.0898674144
-3908.26015284 2286.97667767
-5670.48731298 -2682.67897964
-1480.616114 3566.04689234
3413.64118184 1232.83044186
5377.61464711 -247.224824509
-2992.9228275 1405.71754504
-3373.87316159 2193.71266475
1215.30179441 -1204.30930768
-2570.08451194 6265.41461477
-3760.01256879 53.2022477926
-4993.34310738 2504.84189518
2975.81366935 5958.862594
-661.339427266 6771.61107189
-2154.23356408 -5661.19192881
-1862.80273167 4092.92998008
753.393860686 60.355038199
2172.26682724 4471.99562185
-1919.37706598 5576.57084974
-9806.92213351 1955.57619827
2493.04873464 2470.89239645
-1174.37488155 213.905889814
2362.52735107 1485.08162287
-295.399225789 1284.30134208
1455.05234129 -400.208595315
-5502.43382923 -27.2630653833
565.467746126 -388.356066559
-3392.20335101 340.485666745
499.099557817 2711.7784138
-307.207021716 4454.6065679
-3787.43839166 2672.5831543
-929.692247517 674.68407115
-1662.82834508 140.368157495
-2503.83524837 -2916.62900265
842.41091855 6367.42402332
-6850.50114965 -543.444442417
-227.127065513 -9997.42033207
-3891.07291847 -5082.1763026
5577.95663333 -1998.84169538
-1315.43502537 -4551.12050588
1723.34691289 -946.20158754
3874.55743662 -4457.51309237
-2776.54751232 -6027.0050362
-386.847531718 -2795.21460206
2098.18496521 -2340.89821592
3708.58252047 4089.70603318
-3604.87179393 -1475.92361349
2795.5141085 4957.99520035
-986.787253182 1574.73436457
-3214.98531778 -5026.58584419
-1820.83834834 -2731.76079971
2936.14113626 3902.41437179
-3974.07435995 1451.63845098
-2335.8256679 6236.76146429
1886.45105265 -2044.46664087
6642.89812992 -189.349301279
-2029.16834378 3542.30840896
-3811.63859748 5567.50336232
5543.50230402 -2946.25145844
5116.00191596 -1921.25462791
-3053.73205122 -5701.98564103
-2988.519675 6308.50465876
-5556.61575449 -1158.26107821
-4419.88502086 3884.06250491
-4610.22693962 -3908.08201934
-3675.69199962 3927.11338147
-3539.37999467 2243.01609093
976.03616421 -60.1177886353
2142.10245888 -84.6667754725
6335.82845148 1847.49622989
-2047.85961012 -1490.65070712
2329.5292428 968.0194646
-61.9337268225 -525.121982354
9997.62443721 217.957822614
-4939.2290396 979.189400799
-57.7364661877 -32.1770644758
-5477.70016041 468.745145719
-6470.30195474 -446.547466521
-3648.77138272 -4708.81287182
-4490.09668465 452.107148262
3448.22979678 3101.51476481
187.007680722 2843.45748797
-1788.23576458 3639.31909157
-339.432572545 6616.74162792
2155.69253601 86.5424540986
3486.04234376 -2478.7582266
2509.66880923 4975.63318862
3371.07299605 3365.57218704
-1855.23808556 5711.3570406
-3393.49642689 3823.84407438
-714.600238626 -1547.79883246
2319.51641933 -2338.7990051
2804.57256686 -828.311669727
-1164.6644748 -2789.12171811
-4291.80840488 3205.97193353
6246.36981246 2789.63555451
3841.09791778 3639.26618148
4611.91583496 956.156392946
-1404.62975893 -3186.01331917
-1969.83697069 -6091.7699418
1795.59168067 4181.60791804
4009.9705276 4985.91393246
-2780.73769553 -705.808525833
-749.093728708 -6433.51780792
713.804534194 -6425.80927687
-2915.61065077 -4430.99482569
848.658323613 1867.70011378
2665.59505234 -5970.72987402
-2952.02398972 836.769924406
4613.14729967 3400.60110427
1973.64249617 -1477.68581184
4918.98067601 2596.08122825
5753.27427237 2703.75869512
-423.642516543 -5725.93691965
-2611.69194772 -2979.3925227
-1930.7962102 1711.39534486
-558.150234653 5312.07217787
-6309.73529991 2357.30750578
5339.4144935 4465.72029208
285.787265004 1582.86340219
353.831224066 5525.64794801
-1158.6636428 -4640.33400794
-588.192095945 572.987511671
285.112674279 -3822.80829344
2801.89381269 -1562.21064829
-3051.05194889 547.148525676
-2711.17199617 -2056.42910353
2545.96208259 3371.23338587
-1696.25597428 -5226.83913599
1920.98570746 -5768.28268213
-4815.51223482 -3638.82471882
-386.765239076 -4283.97427486
5241.10306789 1526.30322422
4402.5144762 -616.439503762
-531.568241452 486.80403685
-4476.00817144 -852.578173267
-1306.91671666 1452.41405508
3729.69011381 2102.771595
-2114.85580555 2581.3129675
-5555.72331335 1269.79069015
2494.23467255 4792.81747507
-407.144613176 -5957.18364425
1029.92376217 16.0725274537
6440.38322789 -1369.9502169
1575.2669817 2246.01026489
1242.12794319 -132.67483091
6141.26815535 2932.06620804
599.617463984 -5030.01014566
-6164.64996282 1134.55560744
-1369.24149133 5856.66885098
1683.95978268 -5525.35727106
318.978475037 6645.89626319
-3870.60653331 3719.33886956
-6804.96590902 1630.16217966
2337.58143376 5694.85224838
-3162.74291241 -4537.79815609
6224.41506793 -3027.3142884
1025.5365241 5492.35984067
2458.76926445 2592.0768659
2836.94038611 -4636.15234419
-3770.46082762 2384.78964352
1338.8444343 680.160622612
-5168.6525437 1682.94782637
-6770.76073122 -50.1896547552
262.290873567 4433.12563749
1348.55472398 2704.56771202
-6204.09717698 -2838.76234717
3649.53429864 -5510.52622544
6263.19910929 606.400461738
-2281.51650925 921.761038417
3553.90679335 2868.15753525
5000.14308014 2081.37701647
-6259.1337596 2440.67160208
-1314.32709799 -6146.23228842
-2784.65758071 1679.28050114
-120.963201521 -2123.63780408
726.550915359 -4004.64568706
-3979.79061508 -2321.67793233
-125.90228521 1974.93642889
-6289.61830678 -2789.90491061
1762.0396836 -698.617830324
6550.22139862 2073.66102223
1700.77516284 -3587.20441752
-3387.20199004 1405.3246856
2141.17959046 -270.622448019
596.965472836 3609.42810203
3271.93738299 3781.47550317
3556.8782705 -4646.07970526
1585.22477901 -1682.1356082
-1325.48572065 2838.5374455
2451.34484821 4494.65943824
4030.20221898 -2406.4331982
140.738409759 719.403686484
-2400.59113771 -367.698023753
2422.60346093 -3343.29194639
1931.57711652 3358.66715737
-2291.74405122 398.758111692
-1323.8645979 2794.81343843
2752.87350641 -2517.57246489
-3771.85791275 4522.31267725
442.635502659 5247.06724555
1670.5693594 -2477.53474309
1410.88405624 -5220.60138942
4937.60041565 1457.05688058
5560.37877101 -2286.22475431
-4841.8163667 996.576382518
2839.64042142 4258.3222305
959.532465346 -2519.38407456
2229.66204765 6392.37699615
-73.7290911161 -1453.70685235
-3908.39562561 4981.46567425
2585.93438159 -299.398763758
-1265.38648181 -596.467905676
-2666.46911154 -5931.03906467
-6019.86352289 1600.05376597
-2394.73501179 6536.49055462
3189.10260162 -3968.80843676
5343.94051885 -581.52949641
-450.485483784 -5742.10152318
-2784.71704687 -4520.27717344
-4012.75820903 -3559.18036075
-59.3543303581 -2837.28115998
-6632.764013 -2142.26370584
5819.71917505 3225.17300003
-5089.62596501 -1898.89160025
156.534915322 -907.998575649
2117.04682113 -6032.13117513
4579.89466117 -1321.40261774
3822.07217402 240.207672621
-4032.94225418 -1122.74482627
432.435463522 6949.70843882
-213.863192927 5015.85961979
4606.63303347 1865.7111765
-3543.12860345 -3370.31824928
4576.477094 -507.419902895
3565.12546652 -3591.63102371
4010.94693961 1358.06578895
-3098.5222533 5977.66397413
1023.75345541 6534.42219776
-4120.59307698 -5307.95485872
2225.8713688 3617.0030061
3373.15053584 -1691.57347035
2347.11490761 5598.80685564
3610.40851162 -3192.403842
4386.0528775 1614.82828161
-5344.88715975 -2817.77987791
-3807.8288013 -1450.26068991
-3202.49097125 3892.30815095
-3838.29919982 -768.095157666
3291.41087079 1132.63071979
1013.81855228 -2973.97546391
-2992.78664757 -2062.03602268
-6211.97281551 -7836.54220555
4348.48437532 53.471768159
779.635368102 1583.90811227
1453.02698565 -1718.45030165
214.950661029 -6778.53760151
-6478.62077836 -2643.71076526
5247.12605773 3670.22603498
2912.9822565 4223.49778894
3487.03530482 4955.73351997
4405.0250352 -84.9595356818
4159.34115356 -1089.56363967
-614.201927075 -3746.87395342
-4001.10184545 1164.28374921
5353.39066937 -4218.65700083
-4542.41111977 4947.91749722
5697.69861861 -2525.87092063
3463.51901946 -3143.5185567
3031.00734485 -5807.36423196
-705.541450644 4961.25081698
-1684.66118877 1881.8033387
382.872257505 3780.30757426
-1769.79915359 -6138.74131484
2495.61464429 437.920518731
2919.66586863 6192.93433885
-1628.90746114 6067.31084716
-4512.3032563 3791.39425371
3009.16922366 838.143913275
-2484.91309004 2988.39299609
-5434.90284036 -1338.3868824
1730.4793361 -5772.48027764
-1687.95263465 -175.017485505
-300.327818968 6599.39544812
-3534.54353822 -5137.51068947
-704.51261541 -687.79956878
2972.68109248 4840.50422983
-5432.51780388 713.238094101
-257.249077647 -5625.16915377
2833.74655045 -1510.67626277
-2194.82413801 -6379.65305928
2320.23346933 -2956.17350343
-2383.7748654 -3435.48681572
-2825.61014615 -5514.36026495
-2279.80041961 213.946446002
4106.57018889 -571.268710885
-2308.0270411 2993.953967
