42 0 49.0710678119 7.28055700946
24 72 31.0710678119 79.2148287524
88 69 95.0710678119 77.2239584923
55 82 62.0710678119 89.3045713861
44 84 51.0710678119 91.6818829275
93 28 100.071067812 35.2070184494
7 37 14.0710678119 44.8171276751
37 49 44.0710678119 56.757542451
63 95 70.0710678119 103.002680165
47 90 54.0710678119 97.4688013342
30 61 37.0710678119 68.9497510562
5 23 12.0710678119 30.1611455487
54 21 61.0710678119 28.8876114482
68 71 75.0710678119 78.5299333648
25 67 32.0710678119 74.6572863379
6 60 13.0710678119 67.9099011861
43 27 50.0710678119 35.1039440185
27 54 34.0710678119 61.072183753
66 96 73.0710678119 103.901886397
14 53 21.0710678119 60.5484125845
1 68 8.07106781187 75.4445043243
41 57 48.0710678119 64.8359912269
23 98 30.0710678119 106.444978815
0 2 7.07106781187 9.78273015921
64 5 71.0710678119 12.3113885232
28 8 35.0710678119 15.4251530705
48 41 55.0710678119 49.3417524184
36 70 43.0710678119 78.2599698655
11 7 18.0710678119 14.5179062888
8 38 15.0710678119 45.2132272922
18 66 25.0710678119 73.7866701959
34 78 41.0710678119 85.57672397
2 12 9.07106781187 19.1037766383
98 4 105.071067812 11.9108862624
53 44 60.0710678119 51.692436263
50 75 57.0710678119 83.4496414526
86 40 93.0710678119 48.4015045436
97 73 104.071067812 81.425299368
76 42 83.0710678119 50.233480149
56 76 63.0710678119 83.1107336708
19 80 26.0710678119 87.8389887958
85 86 92.0710678119 93.0999771215
62 43 69.0710678119 50.9473240552
70 81 77.0710678119 88.6455205081
31 24 38.0710678119 31.6461354649
77 74 84.0710678119 81.077210913
82 65 89.0710678119 72.9943492546
51 85 58.0710678119 92.7234456773
57 46 64.0710678119 54.4075573709
39 19 46.0710678119 27.0726806589
33 17 40.0710678119 24.631680171
100 13 107.071067812 20.7384504185
90 59 97.0710678119 67.1126109413
35 89 42.0710678119 96.0986331311
15 83 22.0710678119 90.8823792001
59 93 66.0710678119 100.116673096
94 91 101.071067812 99.0686510251
99 100 106.071067812 107.321915365
61 15 68.0710678119 22.1907314942
84 16 91.0710678119 23.4387380079
52 63 59.0710678119 71.1453615709
9 47 16.0710678119 54.8930702384
92 55 99.0710678119 62.2072419303
69 22 76.0710678119 30.384565095
75 25 82.0710678119 32.3712077157
21 58 28.0710678119 65.848732096
3 30 10.0710678119 37.1805393046
67 3 74.0710678119 10.4960928059
12 88 19.0710678119 96.21809372
80 64 87.0710678119 71.4668806406
89 14 96.0710678119 21.7299174243
20 1 27.0710678119 8.14794667517
29 35 36.0710678119 43.1261090621
13 33 20.0710678119 40.4136602004
72 26 79.0710678119 34.2404880826
46 10 53.0710678119 17.1054011384
95 32 102.071067812 39.8418364175
49 11 56.0710678119 18.0796566191
81 97 88.0710678119 105.10829092
16 9 23.0710678119 16.7828832541
65 29 72.0710678119 36.4826533754
32 94 39.0710678119 102.063376933
4 79 11.0710678119 86.9923163207
45 36 52.0710678119 44.1095851764
10 50 17.0710678119 57.6995014774
91 20 98.0710678119 27.337112372
73 45 80.0710678119 52.7125321258
74 87 81.0710678119 94.8892033623
60 52 67.0710678119 59.2287895884
87 51 94.0710678119 59.1486411993
71 18 78.0710678119 26.0227485469
58 56 65.0710678119 64.2734688066
17 48 24.0710678119 56.2699253566
83 6 90.0710678119 14.0756030122
78 99 85.0710678119 106.991480337
22 31 29.0710678119 38.9903222621
26 39 33.0710678119 47.0788470658
79 92 86.0710678119 99.3985236216
40 34 47.0710678119 42.3600938473
38 77 45.0710678119 85.0900740698
