56 16 64.1923192052 21.7346234436
1 61 9.19231920519 66.7346234436
49 100 57.1923192052 105.734623444
96 46 104.192319205 51.7346234436
45 77 53.1923192052 82.7346234436
16 76 24.1923192052 81.7346234436
20 91 28.1923192052 96.7346234436
88 27 96.1923192052 32.7346234436
55 56 63.1923192052 61.7346234436
79 11 87.1923192052 16.7346234436
4 85 12.1923192052 90.7346234436
35 26 43.1923192052 31.7346234436
95 45 103.192319205 50.7346234436
9 90 17.1923192052 95.7346234436
27 66 35.1923192052 71.7346234436
8 62 16.1923192052 67.7346234436
92 49 100.192319205 54.7346234436
26 75 34.1923192052 80.7346234436
36 83 44.1923192052 88.7346234436
82 70 90.1923192052 75.7346234436
29 38 37.1923192052 43.7346234436
24 44 32.1923192052 49.7346234436
37 81 45.1923192052 86.7346234436
19 71 27.1923192052 76.7346234436
81 64 89.1923192052 69.7346234436
30 48 38.1923192052 53.7346234436
72 37 80.1923192052 42.7346234436
6 58 14.1923192052 63.7346234436
58 86 66.1923192052 91.7346234436
53 13 61.1923192052 18.7346234436
10 17 18.1923192052 22.7346234436
7 84 15.1923192052 89.7346234436
75 96 83.1923192052 101.734623444
60 22 68.1923192052 27.7346234436
80 88 88.1923192052 93.7346234436
90 99 98.1923192052 104.734623444
46 9 54.1923192052 14.7346234436
41 14 49.1923192052 19.7346234436
11 30 19.1923192052 35.7346234436
71 23 79.1923192052 28.7346234436
22 47 30.1923192052 52.7346234436
83 39 91.1923192052 44.7346234436
65 21 73.1923192052 26.7346234436
59 40 67.1923192052 45.7346234436
84 63 92.1923192052 68.7346234436
31 89 39.1923192052 94.7346234436
89 1 97.1923192052 6.73462344363
87 74 95.1923192052 79.7346234436
85 72 93.1923192052 77.7346234436
57 98 65.1923192052 103.734623444
67 36 75.1923192052 41.7346234436
12 80 20.1923192052 85.7346234436
54 95 62.1923192052 100.734623444
39 51 47.1923192052 56.7346234436
15 10 23.1923192052 15.7346234436
38 53 46.1923192052 58.7346234436
33 5 41.1923192052 10.7346234436
50 52 58.1923192052 57.7346234436
44 35 52.1923192052 40.7346234436
68 2 76.1923192052 7.73462344363
21 24 29.1923192052 29.7346234436
52 79 60.1923192052 84.7346234436
23 55 31.1923192052 60.7346234436
99 29 107.192319205 34.7346234436
78 34 86.1923192052 39.7346234436
74 69 82.1923192052 74.7346234436
98 87 106.192319205 92.7346234436
42 65 50.1923192052 70.7346234436
40 25 48.1923192052 30.7346234436
100 54 108.192319205 59.7346234436
93 43 101.192319205 48.7346234436
47 28 55.1923192052 33.7346234436
14 97 22.1923192052 102.734623444
73 67 81.1923192052 72.7346234436
0 57 8.19231920519 62.7346234436
69 42 77.1923192052 47.7346234436
34 32 42.1923192052 37.7346234436
64 7 72.1923192052 12.7346234436
61 3 69.1923192052 8.73462344363
18 33 26.1923192052 38.7346234436
63 93 71.1923192052 98.7346234436
91 20 99.1923192052 25.7346234436
43 8 51.1923192052 13.7346234436
77 60 85.1923192052 65.7346234436
66 31 74.1923192052 36.7346234436
28 0 36.1923192052 5.73462344363
17 59 25.1923192052 64.7346234436
62 4 70.1923192052 9.73462344363
76 92 84.1923192052 97.7346234436
51 15 59.1923192052 20.7346234436
97 18 105.192319205 23.7346234436
5 82 13.1923192052 87.7346234436
86 73 94.1923192052 78.7346234436
25 78 33.1923192052 83.7346234436
48 68 56.1923192052 73.7346234436
70 41 78.1923192052 46.7346234436
94 94 102.192319205 99.7346234436
13 6 21.1923192052 11.7346234436
2 50 10.1923192052 55.7346234436
32 12 40.1923192052 17.7346234436
3 19 11.1923192052 24.7346234436
