16 28 23.0710678119 20.9289321881
65 40 72.0710678119 32.9289321881
48 53 55.0710678119 60.0710678119
30 4 37.0710678119 11.0710678119
40 61 47.0710678119 53.9289321881
25 30 32.0710678119 22.9289321881
74 57 81.0710678119 49.9289321881
85 17 92.0710678119 9.92893218813
99 75 106.071067812 67.9289321881
66 5 73.0710678119 -2.07106781187
62 14 69.0710678119 21.0710678119
83 41 90.0710678119 33.9289321881
41 95 48.0710678119 87.9289321881
22 19 29.0710678119 11.9289321881
60 45 67.0710678119 52.0710678119
92 90 99.0710678119 97.0710678119
37 97 44.0710678119 104.071067812
24 64 31.0710678119 71.0710678119
75 33 82.0710678119 25.9289321881
90 63 97.0710678119 55.9289321881
