92 56 100.192319205 61.7346234436
89 41 97.1923192052 46.7346234436
9 134 17.1923192052 139.734623444
8 169 16.1923192052 174.734623444
102 182 110.192319205 187.734623444
82 66 90.1923192052 71.7346234436
17 159 25.1923192052 164.734623444
79 83 87.1923192052 88.7346234436
114 26 122.192319205 31.7346234436
137 199 145.192319205 204.734623444
25 114 33.1923192052 119.734623444
42 107 50.1923192052 112.734623444
60 149 68.1923192052 154.734623444
81 153 89.1923192052 158.734623444
101 135 109.192319205 140.734623444
155 68 163.192319205 73.7346234436
191 179 199.192319205 184.734623444
198 187 206.192319205 192.734623444
186 60 194.192319205 65.7346234436
199 82 207.192319205 87.7346234436
199 85 207.192319205 82
63 164 71.1923192052 169.734623444
118 4 126.192319205 9.73462344363
179 144 187.192319205 149.734623444
104 173 112.192319205 178.734623444
100 195 108.192319205 200.734623444
166 24 174.192319205 29.7346234436
164 140 172.192319205 145.734623444
113 17 121.192319205 22.7346234436
181 91 189.192319205 96.7346234436
61 193 69.1923192052 198.734623444
2 145 10.1923192052 150.734623444
182 127 190.192319205 132.734623444
193 103 201.192319205 108.734623444
200 165 208.192319205 170.734623444
29 139 37.1923192052 144.734623444
175 74 183.192319205 79.7346234436
140 130 148.192319205 135.734623444
76 84 84.1923192052 89.7346234436
1 97 9.19231920519 102.734623444
120 147 128.192319205 152.734623444
15 44 23.1923192052 49.7346234436
147 161 155.192319205 166.734623444
196 154 204.192319205 159.734623444
180 170 188.192319205 175.734623444
134 36 142.192319205 41.7346234436
99 155 107.192319205 160.734623444
152 67 160.192319205 72.7346234436
149 177 157.192319205 182.734623444
192 90 200.192319205 95.7346234436
122 39 130.192319205 44.7346234436
97 75 105.192319205 80.7346234436
109 79 117.192319205 84.7346234436
194 1 202.192319205 6.73462344363
52 100 60.1923192052 105.734623444
156 80 164.192319205 85.7346234436
130 81 138.192319205 86.7346234436
50 3 58.1923192052 8.73462344363
38 106 46.1923192052 111.734623444
74 101 82.1923192052 106.734623444
80 48 88.1923192052 53.7346234436
44 86 52.1923192052 91.7346234436
172 20 180.192319205 25.7346234436
57 46 65.1923192052 51.7346234436
133 30 141.192319205 35.7346234436
75 27 83.1923192052 32.7346234436
115 94 123.192319205 99.7346234436
160 122 168.192319205 127.734623444
163 7 171.192319205 12.7346234436
64 62 72.1923192052 67.7346234436
123 65 131.192319205 70.7346234436
73 110 81.1923192052 115.734623444
159 63 167.192319205 68.7346234436
151 18 159.192319205 23.7346234436
162 137 170.192319205 142.734623444
30 111 38.1923192052 116.734623444
47 168 55.1923192052 173.734623444
88 133 96.1923192052 138.734623444
187 162 195.192319205 167.734623444
124 113 132.192319205 118.734623444
107 104 115.192319205 109.734623444
91 99 99.1923192052 104.734623444
132 22 140.192319205 27.7346234436
144 141 152.192319205 146.734623444
78 102 86.1923192052 107.734623444
85 121 93.1923192052 126.734623444
197 50 205.192319205 55.7346234436
94 117 102.192319205 122.734623444
40 71 48.1923192052 76.7346234436
59 152 67.1923192052 157.734623444
27 105 35.1923192052 110.734623444
66 125 74.1923192052 130.734623444
96 87 104.192319205 92.7346234436
126 98 134.192319205 103.734623444
37 180 45.1923192052 185.734623444
43 171 51.1923192052 176.734623444
108 2 116.192319205 7.73462344363
69 124 77.1923192052 129.734623444
103 92 111.192319205 97.7346234436
184 120 192.192319205 125.734623444
105 32 113.192319205 37.7346234436
158 69 166.192319205 74.7346234436
67 131 75.1923192052 136.734623444
22 174 30.1923192052 179.734623444
95 78 103.192319205 83.7346234436
117 54 125.192319205 59.7346234436
98 51 106.192319205 56.7346234436
90 28 98.1923192052 33.7346234436
39 76 47.1923192052 81.7346234436
93 45 101.192319205 50.7346234436
54 55 62.1923192052 60.7346234436
161 136 169.192319205 141.734623444
125 59 133.192319205 64.7346234436
87 89 95.1923192052 94.7346234436
20 175 28.1923192052 180.734623444
189 197 197.192319205 202.734623444
84 53 92.1923192052 58.7346234436
48 77 56.1923192052 82.7346234436
195 189 203.192319205 194.734623444
72 73 80.1923192052 78.7346234436
7 57 15.1923192052 62.7346234436
31 15 39.1923192052 20.7346234436
33 47 41.1923192052 52.7346234436
138 158 146.192319205 163.734623444
0 16 8.19231920519 21.7346234436
143 198 151.192319205 203.734623444
170 183 178.192319205 188.734623444
142 191 150.192319205 196.734623444
46 109 54.1923192052 114.734623444
135 184 143.192319205 189.734623444
18 172 26.1923192052 177.734623444
26 138 34.1923192052 143.734623444
28 0 36.1923192052 5.73462344363
111 163 119.192319205 168.734623444
150 132 158.192319205 137.734623444
110 143 118.192319205 148.734623444
55 70 63.1923192052 75.7346234436
19 200 27.1923192052 205.734623444
119 8 127.192319205 13.7346234436
41 129 49.1923192052 134.734623444
131 176 139.192319205 181.734623444
13 166 21.1923192052 171.734623444
34 194 42.1923192052 199.734623444
16 25 24.1923192052 30.7346234436
171 23 179.192319205 28.7346234436
127 190 135.192319205 195.734623444
121 181 129.192319205 186.734623444
128 148 136.192319205 153.734623444
141 14 149.192319205 19.7346234436
116 61 124.192319205 66.7346234436
168 115 176.192319205 120.734623444
178 5 186.192319205 10.7346234436
6 151 14.1923192052 156.734623444
14 12 22.1923192052 17.7346234436
58 85 66.1923192052 90.7346234436
35 13 43.1923192052 18.7346234436
49 108 57.1923192052 113.734623444
169 34 177.192319205 39.7346234436
177 93 185.192319205 98.7346234436
165 49 173.192319205 54.7346234436
112 186 120.192319205 191.734623444
145 119 153.192319205 124.734623444
154 9 162.192319205 14.7346234436
129 96 137.192319205 101.734623444
139 178 147.192319205 183.734623444
45 112 53.1923192052 117.734623444
24 150 32.1923192052 155.734623444
5 31 13.1923192052 36.7346234436
157 128 165.192319205 133.734623444
77 64 85.1923192052 69.7346234436
185 72 193.192319205 77.7346234436
32 118 40.1923192052 123.734623444
146 29 154.192319205 34.7346234436
65 42 73.1923192052 47.7346234436
23 38 31.1923192052 43.7346234436
188 157 196.192319205 162.734623444
83 40 91.1923192052 45.7346234436
174 58 182.192319205 63.7346234436
136 142 144.192319205 147.734623444
176 95 184.192319205 100.734623444
51 116 59.1923192052 121.734623444
4 43 12.1923192052 48.7346234436
12 19 20.1923192052 24.7346234436
3 52 11.1923192052 57.7346234436
53 126 61.1923192052 131.734623444
56 196 64.1923192052 201.734623444
86 123 94.1923192052 128.734623444
153 88 161.192319205 93.7346234436
167 156 175.192319205 161.734623444
62 160 70.1923192052 165.734623444
68 185 76.1923192052 190.734623444
148 11 156.192319205 16.7346234436
106 6 114.192319205 11.7346234436
70 21 78.1923192052 26.7346234436
71 10 79.1923192052 15.7346234436
10 33 18.1923192052 38.7346234436
190 35 198.192319205 40.7346234436
21 37 29.1923192052 42.7346234436
183 167 191.192319205 172.734623444
173 192 181.192319205 197.734623444
36 146 44.1923192052 151.734623444
