31 7 39.1923192052 12.7346234436
69 77 77.1923192052 71.2653765564
80 74 88.1923192052 68.2653765564
26 49 34.1923192052 54.7346234436
18 37 26.1923192052 31.2653765564
97 25 105.192319205 19.2653765564
95 35 103.192319205 29.2653765564
52 50 60.1923192052 44.2653765564
38 43 46.1923192052 48.7346234436
56 99 64.1923192052 104.734623444
14 18 22.1923192052 23.7346234436
70 13 78.1923192052 7.26537655637
87 47 95.1923192052 52.7346234436
17 82 25.1923192052 87.7346234436
2 45 10.1923192052 50.7346234436
72 17 80.1923192052 11.2653765564
5 31 13.1923192052 25.2653765564
62 24 70.1923192052 29.7346234436
67 33 75.1923192052 38.7346234436
82 72 90.1923192052 66.2653765564
81 80 89.1923192052 85.7346234436
49 88 57.1923192052 93.7346234436
54 21 62.1923192052 26.7346234436
10 6 18.1923192052 11.7346234436
98 52 106.192319205 57.7346234436
23 20 31.1923192052 14.2653765564
3 14 11.1923192052 8.26537655637
94 36 102.192319205 41.7346234436
66 64 74.1923192052 69.7346234436
59 38 67.1923192052 32.2653765564
44 62 52.1923192052 56.2653765564
6 90 14.1923192052 84.2653765564
76 59 84.1923192052 64.7346234436
93 0 101.192319205 5.73462344363
43 96 51.1923192052 90.2653765564
61 100 69.1923192052 105.734623444
51 73 59.1923192052 67.2653765564
57 98 65.1923192052 92.2653765564
64 30 72.1923192052 35.7346234436
0 2 8.19231920519 7.73462344363
53 5 61.1923192052 -0.734623443633
22 95 30.1923192052 89.2653765564
55 75 63.1923192052 69.2653765564
79 69 87.1923192052 63.2653765564
30 1 38.1923192052 -4.73462344363
16 10 24.1923192052 4.26537655637
100 8 108.192319205 13.7346234436
46 71 54.1923192052 76.7346234436
1 58 9.19231920519 63.7346234436
39 63 47.1923192052 57.2653765564
42 22 50.1923192052 16.2653765564
4 84 12.1923192052 78.2653765564
58 12 66.1923192052 17.7346234436
33 39 41.1923192052 44.7346234436
47 65 55.1923192052 59.2653765564
35 46 43.1923192052 51.7346234436
89 83 97.1923192052 88.7346234436
77 42 85.1923192052 47.7346234436
36 9 44.1923192052 3.26537655637
68 15 76.1923192052 9.26537655637
37 26 45.1923192052 31.7346234436
92 19 100.192319205 13.2653765564
11 53 19.1923192052 58.7346234436
65 27 73.1923192052 32.7346234436
41 97 49.1923192052 102.734623444
63 51 71.1923192052 56.7346234436
34 85 42.1923192052 90.7346234436
20 55 28.1923192052 60.7346234436
45 11 53.1923192052 5.26537655637
71 66 79.1923192052 71.7346234436
88 28 96.1923192052 22.2653765564
75 54 83.1923192052 48.2653765564
86 67 94.1923192052 61.2653765564
29 48 37.1923192052 53.7346234436
99 70 107.192319205 64.2653765564
91 76 99.1923192052 70.2653765564
78 78 86.1923192052 83.7346234436
83 4 91.1923192052 -1.73462344363
73 94 81.1923192052 99.7346234436
25 40 33.1923192052 34.2653765564
12 81 20.1923192052 86.7346234436
85 3 93.1923192052 8.73462344363
74 60 82.1923192052 65.7346234436
24 86 32.1923192052 80.2653765564
