68 41 76.94427191 50.1052521416
48 8 56.94427191 16.8958971061
12 86 20.94427191 92.6262485651
87 40 95.94427191 51.6884787149
62 23 70.94427191 30.6848894824
18 97 26.94427191 106.15064983
67 7 75.94427191 20.4106722549
55 34 63.94427191 42.199232278
35 24 43.94427191 37.3571082915
90 49 98.94427191 59.4061772902
81 26 89.94427191 38.7006396274
19 95 27.94427191 103.930865049
83 57 91.94427191 66.505379428
21 73 29.94427191 86.1785383111
98 10 106.94427191 18.2328206736
1 44 9.94427191 54.8008105106
86 25 94.94427191 31.9021340922
80 67 88.94427191 71.7531230843
28 48 36.94427191 41.1193259168
71 91 79.94427191 96.4014075905
41 55 49.94427191 63.4172104503
36 82 44.94427191 89.3005234216
0 37 8.94427191 47.7010879015
88 61 96.94427191 72.4927707984
2 27 10.94427191 39.3525699481
6 20 14.94427191 29.1178686857
25 58 33.94427191 50.0465090599
75 47 83.94427191 52.646732858
16 65 24.94427191 57.1739255223
97 46 105.94427191 57.5067675377
58 90 66.94427191 99.1363693558
23 60 31.94427191 71.4927130871
57 39 65.94427191 48.2685150808
44 100 52.94427191 112.587784198
91 72 99.94427191 81.3746131793
100 99 108.94427191 108.418946987
7 66 15.94427191 78.6522423004
96 63 104.94427191 68.7493226954
39 54 47.94427191 64.0894168962
95 83 103.94427191 92.2864884673
5 2 13.94427191 12.6495836946
63 84 71.94427191 95.9083738186
74 88 82.94427191 97.5050336598
73 71 81.94427191 82.4096524359
99 94 107.94427191 98.8199875781
99 98 109 95
11 78 19.94427191 89.9978680635
53 98 61.94427191 108.348948617
34 0 42.94427191 8.77014185904
27 4 35.94427191 -3.9666436563
10 87 18.94427191 100.204050084
56 70 64.94427191 76.0244016472
77 85 85.94427191 94.2990318451
69 19 77.94427191 28.2695954409
89 62 97.94427191 71.644504729
50 79 58.94427191 86.1675415747
24 3 32.94427191 8.35385372852
40 13 48.94427191 17.9801650149
72 93 80.94427191 99.2947044482
45 76 53.94427191 84.4339967123
37 51 45.94427191 45.3248129273
64 12 72.94427191 20.2560162612
78 56 86.94427191 64.2007864994
93 18 101.94427191 25.306078658
30 29 38.94427191 33.6858353917
70 30 78.94427191 39.0523107319
29 74 37.94427191 85.8633645461
49 96 57.94427191 107.806132388
60 31 68.94427191 40.0412914472
65 77 73.94427191 86.4876205177
9 75 17.94427191 81.1700225458
84 28 92.94427191 41.2260139467
59 15 67.94427191 23.0901374021
61 80 69.94427191 91.7791717458
15 1 23.94427191 11.5021485162
22 21 30.94427191 31.6006376989
42 64 50.94427191 74.9935385389
92 16 100.94427191 23.7398284598
38 69 46.94427191 79.8161070868
3 36 11.94427191 40.5346359086
94 43 102.94427191 33.2999294089
13 9 21.94427191 19.900699726
31 53 39.94427191 65.4735478047
79 11 87.94427191 21.7686588706
47 33 55.94427191 38.5696395906
76 81 84.94427191 87.4373903397
52 22 60.94427191 27.3992518839
