43 56 51.1923192052 50.2653765564
32 88 40.1923192052 82.2653765564
12 71 20.1923192052 65.2653765564
98 38 106.192319205 43.7346234436
47 63 55.1923192052 57.2653765564
58 51 66.1923192052 56.7346234436
88 7 96.1923192052 12.7346234436
67 29 75.1923192052 34.7346234436
18 78 26.1923192052 72.2653765564
89 35 97.1923192052 29.2653765564
100 58 108.192319205 63.7346234436
57 13 65.1923192052 7.26537655637
3 24 11.1923192052 29.7346234436
99 34 107.192319205 39.7346234436
54 90 62.1923192052 95.7346234436
75 17 83.1923192052 22.7346234436
40 1 48.1923192052 6.73462344363
49 39 57.1923192052 44.7346234436
7 59 15.1923192052 53.2653765564
76 48 84.1923192052 42.2653765564
83 8 91.1923192052 13.7346234436
37 43 45.1923192052 48.7346234436
11 55 19.1923192052 49.2653765564
19 42 27.1923192052 47.7346234436
93 99 101.192319205 104.734623444
69 52 77.1923192052 57.7346234436
9 25 17.1923192052 19.2653765564
78 89 86.1923192052 94.7346234436
1 31 9.19231920519 36.7346234436
0 81 8.19231920519 86.7346234436
65 98 73.1923192052 103.734623444
84 36 92.1923192052 41.7346234436
52 26 60.1923192052 31.7346234436
36 2 44.1923192052 -3.73462344363
90 87 98.1923192052 81.2653765564
50 3 58.1923192052 8.73462344363
38 53 46.1923192052 58.7346234436
28 28 36.1923192052 33.7346234436
21 41 29.1923192052 46.7346234436
10 93 18.1923192052 87.2653765564
62 21 70.1923192052 15.2653765564
55 96 63.1923192052 101.734623444
72 84 80.1923192052 78.2653765564
68 85 76.1923192052 90.7346234436
73 83 81.1923192052 77.2653765564
22 100 30.1923192052 94.2653765564
34 57 42.1923192052 62.7346234436
94 66 102.192319205 71.7346234436
60 0 68.1923192052 5.73462344363
42 12 50.1923192052 17.7346234436
51 86 59.1923192052 91.7346234436
70 45 78.1923192052 39.2653765564
41 37 49.1923192052 31.2653765564
24 70 32.1923192052 64.2653765564
39 14 47.1923192052 19.7346234436
45 76 53.1923192052 70.2653765564
79 27 87.1923192052 21.2653765564
30 6 38.1923192052 0.265376556367
15 62 23.1923192052 56.2653765564
59 30 67.1923192052 35.7346234436
56 73 64.1923192052 78.7346234436
46 95 54.1923192052 100.734623444
86 46 94.1923192052 51.7346234436
92 33 100.192319205 27.2653765564
23 68 31.1923192052 62.2653765564
63 82 71.1923192052 87.7346234436
16 97 24.1923192052 91.2653765564
91 91 99.1923192052 85.2653765564
97 19 105.192319205 24.7346234436
97 24 105.192319205 19
95 75 103.192319205 80.7346234436
8 54 16.1923192052 48.2653765564
17 10 25.1923192052 4.26537655637
14 23 22.1923192052 17.2653765564
20 65 28.1923192052 59.2653765564
25 60 33.1923192052 54.2653765564
66 47 74.1923192052 41.2653765564
53 94 61.1923192052 99.7346234436
81 92 89.1923192052 97.7346234436
80 61 88.1923192052 66.7346234436
4 15 12.1923192052 20.7346234436
71 80 79.1923192052 74.2653765564
64 72 72.1923192052 66.2653765564
31 74 39.1923192052 79.7346234436
44 77 52.1923192052 71.2653765564
2 49 10.1923192052 43.2653765564
5 11 13.1923192052 5.26537655637
82 67 90.1923192052 72.7346234436
85 64 93.1923192052 58.2653765564
26 18 34.1923192052 23.7346234436
