43 61 51.94427191 70.1101457414
35 92 43.94427191 98.4771235822
59 32 67.94427191 37.538739631
79 84 87.94427191 96.4501621966
30 30 38.94427191 39.0611894364
27 59 35.94427191 66.1651294053
90 29 98.94427191 35.7316394587
77 23 85.94427191 29.1916320735
28 99 36.94427191 111.823731205
84 95 92.94427191 102.382466364
42 0 50.94427191 7.11746789393
5 26 13.94427191 38.8697645647
95 56 103.94427191 62.1872399907
13 76 21.94427191 84.7060008391
44 37 52.94427191 47.3449350664
73 64 81.94427191 75.4103949957
100 60 108.94427191 73.0441427413
15 77 23.94427191 82.4263319766
23 41 31.94427191 49.242946083
40 28 48.94427191 40.2759043649
49 73 57.94427191 80.7340795962
54 71 62.94427191 83.9323464992
32 96 40.94427191 108.381309347
9 34 17.94427191 44.9912219808
71 6 79.94427191 11.8691851215
99 22 107.94427191 34.180631701
82 62 90.94427191 70.1812151162
3 66 11.94427191 78.5032292133
96 11 104.94427191 23.0849249666
24 38 32.94427191 49.5830053332
72 67 80.94427191 77.0073524977
92 90 100.94427191 101.745968756
7 39 15.94427191 46.1537238526
29 74 37.94427191 86.3443887422
74 35 82.94427191 41.7382394153
46 36 54.94427191 41.0509055441
0 9 8.94427191 16.5456993986
66 49 74.94427191 55.4369487682
48 57 56.94427191 67.9817285632
63 45 71.94427191 58.0772099627
98 83 106.94427191 96.1161548272
45 31 53.94427191 39.8515541372
93 3 101.94427191 7.61336009223
52 68 60.94427191 73.1968224589
38 25 46.94427191 33.491835355
85 87 93.94427191 95.1551537195
65 17 73.94427191 27.6663430356
69 19 77.94427191 26.0565563255
4 88 12.94427191 95.658940835
25 78 33.94427191 82.6245578609
57 8 65.94427191 17.5213410979
41 1 49.94427191 11.4862022775
78 21 86.94427191 26.0044125819
50 55 58.94427191 62.5936645059
88 15 96.94427191 26.6780175848
56 54 64.94427191 65.0276632011
18 52 26.94427191 64.8594999337
8 16 16.94427191 25.5401955514
39 80 47.94427191 90.0837644504
68 40 76.94427191 48.0508262836
16 53 24.94427191 63.9955120346
87 89 95.94427191 97.5212622022
76 33 84.94427191 39.4858781317
10 81 18.94427191 88.6946997632
58 12 66.94427191 19.7146622587
97 70 105.94427191 75.8816943776
55 51 63.94427191 61.6521802601
17 13 25.94427191 25.9170911767
37 5 45.94427191 14.929737914
89 24 97.94427191 34.3482397088
94 82 102.94427191 91.5914324204
20 94 28.94427191 105.771639344
22 20 30.94427191 28.2744011066
19 7 27.94427191 14.6075122295
33 93 41.94427191 105.277496449
12 69 20.94427191 76.7232214653
80 14 88.94427191 21.375780185
14 18 22.94427191 31.0352975291
91 86 99.94427191 91.9202134027
83 85 91.94427191 93.116994163
2 42 10.94427191 47.3618378801
26 44 34.94427191 52.6058712375
64 97 72.94427191 108.279879044
36 58 44.94427191 66.1828934117
31 98 39.94427191 109.482312188
21 79 29.94427191 87.7820254749
60 27 68.94427191 32.741833467
86 100 94.94427191 113.354877696
75 10 83.94427191 18.7897729067
1 72 9.94427191 79.2951492314
11 47 19.94427191 52.7871975318
34 50 42.94427191 58.6764050415
