92.2245346308 79.3239258739 223.287142834 175.268414108
27.0639348692 67.3220339675 67.4568901274 96.8917295018
9.84808339698 75.5463470329 28.8387965606 89.4485139488
1.02176870086 87.7028791909 14.0127546462 97.2129409489
25.1736789352 15.4296270099 63.0432698433 43.1520916328
36.7497099103 86.7576389275 90.3011809476 125.96003657
45.5697844591 53.9823133865 111.295640897 102.096979699
15.3273969808 17.7061996201 40.5570598738 36.1755947265
47.9705069105 8.80801654472 117.028574939 59.3620310436
44.7008982699 29.3867354917 109.222354434 76.6197196101
36.7685837947 5.14412591279 90.3459596338 44.3654871863
10.0686367737 68.2975329836 29.289265958 82.3680101082
68.4077573899 49.5009138637 166.008578265 120.949673647
92.4896353855 89.203858108 223.925334496 185.421467842
65.6192898034 9.93845107672 159.31272651 78.5268071221
52.5843449835 8.07672597065 128.062185228 63.3303399077
40.4424849977 99.800967203 99.0758106653 142.723540634
97.6228061632 59.6421139352 236.284633137 161.14961641
90.4646457939 52.4264132357 219.050733574 146.557962692
69.2345798308 97.3167011209 167.994550375 169.614017356
32.8064960636 95.7166870084 80.964673575 130.970919767
46.6150553921 61.9080624924 113.790977207 111.084250335
81.5508226907 16.2432680844 197.601462742 101.198232903
6.48693218089 45.5206376126 22.3248067704 57.1147665029
91.1994109901 26.8967844405 220.819404908 121.785205721
43.4715185703 45.139712686 106.290492988 91.1263936662
91.9924225334 90.1335880958 222.728375127 185.838947826
78.9840909874 7.6171097545 191.428081274 89.9318236983
49.3968995279 0.16748144434 120.4376277 52.1729039036
99.3268951392 50.9568631264 240.388377796 154.221035483
68.6552815525 77.3789756927 166.603089406 149.081747574
37.7313645859 94.6221872786 92.6311773388 134.811639563
22.0285234029 15.8898965461 55.7507620578 40.576288601
79.6876832835 75.1576102723 193.120180512 158.195961522
56.9152469759 3.92985331459 138.434375835 63.6059974633
84.4376939967 5.38963958554 204.546503117 93.3153903498
54.7618101782 93.8410764297 133.275435755 151.317039472
93.4208809444 41.6517676141 226.167254477 138.828857618
75.1745691312 63.9144873465 182.268496977 142.312683758
64.615868948 12.5330406699 156.903997833 80.0926399889
7.27261908671 60.7707418681 23.7789715013 72.8542304904
95.1052592865 53.0501757433 230.222609694 151.962941284
12.1381168002 1.77667784615 33.6170705035 17.5003632596
46.109263002 25.1117215445 112.583362939 73.7741401145
92.8445667108 33.3306447312 224.779796383 129.913936217
81.4836570094 64.0243147426 197.439900535 148.910176508
73.3142361951 66.171775442 177.796924479 142.658411822
80.9941828291 89.5732036391 196.262534937 173.955493936
12.1568018045 83.7337107616 33.6568797927 99.472860225
35.744465893 10.3745467372 87.91736477 48.5677595158
47.2876591324 56.698004406 115.397299461 106.557721641
77.9944235521 12.0070574881 189.048184874 93.3040531951
54.5190795162 5.30361775414 132.694125124 62.5317230571
5.1154947792 10.8632149944 19.9146253938 21.6969305185
14.8547368601 16.0287606984 39.5124761652 34.0794786802
2.08959205821 32.1440801476 15.3338543334 41.8395530475
81.2011285919 21.9154923247 196.760309372 106.510683986
96.5966824746 40.1466642838 233.81372159 140.596508639
26.6675718923 86.7805488636 66.5297905278 115.961718224
86.0461763245 53.8859448092 208.416788047 143.467449996
89.4582973697 12.1767113197 216.628465372 105.27173556
65.0477426601 23.2011386709 157.940666737 91.2034787992
97.4189171024 1.93548313349 235.793656532 103.232822939
8.60212613406 75.4198843627 26.3410900646 88.4057072411
86.6481085237 40.7015041837 209.865262828 130.902721551
89.8500057974 34.5179478429 217.571283496 128.016412381
93.4470768157 85.26572738 226.230321331 182.469808816
17.1887106662 21.8408492232 44.7129044239 41.989957503
25.4078296961 2.99312702308 63.588889307 30.9436025615
30.1922372779 13.7256049653 74.7996366301 46.3804877039
59.9228825419 49.3433846055 145.644416578 112.09590286
73.7558612258 7.54701186947 178.858343706 84.4873690922
86.9441971104 27.5238735345 210.577786865 118.02994281
86.9353281308 93.5017530911 210.556443834 183.998690727
41.7677666916 78.5045186355 102.230733556 122.766482383
53.4250882226 43.2582969358 130.07466615 99.3696823904
20.245176139 19.6546216781 51.6523728791 42.6462854288
88.8692384226 21.3755450711 215.210683598 113.863902095
19.6743927127 15.8498380911 50.347526731 38.3041306331
79.9975715913 77.4814697822 193.865480215 160.838564295
2.91208435798 73.7069325201 16.4634003048 83.6271843084
15.4184377741 20.7022568306 40.7588035975 39.2526921066
82.9483441235 51.4774853055 200.963314695 137.870439868
31.2818570194 31.1818968618 77.3664189729 64.9181376761
83.95401606 93.7373228942 203.382786959 181.165251129
79.3710521628 20.9263406559 192.358686602 103.639029741
31.5813479257 12.1684335095 78.07264568 46.2024255956
84.3363734078 82.8777650932 204.302724742 170.69922952
50.840315246 0.603344753331 123.88929198 54.0789071952
44.125451206 93.3420115097 107.849768241 139.991449284
51.1677351939 65.0377327632 124.672510161 118.84696267
8.58735368806 93.1981459608 26.311996985 106.173485408
51.3181893577 12.0984490057 125.03244043 66.0610260645
93.3974002977 21.5462751869 226.11072464 118.699171504
10.6629824119 72.5218441698 30.514332016 87.0540406874
85.0167439137 27.8732606402 205.939740836 116.395038243
94.8652342295 39.3074916788 229.64469492 137.972904779
54.4793500464 1.70586195811 132.598981742 58.8934014614
29.9006266171 16.1820341643 74.1134374017 48.5480580231
2.27005797579 69.19339765 15.5735920815 78.9322605414
18.9097666313 47.7800360175 48.6054942933 69.5188174467
93.3334344468 18.9418233573 225.956726762 116.028811656
3.56733330402 32.5623259345 17.4284092752 42.7093377989
49.9927118834 8.92635902368 121.862178113 61.5384598479
62.2132088199 52.6116376214 151.138145686 117.709209506
97.0053154025 86.7831336271 234.79769591 187.654157114
30.5331304696 89.2738383463 75.6022086254 122.266693426
16.5338211991 65.3615055168 43.2435980639 84.9144192521
50.3035221843 35.8222849337 122.605433512 88.7509575407
91.1439684118 21.512725507 220.685944809 116.344033999
31.3924977393 43.1709212776 77.6272846632 77.017134403
87.5210795831 65.8139739997 211.966073199 156.914032128
49.5756776196 60.8144560817 120.865040895 113.001892069
80.100449738 75.8449084918 194.112913047 159.307824379
94.3659380049 91.6666506935 228.442551194 189.817543713
36.9002634916 1.86369517266 90.6583938978 41.2173779731
6.40351921002 82.1287595367 22.1733578212 93.673082634
87.7341154706 95.4433526492 212.478765569 186.762774547
38.4312341921 96.4777650067 94.293540055 137.37181115
85.7491995406 7.72936433577 207.702174646 97.0051382995
3.97123945445 55.3884995608 18.0502727624 65.6950672697
59.7456946891 55.1373431951 145.219513845 117.708521571
29.8750869376 21.2492875846 74.0533545851 53.590024112
24.0072666972 83.4127067033 60.3304741796 110.00314009
27.0914190983 20.4321898633 67.5212060232 50.0288480489
33.7103149516 29.9556633167 83.1010869798 66.1122178877
67.9069162103 68.7862010599 164.805709968 139.721041324
35.1218298802 40.9251773872 86.4420360523 78.4941757822
31.1413967752 49.2901971905 77.0353057337 82.8868703259
38.9007921465 34.4274142044 95.4093839935 75.7945745249
70.4610061346 94.9163438729 170.940777553 168.472641727
1.02211643575 21.4760085973 14.0131570905 30.9861104053
39.3778709343 22.1053679622 96.5435173656 63.9535256221
9.30272452504 30.9624862494 27.735278891 44.4560525665
75.7704136666 37.0292262902 183.70089531 116.039822585
36.2838162912 56.7873894377 89.1960865372 95.5218596244
43.0868724261 38.9289203295 105.373587255 84.5259602478
40.9403757032 18.8424390994 100.26074673 62.2679646401
37.5647432716 12.1411219512 92.2355541985 52.1629332642
13.74870439 1.17031418485 37.0881867767 18.2560011244
39.5308073162 0.0470463427969 96.9071713298 42.0494599791
80.5488209794 0.00183339013832 195.19132102 83.9259681762
0.378360926371 55.5062696677 13.2998162336 64.9654314659
22.0764148067 64.4484212069 55.8612320284 89.1806239522
95.7296270903 4.11556007693 231.72595314 103.671780447
74.8321422211 92.4394981996 181.445352998 170.485785292
85.4548900999 50.0747921835 206.993995647 139.047592603
75.581488146 85.4278537701 183.246711844 164.244267772
39.6597383813 18.7289022033 97.2137772512 60.8613828616
48.758668156 52.6548376991 118.912022559 104.010657474
65.0145144137 77.869514305 157.860902939 145.837788045
37.5209572655 13.0599676311 92.1315987332 53.0377318429
53.5796208402 52.8300441312 130.444627391 109.099134283
24.4321447506 82.393962826 61.3176037758 109.395992909
65.5920082803 91.4332153867 159.247231273 159.993597052
30.5292611957 12.1300286716 75.5930967136 45.1190458741
72.8502785866 51.68513342 176.681891661 127.695149667
54.9222685482 57.3965925052 133.659736492 115.036419534
76.4957979239 46.6741013323 185.44483139 126.430329312
37.8983913869 91.0422700702 93.0278193968 131.399812389
81.4834889428 92.0426088703 197.439496264 176.928297722
33.6407283089 92.0319423171 82.9365181451 128.118965098
18.2775976333 46.6686054772 47.1708294318 67.819919161
35.4994291223 51.0412227341 87.3366419071 88.9886962377
61.6582346937 78.7883090046 149.806708897 143.317470769
77.6016023081 5.8392065824 188.103616113 86.7322950736
74.3626282276 84.9489188983 180.316762867 162.512728772
23.7464821757 48.8111936098 59.7252053982 75.1494470156
79.178568645 22.5725622489 191.89577744 105.087286023
89.1595239613 44.8599204912 215.909352834 137.647235131
76.0400179245 32.882155759 184.349049613 112.16986992
23.2480207096 66.9098871362 58.5696660152 92.7671261221
79.3816561767 58.7926949145 192.38418875 141.516290191
70.0862186756 62.5207263046 170.040377117 135.692248755
84.2993347493 48.8745593373 204.213609845 136.657901311
18.1120263099 11.4473771934 46.7959710766 32.4454821365
93.1205814869 81.3803883245 225.444287172 178.248063989
39.4565491225 99.9371646551 96.7305941218 141.864675574
53.9281089948 4.96983247873 131.278995045 61.5946111115
63.2453847488 18.4244925202 153.614821382 84.5795116258
34.3995963757 42.0971980863 84.7319135774 78.9430115623
69.0745507542 75.2133615975 167.610152529 147.346428493
24.4355870276 45.4313992313 61.3256062745 72.4367676281
35.0634506345 45.8601381715 86.3037554157 83.3706446887
81.7243674733 75.2311568655 198.018916662 160.364675565
81.3937271685 10.8216731557 197.223582292 95.6150121896
0.448068227411 94.0568748089 13.3739810984 103.51929977
13.5005064403 98.564838933 36.5483922776 115.437062383
21.172399875 23.110571489 53.7794347941 46.980577748
21.3370684406 91.3099801096 54.1580780617 115.336626722
21.2370684406 91.3099801096 55.1580780617 115.336626722
54.0790582137 92.0754864162 131.640432414 148.854353069
34.3862369816 79.5707982756 84.7002934746 116.403243985
35.8583728471 30.3202700656 88.1873657646 68.6277516127
24.7731704474 72.5828330706 62.1107874216 99.9158657453
34.373369928 58.9887997589 84.6698391251 95.8083706742
89.3094864403 32.2783470787 216.270293108 125.220108184
6.47906568659 91.7773656826 22.3104989009 103.366779159
66.2398521399 53.9356481797 160.802602292 123.160385835
97.8038395413 86.9817095474 236.720576299 188.675818935
72.7467993624 33.7235904455 176.433207962 109.627309639
