59.8637840025 6.73891223876 144.528562075 51.7848758212
16.0929380817 23.2165104819 38.8689054159 35.3344823051
16.9129544402 30.7531783653 40.8477707462 43.4877167203
47.1668471642 25.5889253659 113.87668391 61.0819479079
38.5398475141 51.2560134946 93.0505718591 80.258488427
18.2953991021 11.36500795 44.1840574764 25.1390895561
19.0362231823 15.7157942813 45.9719793793 30.04698513
32.8492347794 41.4674642816 79.3134557133 66.1887905725
23.145783841 32.4291073732 55.890768114 49.8511027136
38.9132983713 27.1022887467 93.9520933807 56.3857241028
10.7970026241 27.1966927581 26.0917699363 35.3342860647
31.4329575775 13.2412721956 75.8946379319 36.8971451532
5.454418699 47.3873582686 13.2184860928 51.5182365988
17.6201052567 20.2414429449 42.5543306171 33.5077176947
4.63934450963 3.706383468 11.2594963783 7.22864061883
3.26209859211 30.8695585146 7.95911362893 33.3686091601
2.06453809795 28.6246906257 5.11478578012 30.2475773696
17.8959807905 1.88088071358 43.2201122212 15.3546053032
24.8472936122 28.6429045451 59.9977612551 47.3447392561
27.0786720598 57.6662309859 65.3838719269 78.0465435258
10.182378232 59.9801124107 24.6094717967 67.6560591988
47.9982724841 28.9180833722 115.88382101 65.0366443171
17.7872060737 54.2174234203 42.9576008982 67.6093523243
58.3076021971 35.8154493152 140.771729693 79.6905549806
56.9885653538 44.2652090326 137.58740243 87.1478854226
27.711776187 30.0548457794 66.9120881077 50.9114034107
52.0188462395 52.0154762015 125.589901037 91.1590153518
30.8392058191 15.3776616692 74.4613631124 38.5868657037
8.70211686742 2.87425557278 21.04039275 9.43884522545
10.7151275013 41.147960935 25.8943004216 49.224052152
55.7867970902 58.4352019875 134.68618134 100.413683128
8.15807590505 0.683604088673 19.7290646593 6.83995800475
50.6140544885 31.853859546 122.198580745 69.940464581
40.1005717369 41.7406139791 96.8182152269 71.9172820258
21.6299038011 40.4530095748 52.2319438097 56.7348496878
6.16721848087 2.93182096241 14.933548579 7.59595397428
53.4920554445 10.2041877752 129.146396808 50.4561412264
17.3878346243 56.9664562983 41.9937884088 70.058073891
46.844721752 25.4722764834 113.099044538 60.7229424553
30.0402904448 43.3403371731 72.5328483322 65.9485369311
55.2061534896 58.9168083387 133.28443563 100.458421439
41.8166912103 0.725654934605 100.961012183 32.1934386969
51.5411961505 38.4889010174 124.436800799 77.2730663702
19.0122786001 28.1339088877 45.9141902598 42.447092723
46.7837606412 30.5695221941 112.951879061 65.7743230634
58.5555253804 33.1594594057 141.370249198 77.221100127
14.7374309477 41.4752959743 35.5979946431 52.5741757437
32.7309088075 59.6366494733 79.0278218638 84.2689594728
13.4427313584 48.5584646804 32.4741114595 58.6841258406
46.6194061723 50.4635041507 112.555113035 85.5446502633
1.19033611045 45.3026052814 3.09117169474 46.3139463899
2.54527038186 57.3715305421 6.25150545811 59.3434359091
31.684632663 35.4057228317 76.5021657252 59.25092751
54.9546161618 52.2497587459 132.677193646 93.6021188963
48.6391720523 30.470412274 117.431013804 67.071167262
38.1722302073 16.353644434 92.1631340135 45.0795484287
37.9996930766 37.5333234439 91.7466253021 66.129422162
45.3752523422 59.5869977012 109.551622028 93.732087047
44.3387057173 26.9514830545 107.049319055 60.316715551
7.42845333671 1.86146535013 17.9709015229 7.47058342588
56.9957393566 46.550507719 137.604721396 89.4385817451
28.9159915842 35.0169591288 69.8189073042 56.7793884872
30.6086627682 53.6505053698 73.90485023 76.6862768921
25.901276938 44.3134076689 62.5418510307 63.8080547205
32.4113922603 28.2191229202 78.2565236519 52.6110621199
50.6509615718 59.1990453508 122.287678359 97.3134184001
12.450777454 32.3615603116 30.0809531259 41.741709523
50.8091414127 27.2230815551 122.669541342 65.4564654007
37.4914524282 25.2742913831 90.5197221167 53.4880251177
34.676014181 30.4525234549 83.7232495238 56.5481446492
34.1672445558 22.1462985367 82.4950892924 47.8591673777
38.9605977985 13.9242899578 94.0662757041 43.2433104129
13.0368777971 3.35867062205 31.4949313564 13.1792929324
2.74092818962 43.5770095574 6.71644708507 45.6921875979
36.8635994885 28.6118246781 89.0040761867 56.3532074349
31.3764314977 17.2934546501 75.7581876918 40.9068038936
56.9845378682 55.902433936 137.577679561 98.7820800929
47.9031806571 35.1801628489 115.654260427 71.2271795831
5.10158801155 11.7087714596 12.3701350662 15.576007793
9.46984679525 36.9552103492 22.8912987457 44.096104704
48.9393151165 30.3355073255 118.155588521 67.1620815169
4.12081385686 53.174992368 10.015013505 56.3110060533
15.5593496371 47.0860616678 37.5812954654 58.8028557395
31.6681638007 33.2120544499 76.4624108958 57.0448698106
19.7168618723 26.6192116928 47.6146872355 41.4622722187
5.16493638516 2.23694105182 12.5224163568 6.15149421555
14.9639211209 35.3448981273 36.1445076668 46.614046313
9.34396121817 5.14999373182 22.5877748041 12.1963754512
9.78363116925 47.8573944219 23.6479109384 55.2338956755
32.548915129 3.57084293296 78.588497316 28.0662398355
