25.5213535886 4.7700189212 61.6214104308 38.4171060698
1.02509053767 11.6192445259 2.6488969418 13.1327145969
6.6424095192 11.7735270437 16.0646350768 20.5555199879
12.5823529893 17.1758047383 30.3915174703 33.7748508826
23.8245444096 17.3771907103 57.5254785016 48.7881735611
12.7380955329 4.60629744087 30.7673296162 21.4104596358
18.9192391141 10.1592715763 45.6850819614 35.106397029
19.7270832668 17.5999782652 47.6349809743 43.611556873
14.2063372191 29.3732770106 34.3104452665 48.1113271603
28.3769608082 28.8975363641 68.5147103147 66.3079582229
12.5099031994 2.54843942549 30.216695177 19.0520691952
7.62476645748 9.25866993378 18.4325994077 19.3321193678
1.27909158686 19.8485052966 3.23031596976 21.6671455593
24.8467218526 21.2747974552 59.9929065625 54.0328273121
3.33835639631 12.0214518875 8.11584243761 16.4743116125
11.9248195173 15.7578814958 28.8049192522 31.4909920928
3.85210876371 26.5078841938 9.34870861017 31.630994522
26.3412111507 23.3438928394 63.600491012 58.0714347397
10.3152846806 18.030371794 24.9216299489 31.6442277033
8.65155169543 0.000528676358997 20.9085423332 11.424666704
13.1027376357 25.1009366403 31.6472406787 42.3853556856
0.361537192437 17.0254360872 1.25403049791 17.8572851937
8.40698697136 26.0741807463 20.3187452753 37.1765446982
20.5217501416 25.2660548962 49.5531053247 52.3247529519
8.3225548264 27.260712322 20.1151357014 38.251996855
16.8929815173 23.1342298751 40.7944621221 45.4116241852
24.7308103416 5.04638051262 59.7131070977 37.6516584698
3.14345505338 29.596323399 7.6487569703 33.7954936909
25.2917702698 4.65784498104 61.0672145406 38.0023767202
16.3955777221 3.6169319949 39.5939626593 25.23900542
12.8890651468 5.38329118717 31.1316287477 22.3862873314
17.4937496867 29.4809883327 42.2444604284 52.549908278
6.33499475592 7.77986404463 15.3238458022 16.1579299253
10.8024581748 26.0922125148 26.096945131 40.3474514403
2.24635933529 14.7134022375 5.50632659643 17.7518573573
15.6454819281 2.64730547383 37.7836240259 23.2811787037
1.28846123208 19.7508735203 3.25197611882 21.580969157
27.4400855831 11.7549060716 66.2531210175 47.9306271092
21.5666616648 19.7130867474 52.0752984213 48.1486862873
2.1895324538 23.5788384357 5.37123494613 26.5443468145
20.0413304756 23.2694783448 48.3934905428 49.695132044
6.88833489257 6.36083004641 16.6573389975 15.4660382157
7.30960442842 17.5758980358 17.6727969779 27.2349200249
28.7172804659 25.9581041569 69.3362356559 63.8170341618
1.22896308524 26.0390333363 3.11465302451 27.7965921678
7.21130161393 24.4659498954 17.4358244855 33.9957246993
14.0737704577 19.8417985914 33.9905261124 38.405226792
23.8480818282 20.0940002255 57.5822950217 51.5360008897
1.37685346112 28.8790763627 3.45689599052 30.8177816829
25.6587847177 13.8892846537 61.9531588327 47.7174853734
7.29998688763 15.3069770916 17.6496121531 24.9533536828
26.1411415925 1.94378682306 63.117535326 36.4076644793
2.67734920699 3.52906634075 6.53371064877 7.1233911385
8.0089193386 8.09227582873 19.3588402177 18.6709787548
26.0272437992 1.21296615917 62.8425933913 35.5267424932
14.6763276662 20.4924983004 35.4446765064 39.8496546177
13.6681602315 19.0384108599 33.0116949201 37.0675679959
13.9715904794 0.525293808511 33.743940038 18.9541281907
16.048612595 27.2057963365 38.7565640319 48.3707608214
17.4049390308 26.6685917832 42.0301076871 49.6205001264
5.68835456821 14.3225003227 13.766094438 21.8513642952
18.430445684 25.8339471324 44.5052952951 50.1370317809
22.8796668177 4.46180059742 55.2446700371 34.627627999
25.5405176625 23.8506711137 61.6676710371 57.5230136073
10.015124491 8.51716862792 24.1975277838 21.7358890764
21.0063843273 21.0463525818 50.7229031516 48.7436579629
11.2094457544 14.4218567454 27.0788652227 29.2129619834
5.26952780531 0.86113288049 12.7575831336 7.84038089954
6.12132079395 11.7844410318 14.8090283478 19.8818258771
10.4577283879 2.99974399425 25.265270118 16.8011252283
6.97173005685 15.372652058 16.858345554 24.5874800205
13.5657492217 8.80682891578 32.7645572552 26.7010934561
23.8276943898 26.3122818934 57.533082177 57.7274158144
14.7939594372 3.79768832142 35.7285623157 23.3098018495
18.7241596016 1.43714593738 45.2142224854 26.1272304522
15.4379400534 19.2547227603 37.2827360517 39.6151825211
29.3947740641 27.1701895905 70.9716980794 65.9219952131
14.8903062266 15.2405129629 35.9610813679 34.8795459586
26.2511854454 10.2304228531 63.3831743579 44.8393231216
16.073103464 3.88617020679 38.8156722712 25.0833998395
27.2421151975 26.8221600342 65.7752283196 62.7369792545
2.43304062848 4.96644813384 5.95078129785 8.24516116706
1.28112280486 23.245727514 3.23501054461 25.0668501606
3.81146739945 7.6827308823 9.2511083335 12.7527526101
27.1330605759 3.12817406551 65.5119750792 38.8992723384
11.3899406805 7.89360423252 27.5143514737 22.9223743409
3.75078119542 28.6566272125 9.10539090753 33.6473955212
21.1366857352 23.3544778484 51.0374230799 51.2234842503
23.2565539702 24.8019312958 56.1544221557 55.4644159196
19.5561804894 19.0929374956 47.222468941 44.8793240013
