1.14656468108 5.83663196946 2.84339146531 8.77562217213
17.8621991365 4.60906709772 43.128111271 48.3709106251
4.15405420809 19.5293049832 10.0500132248 29.7414055621
17.4351607459 6.31054497787 42.0972705597 49.0265722079
22.2253838186 17.1473600553 53.6607997021 71.5950975361
27.0652558631 5.96745215243 65.344573384 72.2691749943
26.3580281524 8.65196791021 63.6372622669 73.2214954798
14.8142953614 19.6761841217 35.7708383519 55.9739813413
21.1565506888 23.3156903609 51.0806091385 75.1456799773
9.54818325225 26.5541535175 23.0606074181 49.958358712
2.61741678761 22.0499008826 6.3526197647 28.5194622171
6.14346206235 11.0312014116 14.8460049219 26.1044478032
20.7642517222 27.361923732 50.1335945676 78.2311177378
21.5555112449 3.18178884175 52.0437078143 55.9888943442
8.8324879888 18.7872948964 21.3335154724 40.4397096501
8.15465917021 26.5834800235 19.697922676 46.5769989057
18.8253186261 0.72564863053 45.4530343138 46.8462051027
25.9503000235 20.1813543959 62.6529721689 83.7522473412
10.1168987994 27.7370550554 24.4330883286 52.5334226969
10.4662329069 0.0908866761179 25.2761641195 25.7424399994
22.438648947 16.3985629418 54.1756294764 71.3686257114
18.1940769527 9.78291120151 43.9292449592 54.3575297412
9.55157169439 18.3315403768 23.0687845604 41.7440398433
12.2237637592 16.9286077868 29.518005601 46.8831133426
6.05884628154 5.28438437159 14.6419247809 20.1507124216
19.6967122511 14.9146604045 47.5565569563 63.1693269371
8.68936224655 26.2006663249 20.9881439953 47.5027811903
1.65076993743 6.38606579838 4.03825454944 10.5213104497
1.36653260127 17.7757294509 3.36273467034 21.2332528576
28.7659150986 9.01871883122 69.4501349255 79.4858546552
